%Vec Object:sol 1 MPI processes
%  type: mpi
sol = [
0.0000000000000000e+00
-7.5348369886524026e+01
-3.5223527149658331e+01
-1.6885129085612746e+01
-9.4505318604068940e+00
-5.9533273978759702e+00
-4.0689081989681979e+00
-2.9480083258499219e+00
-2.2301157297147389e+00
-1.7444149792680232e+00
-1.4008149920823612e+00
-1.1488843510636544e+00
-9.5904986573727291e-01
-8.1254023561244204e-01
-6.9696296762177279e-01
-6.0426553564479257e-01
-5.2887271104118261e-01
-4.6672249854091669e-01
-4.1483886413648519e-01
-3.7114166433580814e-01
-3.3400106167754962e-01
-3.0211625909867962e-01
-2.7458339516805164e-01
-2.5064453502654466e-01
-2.2967631113090820e-01
-2.1122157896214647e-01
-1.9490898480204211e-01
-1.8040965573850679e-01
-1.6745513872775153e-01
-1.5585152304825747e-01
-1.4541604110032125e-01
-1.3597860720430241e-01
-1.2743474996043636e-01
-1.1967590605428984e-01
-1.1259358202351318e-01
-1.0612303278584492e-01
-1.0019844666753316e-01
-9.4751195267571239e-02
-8.9734813846523306e-02
-8.5109822799103285e-02
-8.0831735439251054e-02
-7.6865121577406881e-02
-7.3186375181217886e-02
-6.9766153388954033e-02
-6.6576160761820116e-02
-6.3602599227297815e-02
-6.0825894128168287e-02
-5.8222675943397445e-02
-5.5785308970992091e-02
-5.3500181130216012e-02
-5.1348966610263558e-02
-4.9326500374792907e-02
-4.7423264039591823e-02
-4.5625828137646061e-02
-4.3929388523385238e-02
-4.2327655636708462e-02
-4.0810666415833800e-02
-3.9373937257881048e-02
-3.8013388674542806e-02
-3.6721543883673553e-02
-3.5494234685801290e-02
-3.4328899564637097e-02
-3.3219863398972184e-02
-3.2163279764837231e-02
-3.1157628850399844e-02
-3.0198551930986275e-02
-2.9282531539479316e-02
-2.8408757652178873e-02
-2.7573838730861475e-02
-2.6774590732801088e-02
-2.6010680080865350e-02
-2.5279428602994439e-02
-2.4577985650387116e-02
-2.3906328753309496e-02
-2.3262306730341086e-02
-2.2643412469793785e-02
-2.2049776727934532e-02
-2.1479606311038124e-02
-2.0930730418228603e-02
-2.0403450060639094e-02
-1.9896304732748921e-02
-1.9407402835398917e-02
-1.8937077276813111e-02
-1.8484060073695782e-02
-1.8046756820545910e-02
-1.7625509920194897e-02
-1.7219202216167170e-02
-1.6826522306133958e-02
-1.6447792762304531e-02
-1.6082003325133147e-02
-1.5728110693740468e-02
-1.5386397414529462e-02
-1.5055926837518462e-02
-1.4735908559664829e-02
-1.4426571628681009e-02
-1.4127027871752195e-02
-1.3836724700025088e-02
-1.3555828876158785e-02
-1.3283481651222822e-02
-1.3019353376493457e-02
-1.3022614031238083e-02
-1.3292895731110936e-02
-1.3571680076990122e-02
-1.3859687795832687e-02
-1.4156660751580358e-02
-1.4463375290223322e-02
-1.4780529728930672e-02
-1.5107790617946872e-02
-1.5446247795572281e-02
-1.5796572057285720e-02
-1.6158342884784668e-02
-1.6533024914708552e-02
-1.6921131599565511e-02
-1.7322519613746399e-02
-1.7738724152013843e-02
-1.8170173370947850e-02
-1.8617139834139873e-02
-1.9081164060642895e-02
-1.9562605716608394e-02
-2.0062238273167228e-02
-2.0581613297404305e-02
-2.1121018261317234e-02
-2.1681829933327679e-02
-2.2265621547938440e-02
-2.2872607717827630e-02
-2.3504894140915396e-02
-2.4164019227418367e-02
-2.4850349716025438e-02
-2.5566654905793934e-02
-2.6314307134903257e-02
-2.7094532366529683e-02
-2.7910262668772792e-02
-2.8762916919621080e-02
-2.9654785701011925e-02
-3.0589028280519837e-02
-3.1567160044202430e-02
-3.2592798889776717e-02
-3.3669379404587890e-02
-3.4798730873022328e-02
-3.5986002277832434e-02
-3.7234660935453946e-02
-3.8548253727773103e-02
-3.9932632003398638e-02
-4.1391820414424726e-02
-4.2931595170633219e-02
-4.4558796611796486e-02
-4.6278285757502459e-02
-4.8098769655076770e-02
-5.0028091774128682e-02
-5.2073619060558241e-02
-5.4246731549970083e-02
-5.6556939204930212e-02
-5.9015980110152209e-02
-6.1638118555661703e-02
-6.4435712211740867e-02
-6.7426598323316350e-02
-7.0628798366419485e-02
-7.4060620747248590e-02
-7.7747026167578726e-02
-8.1711869257562478e-02
-8.5983978085741181e-02
-9.0597413740578669e-02
-9.5585855421653057e-02
-1.0099405056082242e-01
-1.0686936597516385e-01
-1.1326487789188634e-01
-1.2024685269077305e-01
-1.2788551748015684e-01
-1.3626709783083960e-01
-1.4549202965689442e-01
-1.5567156385568406e-01
-1.6694720889672390e-01
-1.7947802438734767e-01
-1.9345069371245244e-01
-2.0909869798619687e-01
-2.2669732261838019e-01
-2.4658992882243538e-01
-2.6918869674804513e-01
-2.9500095873226878e-01
-3.2467032042661997e-01
-3.5899084735177506e-01
-3.9898936230407878e-01
-4.4598306163643819e-01
-5.0168234560034597e-01
-5.6837830769375164e-01
-6.4904954593090092e-01
-7.4793697158199512e-01
-8.7095262045576460e-01
-1.0265282438889247e+00
-1.2270619861609882e+00
-1.4911497297887915e+00
-1.8487520574683298e+00
-2.3477534369401627e+00
-3.0712939584530567e+00
-4.1673256280433284e+00
-5.9105120948476584e+00
-8.7854096014623266e+00
-1.3181752155954609e+01
-1.6361335536452284e+01
0.0000000000000000e+00
1.3464638167935297e-01
0.0000000000000000e+00
0.0000000000000000e+00
];
