%Vec Object:sol 1 MPI processes
%  type: mpi
sol = [
0.0000000000000000e+00
-4.0616707657329826e+01
-2.4075053889393839e+01
-1.2979060118671658e+01
-7.6251156644351727e+00
-4.9199824753557033e+00
-3.4101358622595668e+00
-2.4936431672342940e+00
-1.8990957731509210e+00
-1.4928024139939882e+00
-1.2035302700139403e+00
-9.9045624317472547e-01
-8.2921029992332429e-01
-7.0423044048916150e-01
-6.0542328018280145e-01
-5.2600630318216679e-01
-4.6127619633623385e-01
-4.0781516183190664e-01
-3.6310999595611182e-01
-3.2540151013052548e-01
-2.9330675168476555e-01
-2.6571835744969957e-01
-2.4186729228704568e-01
-2.2111165382638120e-01
-2.0290816313703952e-01
-1.8687078456680620e-01
-1.7268162443223448e-01
-1.6005828333157887e-01
-1.4876998139499809e-01
-1.3865044320262518e-01
-1.2954234007627510e-01
-1.2129872698571155e-01
-1.1383003547606717e-01
-1.0704261511825382e-01
-1.0084240229309206e-01
-9.5173784996522570e-02
-8.9979934141627013e-02
-8.5201230116713253e-02
-8.0797557281845747e-02
-7.6734861763419496e-02
-7.2974443444882978e-02
-6.9485533998980109e-02
-6.6247843083474506e-02
-6.3235827494192764e-02
-6.0424762762798852e-02
-5.7802880780342444e-02
-5.5353146108820202e-02
-5.3055009782145487e-02
-5.0902068681114694e-02
-4.8882476321952847e-02
-4.6980049901638621e-02
-4.5190490770204934e-02
-4.3505521800260710e-02
-4.1913261274286719e-02
-4.0409640613635146e-02
-3.8989217953777890e-02
-3.7643163765725740e-02
-3.6367624911200554e-02
-3.5159103825276400e-02
-3.4010964954833245e-02
-3.2919582144830165e-02
-3.1882795194647040e-02
-3.0895561265176681e-02
-2.9954499841178754e-02
-2.9058369114497957e-02
-2.8203291663716622e-02
-2.7386149353495343e-02
-2.6606325906887593e-02
-2.5860801092134712e-02
-2.5146731228234537e-02
-2.4463919227941743e-02
-2.3809977391806219e-02
-2.3182343144519564e-02
-2.2581091962264387e-02
-2.2004303152488157e-02
-2.1449696802397118e-02
-2.0917516585403709e-02
-2.0406185920566668e-02
-1.9913705039606905e-02
-1.9440411153508634e-02
-1.8984979829677152e-02
-1.8545685627427883e-02
-1.8122906130791001e-02
-1.7715499886072874e-02
-1.7322007643831034e-02
-1.6942809513766786e-02
-1.6576894721093485e-02
-1.6223060376896584e-02
-1.5881662512138590e-02
-1.5551781375300871e-02
-1.5232459558553228e-02
-1.4924010516984419e-02
-1.4625575333332749e-02
-1.4336430549451884e-02
-1.4056834598080950e-02
-1.3785966494495955e-02
-1.3523325006095594e-02
-1.3269105299309789e-02
-1.3022506865914987e-02
-1.2783238932638736e-02
-1.2806187254538439e-02
-1.3092211776164882e-02
-1.3387531809558539e-02
-1.3692900829155748e-02
-1.4008116430157595e-02
-1.4333991404839461e-02
-1.4671267654714543e-02
-1.5019674456733826e-02
-1.5380344743848298e-02
-1.5754004938281767e-02
-1.6140304907473705e-02
-1.6540762779302831e-02
-1.6955961884663254e-02
-1.7385835345058564e-02
-1.7831989512982441e-02
-1.8294936436528967e-02
-1.8775035475409159e-02
-1.9273919226016938e-02
-1.9792046564553346e-02
-2.0330300163708914e-02
-2.0890344345457435e-02
-2.1472496046182260e-02
-2.2078298578012228e-02
-2.2709494738614888e-02
-2.3366441014051036e-02
-2.4051411779461313e-02
-2.4766118041332628e-02
-2.5511089384435012e-02
-2.6289308842865285e-02
-2.7102353837463171e-02
-2.7951662051967349e-02
-2.8840429943202472e-02
-2.9770323501017118e-02
-3.0743914915488824e-02
-3.1764690136865330e-02
-3.2834463729179600e-02
-3.3957234056813737e-02
-3.5136838731064358e-02
-3.6375477823204889e-02
-3.7678813020354557e-02
-3.9050797708670988e-02
-4.0495494538184698e-02
-4.2019399893317877e-02
-4.3627147169782561e-02
-4.5325233977336440e-02
-4.7121321054300704e-02
-4.9021043833038312e-02
-5.1034122481650013e-02
-5.3169436892660189e-02
-5.5435425202843613e-02
-5.7844828283406813e-02
-6.0408497328693245e-02
-6.3139720585618855e-02
-6.6054566392039049e-02
-6.9167186576892942e-02
-7.2497672378569661e-02
-7.6066454824361376e-02
-7.9894413554901178e-02
-8.4009701927521330e-02
-8.8439484944604144e-02
-9.3216459522671102e-02
-9.8379187976948654e-02
-1.0396608858949599e-01
-1.1002780001672444e-01
-1.1661814814502590e-01
-1.2379751417967698e-01
-1.3164101298664982e-01
-1.4022858061212715e-01
-1.4965811400243986e-01
-1.6004367570126252e-01
-1.7151190745144271e-01
-1.8422340081499000e-01
-1.9835904671067184e-01
-2.1413698513672291e-01
-2.3182348360651467e-01
-2.5172782200049326e-01
-2.7423011622818771e-01
-2.9979639411480491e-01
-3.2901151910434717e-01
-3.6260603777245226e-01
-4.0148150004740174e-01
-4.4680287157369081e-01
-5.0006416696021239e-01
-5.6320471410185735e-01
-6.3882044622981549e-01
-7.3035743672493381e-01
-8.4245289046866589e-01
-9.8187210442996820e-01
-1.1581386614340103e+00
-1.3852860658065329e+00
-1.6841026720000307e+00
-2.0884261021951955e+00
-2.6518736992310492e+00
-3.4677285031305098e+00
-4.7020615500252463e+00
-6.6646753616096683e+00
-9.9091257118556637e+00
-1.4953385482298989e+01
-1.8759251631612077e+01
0.0000000000000000e+00
2.4055929233035767e-01
0.0000000000000000e+00
0.0000000000000000e+00
];
