%Vec Object:sol 1 MPI processes
%  type: mpi
sol = [
0.0000000000000000e+00
-4.2905504915407576e+01
-2.4813451490369321e+01
-1.3190784833890215e+01
-7.7067012526302170e+00
-4.9586819472086416e+00
-3.4319351786358796e+00
-2.5073941343774440e+00
-1.9078393641496887e+00
-1.4990297628961280e+00
-1.2079116411703270e+00
-9.9356535194031936e-01
-8.3144248815660216e-01
-7.0593928422673879e-01
-6.0674146831676112e-01
-5.2696224283433013e-01
-4.6195544693911311e-01
-4.0827971283327735e-01
-3.6340550797844495e-01
-3.2556279604774724e-01
-2.9336046679533784e-01
-2.6568494258764036e-01
-2.4176303040135358e-01
-2.2095161452226295e-01
-2.0271172196379897e-01
-1.8664365389635657e-01
-1.7242861785284083e-01
-1.5978340994288928e-01
-1.4847477957200816e-01
-1.3833461215919660e-01
-1.2920930724905541e-01
-1.2095133838495871e-01
-1.1347073126518217e-01
-1.0667345841470310e-01
-1.0046513018493791e-01
-9.4789893112104603e-02
-8.9590700174811300e-02
-8.4807745972217949e-02
-8.0400763799706759e-02
-7.6335566391325257e-02
-7.2573343426517917e-02
-6.9083234395002080e-02
-6.5844860023306348e-02
-6.2832608560491859e-02
-6.0021703944705157e-02
-5.7400312710010538e-02
-5.4951353835305840e-02
-5.2654256367702074e-02
-5.0502564014331397e-02
-4.8484398929445296e-02
-4.6583573507764604e-02
-4.4795746940074217e-02
-4.3112619313575809e-02
-4.1522310391718747e-02
-4.0020722699800400e-02
-3.8602394838585213e-02
-3.7258501735138547e-02
-3.5985172183304007e-02
-3.4778890382054312e-02
-3.3633026331856844e-02
-3.2543944574643220e-02
-3.1509466982322661e-02
-3.0524556460223857e-02
-2.9585829982425382e-02
-2.8692027773839921e-02
-2.7839277895808128e-02
-2.7024464876293602e-02
-2.6246954354215223e-02
-2.5503731158204007e-02
-2.4791958086187605e-02
-2.4111419913636033e-02
-2.3459733596578478e-02
-2.2834345666543004e-02
-2.2235313582520667e-02
-2.1660721028686963e-02
-2.1108298801262918e-02
-2.0578272882991633e-02
-2.0069070966316615e-02
-1.9578704701196912e-02
-1.9107494166735805e-02
-1.8654119302347744e-02
-1.8216866031718664e-02
-1.7796095582648146e-02
-1.7390671175221632e-02
-1.6999144208662661e-02
-1.6621879426081360e-02
-1.6257871228575617e-02
-1.5905926099244488e-02
-1.5566385876498097e-02
-1.5238336670211326e-02
-1.4920828681610866e-02
-1.4614162524096256e-02
-1.4317485999494107e-02
-1.4030081086607919e-02
-1.3752194872464082e-02
-1.3483014105166989e-02
-1.3222040467214881e-02
-1.2969459402540568e-02
-1.2724479286130359e-02
-1.2486809433522733e-02
-1.2505343582991900e-02
-1.2780681295637721e-02
-1.3064919045105537e-02
-1.3358785102993487e-02
-1.3662070879092518e-02
-1.3975561744368327e-02
-1.4299972547733483e-02
-1.4635026681016093e-02
-1.4981820461042567e-02
-1.5341051272831462e-02
-1.5712363543587942e-02
-1.6097227259830253e-02
-1.6496197443075376e-02
-1.6909193600697248e-02
-1.7337768336596417e-02
-1.7782404422525787e-02
-1.8243435031023089e-02
-1.8722434194659351e-02
-1.9219829932227803e-02
-1.9736457138019768e-02
-2.0273919153642562e-02
-2.0832587124075153e-02
-2.1413904588293460e-02
-2.2019517327599564e-02
-2.2649741060442045e-02
-2.3306759474529037e-02
-2.3992208512090420e-02
-2.4706573625524249e-02
-2.5452723756264374e-02
-2.6232158556874455e-02
-2.7046240146484348e-02
-2.7898036300478563e-02
-2.8789125350269978e-02
-2.9721963078708464e-02
-3.0699888240244260e-02
-3.1724614594929326e-02
-3.2799970852519907e-02
-3.3929624957251846e-02
-3.5115653603089166e-02
-3.6363483006545606e-02
-3.7676881301404834e-02
-3.9059714627172677e-02
-4.0518199920457340e-02
-4.2056745677168876e-02
-4.3681558250221332e-02
-4.5399945140775340e-02
-4.7217304851556251e-02
-4.9142437793273180e-02
-5.1184002285682789e-02
-5.3350223983319407e-02
-5.5653272826655859e-02
-5.8103478783565546e-02
-6.0713510077567347e-02
-6.3498699728107080e-02
-6.6472512661720121e-02
-6.9654122401205165e-02
-7.3063005023186481e-02
-7.6719043948041160e-02
-8.0649103427015228e-02
-8.4879061653177518e-02
-8.9440090164178518e-02
-9.4368966091937762e-02
-9.9702282148514093e-02
-1.0548834105289348e-01
-1.1177845110816254e-01
-1.1863016091870827e-01
-1.2611511115956539e-01
-1.3430948985561650e-01
-1.4330665053809724e-01
-1.5321536406282721e-01
-1.6415635555016772e-01
-1.7628280519048053e-01
-1.8976720608900671e-01
-2.0481760660939222e-01
-2.2168800353798321e-01
-2.4067338452142639e-01
-2.6214659607556684e-01
-2.8655553826347541e-01
-3.1445159014400609e-01
-3.4651775992952283e-01
-3.8361046360757528e-01
-4.2685564587751035e-01
-4.7768041156050450e-01
-5.3793757635910577e-01
-6.1010786847615828e-01
-6.9750361524483018e-01
-8.0469365588893005e-01
-9.3788781365319229e-01
-1.1062961573508650e+00
-1.3234278895321496e+00
-1.6094820110900878e+00
-1.9962605007036693e+00
-2.5361993488995358e+00
-3.3184550714540779e+00
-4.5024991683249169e+00
-6.3855137054456135e+00
-9.4988399204557243e+00
-1.4313582211162505e+01
-1.7897677733486052e+01
0.0000000000000000e+00
2.4055929233035767e-01
0.0000000000000000e+00
0.0000000000000000e+00
];
