%Vec Object:sol 1 MPI processes
%  type: mpi
sol = [
0.0000000000000000e+00
-8.3577667621498790e+01
-3.6316027643735104e+01
-1.6980359762893372e+01
-9.4255165657400042e+00
-5.9129889048499162e+00
-4.0309126026284563e+00
-2.9151703390661461e+00
-2.2016938957007102e+00
-1.7198534619453374e+00
-1.3791756817829346e+00
-1.1298060998782204e+00
-9.4204146180505444e-01
-7.9710519830624593e-01
-6.8294216584391898e-01
-5.9146600384500558e-01
-5.1711146123347507e-01
-4.5585349538621600e-01
-4.0474433635895807e-01
-3.6172457159239008e-01
-3.2516038279802378e-01
-2.9378723013256181e-01
-2.6671447407465698e-01
-2.4319922925606210e-01
-2.2262097423422805e-01
-2.0451946754926753e-01
-1.8852794094224376e-01
-1.7432178034378235e-01
-1.6163612615736098e-01
-1.5027954357187231e-01
-1.4007176842183502e-01
-1.3084525893101168e-01
-1.2249685921854669e-01
-1.1491957240539567e-01
-1.0800668854980651e-01
-1.0169430471413744e-01
-9.5917587171629057e-02
-9.0609107550749371e-02
-8.5723097340740254e-02
-8.1220644696261127e-02
-7.7058077247144599e-02
-7.3200592254210314e-02
-6.9624882046612019e-02
-6.6302155408170610e-02
-6.3204709119206587e-02
-6.0318865344809174e-02
-5.7625431729722412e-02
-5.5101129640120886e-02
-5.2738595127679984e-02
-5.0524745812208838e-02
-4.8441745534120305e-02
-4.6484395273017245e-02
-4.4643346392919767e-02
-4.2905548279723087e-02
-4.1266211045347806e-02
-3.9719139954570534e-02
-3.8254666437421730e-02
-3.6868358284973250e-02
-3.5556176124886860e-02
-3.4310873095884181e-02
-3.3128359710747138e-02
-3.2006075013415972e-02
-3.0938524497480167e-02
-2.9921959093847775e-02
-2.8954831473915889e-02
-2.8032925963202338e-02
-2.7152833755141673e-02
-2.6313698056108857e-02
-2.5512241877015288e-02
-2.4745395322824337e-02
-2.4012765364265967e-02
-2.3311766971045377e-02
-2.2639664281693325e-02
-2.1996367938762831e-02
-2.1379804074530780e-02
-2.0787562442681092e-02
-2.0219744057162894e-02
-1.9674652682173208e-02
-1.9150192393856430e-02
-1.8646574188978530e-02
-1.8162380138054754e-02
-1.7695815148535961e-02
-1.7247143347403137e-02
-1.6815150836755204e-02
-1.6398328413775514e-02
-1.5996953305846134e-02
-1.5609959866624190e-02
-1.5236108980766126e-02
-1.4875663098468406e-02
-1.4527662799410214e-02
-1.4191122861872265e-02
-1.3866271915752586e-02
-1.3552225037319277e-02
-1.3248234703556291e-02
-1.2954483100651075e-02
-1.2670135925658309e-02
-1.2394667494752504e-02
-1.2128205433001474e-02
-1.1869948031010651e-02
-1.1619575962999135e-02
-1.1608087350848740e-02
-1.1834264884811832e-02
-1.2067361575130607e-02
-1.2307992488807814e-02
-1.2555890194297656e-02
-1.2811716793851128e-02
-1.3076060405594961e-02
-1.3348582873465076e-02
-1.3630219719442062e-02
-1.3921527044129557e-02
-1.4222085433926021e-02
-1.4533155666785265e-02
-1.4855145847473081e-02
-1.5187879083838739e-02
-1.5532667529523526e-02
-1.5889835770975427e-02
-1.6259569614935687e-02
-1.6643173367454547e-02
-1.7040902711826740e-02
-1.7453377397956060e-02
-1.7881897839589267e-02
-1.8326647204121940e-02
-1.8788764401913818e-02
-1.9269554146642019e-02
-1.9769125970355919e-02
-2.0289242499500058e-02
-2.0831162038465859e-02
-2.1395116143452762e-02
-2.1983427722983003e-02
-2.2597193629134642e-02
-2.3237379942070455e-02
-2.3906428304612603e-02
-2.4605458666658631e-02
-2.5336342334692979e-02
-2.6101692844908205e-02
-2.6902694962357331e-02
-2.7742343071556038e-02
-2.8623461066255206e-02
-2.9547485409076351e-02
-3.0518693422728230e-02
-3.1539921005541670e-02
-3.2614038842852931e-02
-3.3745892093786964e-02
-3.4938871988664168e-02
-3.6197287419870328e-02
-3.7527865585811102e-02
-3.8932778836365187e-02
-4.0421478338794038e-02
-4.1998355145754472e-02
-4.3670939866056038e-02
-4.5447905616908257e-02
-4.7337427424993105e-02
-4.9349152460975730e-02
-5.1494965817305872e-02
-5.3785110872997019e-02
-5.6234461447362938e-02
-5.8858039202561607e-02
-6.1671110601239650e-02
-6.4694554477701657e-02
-6.7948325433881865e-02
-7.1456585194068209e-02
-7.5247921274441645e-02
-7.9350639888015800e-02
-8.3802401829161599e-02
-8.8643137810721973e-02
-9.3917671137320302e-02
-9.9682020225694765e-02
-1.0599568316018167e-01
-1.1293146846146268e-01
-1.2057190839310368e-01
-1.2901420744464531e-01
-1.3837882835139548e-01
-1.4880153226664591e-01
-1.6044638966440541e-01
-1.7351408939035121e-01
-1.8823808798937300e-01
-2.0491407768000153e-01
-2.2389795988514233e-01
-2.4562878256862186e-01
-2.7066447457622711e-01
-2.9969539624739039e-01
-3.3361588242019974e-01
-3.7357609722241447e-01
-4.2107344917691653e-01
-4.7811279708044635e-01
-5.4732786899766783e-01
-6.3247383470788965e-01
-7.3876635122260692e-01
-8.7368615396032667e-01
-1.0483376793844867e+00
-1.2792568525887094e+00
-1.5932385845772803e+00
-2.0336417474304680e+00
-2.6750462759637448e+00
-3.6508245180739722e+00
-5.2078782240059445e+00
-7.7743429966889561e+00
-1.1651116925652788e+01
-1.4382104107062283e+01
0.0000000000000000e+00
1.3464638167935297e-01
0.0000000000000000e+00
0.0000000000000000e+00
];
