%Vec Object:sol 1 MPI processes
%  type: mpi
sol = [
0.0000000000000000e+00
-4.2829205883131763e+01
-2.4790132976412760e+01
-1.3184189034986577e+01
-7.7042694458300680e+00
-4.9575264009210516e+00
-3.4313374326273220e+00
-2.5070800911955358e+00
-1.9076275084559946e+00
-1.4988826427107473e+00
-1.2078431074152642e+00
-9.9352017971259354e-01
-8.3141401118464542e-01
-7.0592301099241317e-01
-6.0675181040877690e-01
-5.2697699075763715e-01
-4.6197345807484924e-01
-4.0830014588577307e-01
-3.6342773773798248e-01
-3.2558634108041040e-01
-2.9338495906631218e-01
-2.6571010225594482e-01
-2.4178863644968357e-01
-2.2097749447045373e-01
-2.0273774195449756e-01
-1.8666970813680464e-01
-1.7245462319548846e-01
-1.5980929140714661e-01
-1.4850231761847343e-01
-1.3836408092990635e-01
-1.2923827159116885e-01
-1.2097980049706768e-01
-1.1349869690552616e-01
-1.0670093528071260e-01
-1.0049212590420117e-01
-9.4816417432740274e-02
-8.9616763869744182e-02
-8.4833359166940486e-02
-8.0425937344182713e-02
-7.6360312005440620e-02
-7.2597672107690872e-02
-6.9107156792858490e-02
-6.5868387758619945e-02
-6.2855752666967760e-02
-6.0044474296554171e-02
-5.7422720334901076e-02
-5.4973409392485045e-02
-5.2675968732133704e-02
-5.0523943412232597e-02
-4.8505455328459957e-02
-4.6604314989441821e-02
-4.4816182745760325e-02
-4.3132758543494333e-02
-4.1542160577332433e-02
-4.0040292015148561e-02
-3.8621691546670431e-02
-3.7277532809657496e-02
-3.6003944829268983e-02
-3.4797412082753741e-02
-3.3651303519563899e-02
-3.2561983593973547e-02
-3.1527274604798268e-02
-3.0542138602638481e-02
-2.9603192236748337e-02
-2.8709176269371996e-02
-2.7856218064761899e-02
-2.7041201658936528e-02
-2.6263493304185911e-02
-2.5520077256315152e-02
-2.4808115710436715e-02
-2.4127394103588388e-02
-2.3475528913952482e-02
-2.2849966007109902e-02
-2.2250763527540848e-02
-2.1676004750917716e-02
-2.1123419784286338e-02
-2.0593235299703236e-02
-2.0083878628432885e-02
-1.9593360741751043e-02
-1.9122002394546717e-02
-1.8668483193515398e-02
-1.8231088421920942e-02
-1.7810179955856386e-02
-1.7404620695116620e-02
-1.7012961460066010e-02
-1.6635567602722234e-02
-1.6271433202576450e-02
-1.5919364244543169e-02
-1.5579703127077038e-02
-1.5251535625681090e-02
-1.4933911539993010e-02
-1.4627131986494912e-02
-1.4330344410082759e-02
-1.4042830497448727e-02
-1.3764837775484149e-02
-1.3495552604577030e-02
-1.3234476495109056e-02
-1.2981795262640575e-02
-1.2736716856744167e-02
-1.2498950549668642e-02
-1.2517634869750469e-02
-1.2793378111286181e-02
-1.3078035915853478e-02
-1.3372337501561471e-02
-1.3676074419825872e-02
-1.3990033067839290e-02
-1.4314929293500707e-02
-1.4650486600743038e-02
-1.4997802687199489e-02
-1.5357575991141285e-02
-1.5729451013780121e-02
-1.6114899563452481e-02
-1.6514477653842990e-02
-1.6928105176684992e-02
-1.7357336746412891e-02
-1.7802656132961555e-02
-1.8264397369238104e-02
-1.8744136640992674e-02
-1.9242302994443201e-02
-1.9759732788172418e-02
-2.0298031681374347e-02
-2.0857571881093336e-02
-2.1439799155215065e-02
-2.2046361796440275e-02
-2.2677576632285881e-02
-2.3335630542353433e-02
-2.4022162135170382e-02
-2.4737658286687943e-02
-2.5484992096421161e-02
-2.6265665911435969e-02
-2.7081044433827549e-02
-2.7934200069599284e-02
-2.8826714137800937e-02
-2.9761046498313255e-02
-3.0740541136761102e-02
-3.1766915193404563e-02
-3.2844003366198506e-02
-3.3975479461747185e-02
-3.5163424593349549e-02
-3.6413275571212801e-02
-3.7728800761127897e-02
-3.9113876214932349e-02
-4.0574729782400794e-02
-4.2115774108668833e-02
-4.3743227688771612e-02
-4.5464423134142729e-02
-4.7284728497807224e-02
-4.9213448189103261e-02
-5.1259095904954782e-02
-5.3429278775491709e-02
-5.5736162157900428e-02
-5.8190449665868456e-02
-6.0804830426282229e-02
-6.3594662386642603e-02
-6.6573433152545894e-02
-6.9760347233279160e-02
-7.3174912553629387e-02
-7.6837045354501005e-02
-8.0773653044459909e-02
-8.5010656083254407e-02
-8.9579276317763981e-02
-9.4516349811912426e-02
-9.9858528504886024e-02
-1.0565419186851556e-01
-1.1195472998189196e-01
-1.1881778291888409e-01
-1.2631510408304145e-01
-1.3452300151558239e-01
-1.4353497456832584e-01
-1.5345996318342986e-01
-1.6441887954744761e-01
-1.7656513917463487e-01
-1.9007149896034320e-01
-2.0514632321378962e-01
-2.2204399172044664e-01
-2.4105993367679365e-01
-2.6256754935628224e-01
-2.8701539826677758e-01
-3.1495567137920016e-01
-3.4708182371022833e-01
-3.8423342194381382e-01
-4.2754672925207710e-01
-4.7845086660257735e-01
-5.3880123079222531e-01
-6.1108195880903737e-01
-6.9860985351759508e-01
-8.0595976326322927e-01
-9.3937266891816440e-01
-1.1080273952816855e+00
-1.3254705921180321e+00
-1.6119619641007688e+00
-1.9992749042171549e+00
-2.5399892272450759e+00
-3.3233315582555734e+00
-4.5089587200550447e+00
-6.3944018843299864e+00
-9.5119247034570780e+00
-1.4333688907553098e+01
-1.7924541814708103e+01
0.0000000000000000e+00
2.4055929233035767e-01
0.0000000000000000e+00
0.0000000000000000e+00
];
