%Vec Object:sol 1 MPI processes
%  type: mpi
sol = [
0.0000000000000000e+00
-4.1783282496326692e+01
-2.4458938690863182e+01
-1.3090903903810862e+01
-7.6689285347846745e+00
-4.9400951528744583e+00
-3.4218215080523855e+00
-2.5008509678545767e+00
-1.9037368160196699e+00
-1.4959821699121789e+00
-1.2059622254642077e+00
-9.9218913718720292e-01
-8.3037288099131878e-01
-7.0510217697207844e-01
-6.0610980403743742e-01
-5.2654650428008776e-01
-4.6169935929079819e-01
-4.0814318149490131e-01
-3.6332460402594990e-01
-3.2552655372070427e-01
-2.9336102663257607e-01
-2.6571611828305630e-01
-2.4181970412646031e-01
-2.2102959895940213e-01
-2.0280762250421414e-01
-1.8675463791231975e-01
-1.7255230174030650e-01
-1.5991780560328564e-01
-1.4862004262590844e-01
-1.3849250500610191e-01
-1.2937764135540789e-01
-1.2112830717907846e-01
-1.1365480576232846e-01
-1.0686335679485284e-01
-1.0065977894056991e-01
-9.4988378284366876e-02
-8.9792247550184778e-02
-8.5011698001853736e-02
-8.0606559052827209e-02
-7.6542727218300716e-02
-7.2781460230982087e-02
-6.9291954656144850e-02
-6.6053885658340458e-02
-6.3041683470486345e-02
-6.0230598345630333e-02
-5.7608885606760495e-02
-5.5159139791913656e-02
-5.2860680597117626e-02
-5.0707548655466485e-02
-4.8687926655172069e-02
-4.6785621421084576e-02
-4.4996307413381210e-02
-4.3311690392122217e-02
-4.1719883951889788e-02
-4.0216800880430795e-02
-3.8796985598460627e-02
-3.7451607037184045e-02
-3.6176799966057153e-02
-3.4969054906539815e-02
-3.3821736411351090e-02
-3.2731211440267104e-02
-3.1695308784110830e-02
-3.0708986565516735e-02
-2.9768861347667354e-02
-2.8873680815841959e-02
-2.8019568897903076e-02
-2.7203407559433519e-02
-2.6424570307786093e-02
-2.5680038412658545e-02
-2.4966970529050819e-02
-2.4285159570415715e-02
-2.3632219395630226e-02
-2.3005591326435624e-02
-2.2405341071941007e-02
-2.1829549547134144e-02
-2.1275941723329129e-02
-2.0744751795564287e-02
-2.0234404878993639e-02
-1.9742906582681057e-02
-1.9270585012663054e-02
-1.8816117588625204e-02
-1.8377784321413116e-02
-1.7955954151210356e-02
-1.7549487711366715e-02
-1.7156930917172474e-02
-1.6778655788736694e-02
-1.6413653957253117e-02
-1.6060727106900968e-02
-1.5720223816415010e-02
-1.5391227139880692e-02
-1.5072783387734249e-02
-1.4765199282795129e-02
-1.4467619191429672e-02
-1.4179322297912800e-02
-1.3900561091486590e-02
-1.3630518421952897e-02
-1.3368694434750455e-02
-1.3115279202876357e-02
-1.2869476668180283e-02
-1.2630996007372877e-02
-1.2651644612477040e-02
-1.2932146237388777e-02
-1.3221738303455771e-02
-1.3521161216394248e-02
-1.3830209256978556e-02
-1.4149680990806402e-02
-1.4480304267992470e-02
-1.4821805178132332e-02
-1.5175297666418928e-02
-1.5541493044499441e-02
-1.5920038187691436e-02
-1.6312426264418253e-02
-1.6719225821129457e-02
-1.7140362741609867e-02
-1.7577415483357107e-02
-1.8030880769257830e-02
-1.8501104164680569e-02
-1.8989687759789188e-02
-1.9497074286637321e-02
-2.0024118734210592e-02
-2.0572455058994486e-02
-2.1142470021483162e-02
-2.1735637093095204e-02
-2.2353635695667316e-02
-2.2996798314600359e-02
-2.3667351059135928e-02
-2.4366966203509692e-02
-2.5096150535695569e-02
-2.5857828234849126e-02
-2.6653536581965519e-02
-2.7484674247607935e-02
-2.8354371299338023e-02
-2.9264248468777936e-02
-3.0216817864882083e-02
-3.1215489481483841e-02
-3.2262025822731424e-02
-3.3360337697921419e-02
-3.4514175133617805e-02
-3.5725674527975898e-02
-3.7000376457484427e-02
-3.8342137550249691e-02
-3.9754919543246295e-02
-4.1245074840880795e-02
-4.2817120114866832e-02
-4.4477402014167958e-02
-4.6233406401931493e-02
-4.8090624098659537e-02
-5.0058556487899392e-02
-5.2145873511944475e-02
-5.4360805996211480e-02
-5.6715806073223560e-02
-5.9221462567323732e-02
-6.1890751364643920e-02
-6.4739370160520296e-02
-6.7781126200935737e-02
-7.1035648836474646e-02
-7.4522889727223068e-02
-7.8263229690669928e-02
-8.2284175153729253e-02
-8.6612247933802552e-02
-9.1279382395726250e-02
-9.6323248758474853e-02
-1.0178135678324844e-01
-1.0770318036737198e-01
-1.1414129394742663e-01
-1.2115467363785501e-01
-1.2881670904620979e-01
-1.3720303217226246e-01
-1.4640829806906158e-01
-1.5654619855169080e-01
-1.6774021490586374e-01
-1.8014698172811183e-01
-1.9394288814755700e-01
-2.0934065392042836e-01
-2.2659994378727655e-01
-2.4602231420868756e-01
-2.6798884362602532e-01
-2.9295727461096827e-01
-3.2149102793367801e-01
-3.5430449848530621e-01
-3.9227944924662467e-01
-4.3655550964953044e-01
-4.8859452093364703e-01
-5.5023472343433077e-01
-6.2403125520615987e-01
-7.1338003217567447e-01
-8.2294254514027776e-01
-9.5924626018788606e-01
-1.1315106882870793e+00
-1.3533230255677116e+00
-1.6456835845378801e+00
-2.0408919154130656e+00
-2.5924342699630420e+00
-3.3907242451031272e+00
-4.5993431533964815e+00
-6.5207802527838128e+00
-9.6980618158546807e+00
-1.4624586954552830e+01
-1.8316610190095936e+01
0.0000000000000000e+00
2.4055929233035767e-01
0.0000000000000000e+00
0.0000000000000000e+00
];
