%Vec Object:sol 1 MPI processes
%  type: mpi
sol = [
0.0000000000000000e+00
-4.2414250680942352e+01
-2.4661965866827007e+01
-1.3147329172768044e+01
-7.6903064636670848e+00
-4.9506459589728564e+00
-3.4275871800928810e+00
-2.5047918344184228e+00
-1.9061000339285565e+00
-1.4977476830805150e+00
-1.2071719235400191e+00
-9.9300397683475894e-01
-8.3101244027071497e-01
-7.0560834337126888e-01
-6.0651221218390261e-01
-5.2686628099437460e-01
-4.6189407494061374e-01
-4.0824600066016586e-01
-3.6339416338237784e-01
-3.2556960890371356e-01
-2.9338210955565569e-01
-2.6571880599163356e-01
-2.4180696720331263e-01
-2.2100387647448813e-01
-2.0277089768310652e-01
-1.8670857168222829e-01
-1.7249829757415361e-01
-1.5985703255416292e-01
-1.4855348201530255e-01
-1.3842100537820209e-01
-1.2930192347637340e-01
-1.2104897646237617e-01
-1.1357239480003541e-01
-1.0677831283711661e-01
-1.0057099651053600e-01
-9.4895377294877875e-02
-8.9695708909666161e-02
-8.4912200909335114e-02
-8.0504600451458797e-02
-7.6438733269259415e-02
-7.2675797436477549e-02
-6.9184939817684143e-02
-6.5945790934325357e-02
-6.2932744112703484e-02
-6.0121025582173394e-02
-5.7498810315032407e-02
-5.5049020842568824e-02
-5.2751084413632111e-02
-5.0598552786207736e-02
-4.8579550657118525e-02
-4.6677886680299402e-02
-4.4889226847716235e-02
-4.3205273277214969e-02
-4.1614142037059411e-02
-4.0111740098595208e-02
-3.8692608343381535e-02
-3.7347918309869353e-02
-3.6073801253119112e-02
-3.4866744003726378e-02
-3.3720113587056080e-02
-3.2630275380951555e-02
-3.1595054240921072e-02
-3.0609410518904180e-02
-2.9669960748407144e-02
-2.8775448436600414e-02
-2.7921999473820402e-02
-2.7106496989056338e-02
-2.6328310122339355e-02
-2.5584421856550039e-02
-2.4871992897628488e-02
-2.4190811664766023e-02
-2.3538493525512343e-02
-2.2912482462281270e-02
-2.2312839640123698e-02
-2.1737647339200018e-02
-2.1184633554962688e-02
-2.0654027964614949e-02
-2.0144256970597546e-02
-1.9653329350405885e-02
-1.9181568795466793e-02
-1.8727654002062347e-02
-1.8289868103699782e-02
-1.7868575797556348e-02
-1.7462639046569039e-02
-1.7070606675695699e-02
-1.6692846698712977e-02
-1.6328352189793675e-02
-1.5975927386763657e-02
-1.5635917153661957e-02
-1.5307406154960021e-02
-1.4989442773449577e-02
-1.4682330360647537e-02
-1.4385215110642939e-02
-1.4097377692617879e-02
-1.3819067610112659e-02
-1.3549469802646373e-02
-1.3288085221702176e-02
-1.3035101376932657e-02
-1.2789724600777413e-02
-1.2551664116938708e-02
-1.2571123712337493e-02
-1.2848757226665715e-02
-1.3135375060281600e-02
-1.3431710874945879e-02
-1.3737557280106670e-02
-1.4053705505036287e-02
-1.4380876159968683e-02
-1.4718793744575059e-02
-1.5068562411429037e-02
-1.5430885701380416e-02
-1.5805409021198241e-02
-1.6193612667196263e-02
-1.6596057610722196e-02
-1.7012666086989002e-02
-1.7445002178268654e-02
-1.7893554770084120e-02
-1.8358662441214944e-02
-1.8841911654459999e-02
-1.9343736852628413e-02
-1.9864981760044746e-02
-2.0407263251828602e-02
-2.0970959264170058e-02
-2.1557526533148842e-02
-2.2168625678121515e-02
-2.2804579679854942e-02
-2.3467590960120605e-02
-2.4159311442594308e-02
-2.4880235833096755e-02
-2.5633257466956494e-02
-2.6419892487003917e-02
-2.7241518995704476e-02
-2.8101232225656348e-02
-2.9000629041675639e-02
-2.9942189949843049e-02
-3.0929285041401414e-02
-3.1963649333223751e-02
-3.3049147627610971e-02
-3.4189483885006401e-02
-3.5386760866001017e-02
-3.6646455524457083e-02
-3.7972373510892422e-02
-3.9368423373888121e-02
-4.0840881803190975e-02
-4.2394203914819933e-02
-4.4034656872568759e-02
-4.5769634488243942e-02
-4.7604551257214175e-02
-4.9548793411088275e-02
-5.1610920246602278e-02
-5.3799053222039081e-02
-5.6125492418493766e-02
-5.8600688252533339e-02
-6.1237451919402233e-02
-6.4051285759619478e-02
-6.7055815110286729e-02
-7.0270425818269339e-02
-7.3714816675115133e-02
-7.7409101913392661e-02
-8.1379948160882828e-02
-8.5652543758692953e-02
-9.0259594167627591e-02
-9.5238246346127667e-02
-1.0062546844250157e-01
-1.0647004577635896e-01
-1.1282380413496931e-01
-1.1974487265014325e-01
-1.2730560505293353e-01
-1.3558295396707037e-01
-1.4467120009965215e-01
-1.5468019148571785e-01
-1.6573185131631929e-01
-1.7798086223491327e-01
-1.9160141043324275e-01
-2.0680357408195615e-01
-2.2384381259550201e-01
-2.4301996566325104e-01
-2.6470845452889491e-01
-2.8936145123717044e-01
-3.1753556255366561e-01
-3.4993660998437542e-01
-3.8743584540684395e-01
-4.3112646988423831e-01
-4.8245629212043478e-01
-5.4330826181606751e-01
-6.1618552901286705e-01
-7.0442994855566599e-01
-8.1265045102254130e-01
-9.4726418640971088e-01
-1.1172723510823639e+00
-1.3364340956440035e+00
-1.6253556134448033e+00
-2.0156470311091357e+00
-2.5607118593139488e+00
-3.3498553305150516e+00
-4.5447235801456296e+00
-6.4440947289745933e+00
-9.5852000072905401e+00
-1.4448138859876478e+01
-1.8078740667150253e+01
0.0000000000000000e+00
2.4055929233035767e-01
0.0000000000000000e+00
0.0000000000000000e+00
];
