%Vec Object:sol 1 MPI processes
%  type: mpi
sol = [
0.0000000000000000e+00
-4.0878413828260562e+01
-2.4161944290328236e+01
-1.3004878378608812e+01
-7.6351019911492042e+00
-4.9249548503889828e+00
-3.4129024849926646e+00
-2.4952586721653813e+00
-1.9002573690252507e+00
-1.4935091458755587e+00
-1.2040698835128032e+00
-9.9087595214962909e-01
-8.2950493771046174e-01
-7.0441981156993971e-01
-6.0557167740636064e-01
-5.2612234909014488e-01
-4.6136638297380461e-01
-4.0788441876795362e-01
-3.6316210632137691e-01
-3.2543948997887456e-01
-2.9333299791467832e-01
-2.6573482795227293e-01
-2.4186249363284626e-01
-2.2108959914742590e-01
-2.0288214271048607e-01
-1.8684142670721338e-01
-1.7264945888975855e-01
-1.6002375033402608e-01
-1.4873344965476684e-01
-1.3861223045177073e-01
-1.2950271532726990e-01
-1.2125791581609283e-01
-1.1378823522932642e-01
-1.0699999473917413e-01
-1.0079910524866491e-01
-9.5129936699590370e-02
-8.9935642907804300e-02
-8.5156589353495724e-02
-8.0752648367640262e-02
-7.6689755180402122e-02
-7.2929200615919398e-02
-6.9440208760807837e-02
-6.6202481637126595e-02
-6.3190470253240996e-02
-6.0379445923705186e-02
-5.7757634600939287e-02
-5.5307996858952893e-02
-5.3009982169292209e-02
-5.0857182299873550e-02
-4.8837747925562253e-02
-4.6935496236129408e-02
-4.5146124375081191e-02
-4.3461353071343883e-02
-4.1869301095456744e-02
-4.0365896943294670e-02
-3.8945696813815114e-02
-3.7599871874253475e-02
-3.6324567149913188e-02
-3.5116283187191663e-02
-3.3968385157374735e-02
-3.2877246013344512e-02
-3.1840703618762463e-02
-3.0853715851453287e-02
-2.9912901982160671e-02
-2.9017018241031835e-02
-2.8162187864755397e-02
-2.7345293056634176e-02
-2.6565715537732158e-02
-2.5820435668288597e-02
-2.5106610518005130e-02
-2.4424040973340947e-02
-2.3770339869646211e-02
-2.3142945668434337e-02
-2.2541931820275512e-02
-2.1965378128796082e-02
-2.1411005893203602e-02
-2.0879056789276280e-02
-2.0367954716393639e-02
-1.9875701195668505e-02
-1.9402631496175299e-02
-1.8947421674634625e-02
-1.8508347574076572e-02
-1.8085784921352960e-02
-1.7678592783778823e-02
-1.7285313133216205e-02
-1.6906324307719694e-02
-1.6540615813887261e-02
-1.6186985946336146e-02
-1.5845789266014744e-02
-1.5516106045357161e-02
-1.5196980454075269e-02
-1.4888726873477814e-02
-1.4590487839550066e-02
-1.4301537088222852e-02
-1.4022131776897394e-02
-1.3751445029800319e-02
-1.3488953813436320e-02
-1.3234882891132701e-02
-1.2988415589354799e-02
-1.2749279247906952e-02
-1.2771671624614707e-02
-1.3056418902602578e-02
-1.3350413107906302e-02
-1.3654404612419870e-02
-1.3968190081713362e-02
-1.4292578920951727e-02
-1.4628309663976583e-02
-1.4975110649405396e-02
-1.5334110301352991e-02
-1.5706031381861316e-02
-1.6090522818088628e-02
-1.6489096816822979e-02
-1.6902333056135806e-02
-1.7330162699091219e-02
-1.7774185443240536e-02
-1.8234909504332195e-02
-1.8712690668708818e-02
-1.9209154088123043e-02
-1.9724754626762181e-02
-2.0260363822011802e-02
-2.0817640806581262e-02
-2.1396985230924075e-02
-2.1999895198652544e-02
-2.2628077810969136e-02
-2.3281879410069154e-02
-2.3963561001876309e-02
-2.4674824776251009e-02
-2.5416195150813507e-02
-2.6190641745728983e-02
-2.6999732854955782e-02
-2.7844897296471081e-02
-2.8729316405065989e-02
-2.9654645886939886e-02
-3.0623444263409186e-02
-3.1639180193542490e-02
-3.2703656419440362e-02
-3.3820851376283857e-02
-3.4994582748653226e-02
-3.6227036152760177e-02
-3.7523845705026940e-02
-3.8888942796331316e-02
-4.0326367141392247e-02
-4.1842582364532359e-02
-4.3442195339942473e-02
-4.5131669350064706e-02
-4.6918625362590581e-02
-4.8808665965153833e-02
-5.0811461566595495e-02
-5.2935844339981108e-02
-5.5190205326300465e-02
-5.7587219744813081e-02
-6.0137679185149062e-02
-6.2854800913904968e-02
-6.5754569031194560e-02
-6.8851057112419317e-02
-7.2164251432522156e-02
-7.5714474118170588e-02
-7.9522491547310267e-02
-8.3616310096419066e-02
-8.8022948725910197e-02
-9.2774931186265550e-02
-9.7910617206358519e-02
-1.0346821885540955e-01
-1.0949811032493881e-01
-1.1605383345000456e-01
-1.2319545055408801e-01
-1.3099768522210031e-01
-1.3954005317181500e-01
-1.4891994197556629e-01
-1.5925082216706526e-01
-1.7065867620289099e-01
-1.8330326955560017e-01
-1.9736456144759543e-01
-2.1305957449118598e-01
-2.3065243458763768e-01
-2.5043574769116284e-01
-2.7280967614629564e-01
-2.9824015522339498e-01
-3.2730053932387199e-01
-3.6071771746201942e-01
-3.9938876048461996e-01
-4.4447290040307713e-01
-4.9745687092885088e-01
-5.6027065247047259e-01
-6.3549781330042765e-01
-7.2649948395101793e-01
-8.3802079705550292e-01
-9.7673413879641358e-01
-1.1521201394961542e+00
-1.3780313505670518e+00
-1.6753874081066644e+00
-2.0777700831321027e+00
-2.6384028114305997e+00
-3.4502893696352617e+00
-4.6788223047420674e+00
-6.6321584615863722e+00
-9.8615141004521440e+00
-1.4879354236095438e+01
-1.8659664356835226e+01
0.0000000000000000e+00
2.4055929233035767e-01
0.0000000000000000e+00
0.0000000000000000e+00
];
