%Vec Object:sol 1 MPI processes
%  type: mpi
sol = [
0.0000000000000000e+00
-4.1159068042608617e+01
-2.4254635291765080e+01
-1.3032364900777086e+01
-7.6457326911386954e+00
-4.9296734172687353e+00
-3.4158659465253147e+00
-2.4969918890004812e+00
-1.9014415749330575e+00
-1.4942707233544705e+00
-1.2046519841091388e+00
-9.9132924216645935e-01
-8.2976883379554556e-01
-7.0462667921490663e-01
-6.0573423923310987e-01
-5.2624991868379922e-01
-4.6146597280720553e-01
-4.0796135395545680e-01
-3.6322047391764822e-01
-3.2548254884635658e-01
-2.9335608185923767e-01
-2.6572832051320966e-01
-2.4184624426785295e-01
-2.2106817190372988e-01
-2.0285635552646145e-01
-1.8681196369474412e-01
-1.7261689711796563e-01
-1.5998856957447521e-01
-1.4869605191360288e-01
-1.3857296240638248e-01
-1.2946187068662429e-01
-1.2121574093743802e-01
-1.1374494589026167e-01
-1.0695577582827367e-01
-1.0075411379194267e-01
-9.5084310177207379e-02
-8.9889500208226419e-02
-8.5110033022076995e-02
-8.0705767878908610e-02
-7.6642628191161577e-02
-7.2881894832168351e-02
-6.9392783582346587e-02
-6.6154988222083461e-02
-6.3142953398356655e-02
-6.0331945728953798e-02
-5.7710184796249536e-02
-5.5260626798522894e-02
-5.2962719353791279e-02
-5.0810048779605113e-02
-4.8790762636638632e-02
-4.6888677949100066e-02
-4.5099487382180919e-02
-4.3414909321979944e-02
-4.1823062941254673e-02
-4.0319873609073187e-02
-3.8899895427299068e-02
-3.7554300216294453e-02
-3.6279231025655063e-02
-3.5071186372846279e-02
-3.3923532162469232e-02
-3.2832640313351667e-02
-3.1796346651626853e-02
-3.0809609767423963e-02
-2.9869048674868646e-02
-2.8973417516843906e-02
-2.8118840193003515e-02
-2.7302199218373409e-02
-2.6522873991566845e-02
-2.5777846159977476e-02
-2.5064275975357354e-02
-2.4381971831770616e-02
-2.3728504666031495e-02
-2.3101304808410009e-02
-2.2500437233283488e-02
-2.1923997787408601e-02
-2.1369748638968386e-02
-2.0837928588583982e-02
-2.0326961350374543e-02
-1.9834849199151312e-02
-1.9361924744118266e-02
-1.8906864030226341e-02
-1.8467943798149537e-02
-1.8045537316731055e-02
-1.7638503802164730e-02
-1.7245386132699214e-02
-1.6866560414735648e-02
-1.6501016755605401e-02
-1.6147554179687343e-02
-1.5806525052842062e-02
-1.5477010741523259e-02
-1.5158055399700205e-02
-1.4849969184851236e-02
-1.4551894559803470e-02
-1.4263109162052697e-02
-1.3983868520053174e-02
-1.3713353317651359e-02
-1.3451062854626290e-02
-1.3197189810403721e-02
-1.2950935658361747e-02
-1.2712009510591503e-02
-1.2733856020606196e-02
-1.3017269320550194e-02
-1.3309880456415674e-02
-1.3612436670888059e-02
-1.3924733891435399e-02
-1.4247578120027899e-02
-1.4581704537923909e-02
-1.4926840790224943e-02
-1.5284110753964760e-02
-1.5654233600124277e-02
-1.6036857626517239e-02
-1.6433489060165726e-02
-1.6844704091908948e-02
-1.7270432241350130e-02
-1.7712266537466340e-02
-1.8170711598653758e-02
-1.8646120015101190e-02
-1.9140109701669236e-02
-1.9653131728070906e-02
-2.0186052448150967e-02
-2.0740523098082476e-02
-2.1316939300033314e-02
-2.1916791436003547e-02
-2.2541777929764140e-02
-2.3192240796548209e-02
-2.3870430098948580e-02
-2.4578038653745884e-02
-2.5315585371544217e-02
-2.6086025622390308e-02
-2.6890917991006815e-02
-2.7731681860847384e-02
-2.8611482496325578e-02
-2.9531964659449163e-02
-3.0495672335423055e-02
-3.1506055801524296e-02
-3.2564905214075249e-02
-3.3676177820624431e-02
-3.4843670114949044e-02
-3.6069552321740056e-02
-3.7359429247951714e-02
-3.8717208882388825e-02
-4.0146906534812378e-02
-4.1654950992937027e-02
-4.3245920905380902e-02
-4.4926243038303365e-02
-4.6703496055991216e-02
-4.8583247582690808e-02
-5.0575115100765212e-02
-5.2687880007285748e-02
-5.4929883216028472e-02
-5.7313730104650955e-02
-5.9850148822045805e-02
-6.2552281098064141e-02
-6.5436021396114027e-02
-6.8515359984143057e-02
-7.1810171438806358e-02
-7.5340661972820272e-02
-7.9127477382311781e-02
-8.3198467607462107e-02
-8.7580496120076068e-02
-9.2305902316339075e-02
-9.7412830251039112e-02
-1.0293927239372951e-01
-1.0893532136012571e-01
-1.1545421649493263e-01
-1.2255568050408878e-01
-1.3031402027563538e-01
-1.3880830379350625e-01
-1.4813537605820548e-01
-1.5840807695330589e-01
-1.6975168648470482e-01
-1.8232509014476439e-01
-1.9630711032391704e-01
-2.1190273066768653e-01
-2.2938265786384154e-01
-2.4905297310331229e-01
-2.7129942804150908e-01
-2.9658535250477258e-01
-3.2548099923818080e-01
-3.5870935668086679e-01
-3.9716271788653246e-01
-4.4199419791977695e-01
-4.9468276108393539e-01
-5.5714841067096865e-01
-6.3193603705949386e-01
-7.2239381124148383e-01
-8.3330323459147992e-01
-9.7126409485860066e-01
-1.1457111153896122e+00
-1.3703053738862145e+00
-1.6661029890754235e+00
-2.0662458896723224e+00
-2.6240458920775027e+00
-3.4316948447699622e+00
-4.6540280262159470e+00
-6.5974405598181018e+00
-9.8106249823426914e+00
-1.4800136024257910e+01
-1.8553048351425119e+01
0.0000000000000000e+00
2.4055929233035767e-01
0.0000000000000000e+00
0.0000000000000000e+00
];
