%Vec Object:sol 1 MPI processes
%  type: mpi
sol = [
0.0000000000000000e+00
-4.2329732909394401e+01
-2.4635693508103664e+01
-1.3139750334292083e+01
-7.6874238904275893e+00
-4.9492187265355962e+00
-3.4268041656567307e+00
-2.5042564182820128e+00
-1.9057771463618958e+00
-1.4975063412065537e+00
-1.2070266090217083e+00
-9.9289117333215915e-01
-8.3092376553652869e-01
-7.0553802318694236e-01
-6.0645616228261867e-01
-5.2682207592787655e-01
-4.6187331288757272e-01
-4.0823069911894766e-01
-3.6338333715988425e-01
-3.2556246870111361e-01
-2.9337802709488947e-01
-2.6571728546314133e-01
-2.4180759717987990e-01
-2.2100631921546601e-01
-2.0277487852226883e-01
-1.8671386060411554e-01
-1.7250470019720440e-01
-1.5986438691378427e-01
-1.4856165210282293e-01
-1.3842987354712083e-01
-1.2931138973957593e-01
-1.2105895679807700e-01
-1.1358281523719826e-01
-1.0678912025998065e-01
-1.0058361110880480e-01
-9.4909858775697034e-02
-8.9710252480388941e-02
-8.4926784707107045e-02
-8.0519205539377164e-02
-7.6453343385725792e-02
-7.2690398521110255e-02
-6.9199519639953924e-02
-6.5960339165915510e-02
-6.2947251814393257e-02
-6.0135484773046553e-02
-5.7513214536847296e-02
-5.5063364594379792e-02
-5.2765362440890688e-02
-5.0612761194341292e-02
-4.8593686235368465e-02
-4.6691946053992177e-02
-4.4903207784195528e-02
-4.3219174066013444e-02
-4.1627960696982075e-02
-4.0125475437979410e-02
-3.8706259665151919e-02
-3.7361484613533960e-02
-3.6087282021662087e-02
-3.4880139225371490e-02
-3.3733422953726347e-02
-3.2643498810925840e-02
-3.1608192183694012e-02
-3.0622463152201518e-02
-2.9682928269459907e-02
-2.8788331601693772e-02
-2.7934798797225425e-02
-2.7119212845212643e-02
-2.6340943466898394e-02
-2.5596973432100538e-02
-2.4884463188020279e-02
-2.4203201749983090e-02
-2.3550804296568736e-02
-2.2924714469312081e-02
-2.2324994034801020e-02
-2.1749725101043210e-02
-2.1196635273119897e-02
-2.0665954825567150e-02
-2.0156109997372971e-02
-1.9665109155248887e-02
-1.9193276573885195e-02
-1.8739290786378239e-02
-1.8301434520183048e-02
-1.7880073032914525e-02
-1.7474068116438795e-02
-1.7081968216638238e-02
-1.6704141876411525e-02
-1.6339581983232664e-02
-1.5987092441829501e-02
-1.5647018606891768e-02
-1.5318444933555442e-02
-1.5000419534192521e-02
-1.4693246205684499e-02
-1.4396070903701378e-02
-1.4108174103781719e-02
-1.3829805704019458e-02
-1.3560150370598621e-02
-1.3298708950333278e-02
-1.3045669291776276e-02
-1.2800237414017826e-02
-1.2562122535778736e-02
-1.2581739869821969e-02
-1.2859752534440825e-02
-1.3146763565290452e-02
-1.3443507516073162e-02
-1.3749777219943863e-02
-1.4066364876514414e-02
-1.4393992054028262e-02
-1.4732383465557872e-02
-1.5082644558595122e-02
-1.5445479902771080e-02
-1.5820535102726595e-02
-1.6209292156732644e-02
-1.6612313039925913e-02
-1.7029520473534451e-02
-1.7462480441189549e-02
-1.7911682867691882e-02
-1.8377467259038348e-02
-1.8861422145869236e-02
-1.9363983070913211e-02
-1.9885995251328104e-02
-2.0429077823436528e-02
-2.0993609895097392e-02
-2.1581050418798247e-02
-2.2193062503941163e-02
-2.2829970394099654e-02
-2.3493979647218780e-02
-2.4186744883345563e-02
-2.4908762413057828e-02
-2.5662929655326884e-02
-2.6450765555532718e-02
-2.7273650943964393e-02
-2.8134685666797426e-02
-2.9035469754510372e-02
-2.9978487901652692e-02
-3.0967115486216203e-02
-3.2003091171986443e-02
-3.3090285857181247e-02
-3.4232409607579152e-02
-3.5431569647187071e-02
-3.6693251359736341e-02
-3.8021267155034615e-02
-3.9419532635145763e-02
-4.0894334524215988e-02
-4.2450136102664494e-02
-4.4093215072047526e-02
-4.5830977447000737e-02
-4.7668847848549904e-02
-4.9616227773010342e-02
-5.1681691189765767e-02
-5.3873374064336989e-02
-5.6203596636882722e-02
-5.8682827683145818e-02
-6.1323900240572583e-02
-6.4142342555828527e-02
-6.7151804100362852e-02
-7.0371703014105599e-02
-7.3821771556029425e-02
-7.7522162186606375e-02
-8.1500085427509958e-02
-8.5781891022328749e-02
-9.0396984895300098e-02
-9.5384074954820666e-02
-1.0078044050281137e-01
-1.0663494965816545e-01
-1.1299951718184383e-01
-1.1993237211467536e-01
-1.2750599076320906e-01
-1.3579745749734301e-01
-1.4490121267407752e-01
-1.5492728992014629e-01
-1.6599781920171736e-01
-1.7826774219529887e-01
-1.9191153748500656e-01
-2.0713963388025106e-01
-2.2420891629604181e-01
-2.4341771790678376e-01
-2.6514307833486239e-01
-2.8983790940583309e-01
-3.1805972293949741e-01
-3.5051547934253430e-01
-3.8807782690075604e-01
-4.3185504537687219e-01
-4.8327187321677018e-01
-5.4422640458165839e-01
-6.1722569091860369e-01
-7.0561672921108221e-01
-8.1401544461632425e-01
-9.4887550894436890e-01
-1.1191609910110130e+00
-1.3386749886524989e+00
-1.6280583982741998e+00
-2.0189978872345034e+00
-2.5649555197165794e+00
-3.3552826037216898e+00
-4.5519802968279937e+00
-6.4542889181645462e+00
-9.6002169585430508e+00
-1.4471638847274233e+01
-1.8110430611856742e+01
0.0000000000000000e+00
2.4055929233035767e-01
0.0000000000000000e+00
0.0000000000000000e+00
];
