%Vec Object:sol 1 MPI processes
%  type: mpi
sol = [
0.0000000000000000e+00
-4.1617601458439964e+01
-2.4404957249590023e+01
-1.3075963827618365e+01
-7.6629581716155313e+00
-4.9373238498046845e+00
-3.4203112034009893e+00
-2.4998194555900435e+00
-1.9031206801376230e+00
-1.4955222656648268e+00
-1.2056097246650017e+00
-9.9197911837073660e-01
-8.3020841125871436e-01
-7.0497236135823638e-01
-6.0600693516322912e-01
-5.2646493862084276e-01
-4.6163484706888963e-01
-4.0809284068303614e-01
-3.6330882615597110e-01
-3.2551756096389839e-01
-2.9335765252992380e-01
-2.6571744244102180e-01
-2.4182496229154768e-01
-2.2103816382872077e-01
-2.0281898421742706e-01
-1.8676836962846111e-01
-1.7256804296406247e-01
-1.5993525620378657e-01
-1.4863895079049055e-01
-1.3851265316604969e-01
-1.2939884483715139e-01
-1.2115041091478090e-01
-1.1367767351279930e-01
-1.0688687148805552e-01
-1.0068384115754854e-01
-9.5012900577985032e-02
-8.9817154028999674e-02
-8.5036923156257396e-02
-8.0632045477627798e-02
-7.6568424806492466e-02
-7.2807325231412978e-02
-6.9317948579870864e-02
-6.6079975048157935e-02
-6.3067838542545607e-02
-6.0256797616040830e-02
-5.7635061439701735e-02
-5.5185578839891745e-02
-5.2887794006957166e-02
-5.0735284424846039e-02
-4.8716192488543399e-02
-4.6814335573490934e-02
-4.5025224988416955e-02
-4.3340423189151718e-02
-4.1748422788364270e-02
-4.0245144891578717e-02
-3.8825134822018902e-02
-3.7479560737924730e-02
-3.6204558318826130e-02
-3.4996619045445335e-02
-3.3849106753284307e-02
-3.2758388796201000e-02
-3.1722295000394064e-02
-3.0735782850442036e-02
-2.9795468890227873e-02
-2.8900101912352927e-02
-2.8045805288128136e-02
-2.7229460647075172e-02
-2.6450442658971347e-02
-2.5705732110979977e-02
-2.4992487087310840e-02
-2.4310501700591097e-02
-2.3657389387199745e-02
-2.3030590737802593e-02
-2.2430172675602388e-02
-2.1854215735386796e-02
-2.1300444062967529e-02
-2.0769093061285597e-02
-2.0258587489019805e-02
-1.9766932093812657e-02
-1.9294456162299491e-02
-1.8839836762722235e-02
-1.8401353059201701e-02
-1.7979375126628765e-02
-1.7572763234376725e-02
-1.7180062510207924e-02
-1.6801646045450452e-02
-1.6436505078272802e-02
-1.6083440602490329e-02
-1.5742802189805193e-02
-1.5413672457491668e-02
-1.5095097156060175e-02
-1.4787383909112498e-02
-1.4489676588938447e-02
-1.4201253978399091e-02
-1.3922369364103905e-02
-1.3652205032407881e-02
-1.3390260910050963e-02
-1.3136727754156136e-02
-1.2890808863340717e-02
-1.2652213399464466e-02
-1.2673177590706516e-02
-1.2954443738588454e-02
-1.3244828561456968e-02
-1.3545074261031152e-02
-1.3854975555844874e-02
-1.4175332965077577e-02
-1.4506876265597617e-02
-1.4849331961736901e-02
-1.5203816607219705e-02
-1.5571043580279271e-02
-1.5950660137094470e-02
-1.6344162875462864e-02
-1.6752122353745447e-02
-1.7174465417618318e-02
-1.7612774352567969e-02
-1.8067547960925117e-02
-1.8539133659652783e-02
-1.9029137697858852e-02
-1.9538005004875382e-02
-2.0066593561028266e-02
-2.0616541865993591e-02
-2.1188239017151219e-02
-2.1783162934096295e-02
-2.2402998036655075e-02
-2.3048079324922539e-02
-2.3720639206906195e-02
-2.4422355362604967e-02
-2.5153737777891941e-02
-2.5917718833775676e-02
-2.6715841420895715e-02
-2.7549509665588598e-02
-2.8421862893878765e-02
-2.9334528167413491e-02
-3.0290025985924514e-02
-3.1291776943209455e-02
-3.2341550829967682e-02
-3.3443270675834004e-02
-3.4600698738529376e-02
-3.5815980331102844e-02
-3.7094672931076662e-02
-3.8440646692200327e-02
-3.9857877461180857e-02
-4.1352737747029536e-02
-4.2929760547116752e-02
-4.4595313605081066e-02
-4.6356907216557601e-02
-4.8220052437737845e-02
-5.0194281217420887e-02
-5.2288292850989820e-02
-5.4510347165378302e-02
-5.6872936643593386e-02
-5.9386686812893691e-02
-6.2064617241795815e-02
-6.4922477448740135e-02
-6.7974122903275230e-02
-7.1239247545550596e-02
-7.4737870075950563e-02
-7.8490441170017314e-02
-8.2524557726190606e-02
-8.6866831590408755e-02
-9.1549303849097444e-02
-9.6609769574586876e-02
-1.0208586574410035e-01
-1.0802722929712680e-01
-1.1448660991340240e-01
-1.2152318045279711e-01
-1.2921057322921692e-01
-1.3762713117470465e-01
-1.4686881843665814e-01
-1.5704223213954649e-01
-1.6827402968968111e-01
-1.8072265993846767e-01
-1.9456509535097843e-01
-2.1001475509086745e-01
-2.2733215246923247e-01
-2.4681982762067292e-01
-2.6886009147365647e-01
-2.9391216039065826e-01
-3.2254125750633844e-01
-3.5546404504023993e-01
-3.9356506462693119e-01
-4.3798750524466140e-01
-4.9019771956574620e-01
-5.5207287990253029e-01
-6.2611289603248199e-01
-7.1575409293216508e-01
-8.2567183199004590e-01
-9.6241269300741383e-01
-1.1352852590873321e+00
-1.3577984730469654e+00
-1.6510664350999473e+00
-2.0475768601792015e+00
-2.6007726578870414e+00
-3.4015352584090977e+00
-4.6137803576963154e+00
-6.5410312068017866e+00
-9.7278234823275760e+00
-1.4671045735218506e+01
-1.8379206598704044e+01
0.0000000000000000e+00
2.4055929233035767e-01
0.0000000000000000e+00
0.0000000000000000e+00
];
