%Vec Object:sol 1 MPI processes
%  type: mpi
sol = [
0.0000000000000000e+00
-7.1097799849774816e+01
-3.4562844696949341e+01
-1.6792915314297904e+01
-9.4430109374277098e+00
-5.9607585277864130e+00
-4.0786530877072780e+00
-2.9569233014914089e+00
-2.2380813801562418e+00
-1.7512451492252181e+00
-1.4068953405182454e+00
-1.1541641652858008e+00
-9.6368991066196075e-01
-8.1666254929284177e-01
-7.0075832454489639e-01
-6.0770062175203998e-01
-5.3199682141022520e-01
-4.6958397316572070e-01
-4.1747632961549702e-01
-3.7358613671623631e-01
-3.3627786094740830e-01
-3.0424632936615764e-01
-2.7658411348985157e-01
-2.5253862286647527e-01
-2.3148084928349646e-01
-2.1294398061771214e-01
-1.9655206902005495e-01
-1.8197470264371512e-01
-1.6894932387279513e-01
-1.5728112911629633e-01
-1.4678657875865195e-01
-1.3729489620684604e-01
-1.2870109824768844e-01
-1.2089614814770190e-01
-1.1377109627626826e-01
-1.0726088290745178e-01
-1.0129939793723680e-01
-9.5817708299722762e-02
-9.0769129383196853e-02
-8.6113996539624774e-02
-8.1807615829719876e-02
-7.7814386953659109e-02
-7.4110593341771253e-02
-7.0666750149518370e-02
-6.7454418361777652e-02
-6.4459739715148331e-02
-6.1663042989845401e-02
-5.9040828991422580e-02
-5.6585436804397808e-02
-5.4283186423171967e-02
-5.2115641044734852e-02
-5.0077623758969750e-02
-4.8159568792661346e-02
-4.6347960125503199e-02
-4.4637978948973554e-02
-4.3023306986051953e-02
-4.1493913318527142e-02
-4.0045296135951050e-02
-3.8673361190471420e-02
-3.7370578280461898e-02
-3.6132757590880187e-02
-3.4957333236414583e-02
-3.3838587802736769e-02
-3.2772650514943345e-02
-3.1758004838392882e-02
-3.0790258316284201e-02
-2.9865867272220729e-02
-2.8984030448759572e-02
-2.8141329136831598e-02
-2.7334552064890633e-02
-2.6563378281334180e-02
-2.5825107417128124e-02
-2.5116861397883893e-02
-2.4438633036304308e-02
-2.3788252571154852e-02
-2.3163171416589259e-02
-2.2563577900533472e-02
-2.1987693816816683e-02
-2.1433292722762946e-02
-2.0900674127289930e-02
-2.0388347590820026e-02
-1.9894398531826434e-02
-1.9419177759171697e-02
-1.8961404735452055e-02
-1.8519464456276356e-02
-1.8093716567962579e-02
-1.7683031727266148e-02
-1.7286080831794864e-02
-1.6903202628219875e-02
-1.6533374577430839e-02
-1.6175539030082359e-02
-1.5829993280241011e-02
-1.5495787911770913e-02
-1.5172121901327435e-02
-1.4859237340949370e-02
-1.4556232473272935e-02
-1.4262548140646659e-02
-1.3978362215804358e-02
-1.3702801270668519e-02
-1.3435533421868654e-02
-1.3444122056065740e-02
-1.3728512106196529e-02
-1.4021932950536305e-02
-1.4325139538391971e-02
-1.4637881786044322e-02
-1.4960973326966023e-02
-1.5295149157552311e-02
-1.5640083536796544e-02
-1.5996916104556263e-02
-1.6366357001969086e-02
-1.6747992911659539e-02
-1.7143353920359414e-02
-1.7552991834578927e-02
-1.7976781782540870e-02
-1.8416331996622366e-02
-1.8872110407316664e-02
-1.9344425146107482e-02
-1.9834896132562965e-02
-2.0343925261720342e-02
-2.0872343451369704e-02
-2.1421791111192266e-02
-2.1992606650876316e-02
-2.2586207964632610e-02
-2.3204238674133487e-02
-2.3846957546939936e-02
-2.4516644687722883e-02
-2.5214941406584868e-02
-2.5942275851078098e-02
-2.6701573248964737e-02
-2.7494313110110670e-02
-2.8321825901585246e-02
-2.9187220019504710e-02
-3.0092035738534348e-02
-3.1038724143371037e-02
-3.2030646853158429e-02
-3.3069459604381776e-02
-3.4159013882682443e-02
-3.5302978479426164e-02
-3.6503355011293079e-02
-3.7765615579225316e-02
-3.9093487753602718e-02
-4.0490790389732398e-02
-4.1963760377811521e-02
-4.3516737754342762e-02
-4.5155904882752569e-02
-4.6888572252993976e-02
-4.8719993410001411e-02
-5.0659463874523365e-02
-5.2715394566949791e-02
-5.4895715238875438e-02
-5.7212584800128384e-02
-5.9676226033850630e-02
-6.2299224370162769e-02
-6.5096848467585969e-02
-6.8082396476991408e-02
-7.1274959554295927e-02
-7.4693865373130428e-02
-7.8358786450977505e-02
-8.2296445970360566e-02
-8.6532460839355854e-02
-9.1097747180320418e-02
-9.6028809380983585e-02
-1.0136182882279839e-01
-1.0714475074828943e-01
-1.1342839151606543e-01
-1.2026970993242683e-01
-1.2773973186585880e-01
-1.3591382384667480e-01
-1.4488443936381309e-01
-1.5475926933459744e-01
-1.6565768133381070e-01
-1.7773134587771866e-01
-1.9115084378986419e-01
-2.0612194460318234e-01
-2.2289589812057239e-01
-2.4176425659158476e-01
-2.6308706019634104e-01
-2.8730232442684184e-01
-3.1496207271665888e-01
-3.4675556040896682e-01
-3.8353310302171162e-01
-4.2639384273266173e-01
-4.7674738401247030e-01
-5.3642358181403582e-01
-6.0787255138759932e-01
-6.9436455666068819e-01
-8.0025742210124062e-01
-9.3194910008794463e-01
-1.0984394929274421e+00
-1.3130488397157558e+00
-1.5953977990903312e+00
-1.9774911801123682e+00
-2.5103639231235273e+00
-3.2823489967704433e+00
-4.4508675409459890e+00
-6.3091580633318660e+00
-9.3782614242941680e+00
-1.4115885977990166e+01
-1.7620200166329042e+01
0.0000000000000000e+00
1.3464638167935297e-01
0.0000000000000000e+00
0.0000000000000000e+00
];
