%Vec Object:sol 1 MPI processes
%  type: mpi
sol = [
0.0000000000000000e+00
-4.1029084882078017e+01
-2.4211770084240410e+01
-1.3019661865954296e+01
-7.6408206372623670e+00
-4.9274951558473719e+00
-3.4144971120159759e+00
-2.4961916412952192e+00
-1.9009286506099141e+00
-1.4939188098518839e+00
-1.2043829191162965e+00
-9.9111965354201259e-01
-8.2964674250235726e-01
-7.0453092904477732e-01
-6.0565895852555851e-01
-5.2619080803493046e-01
-4.6141979428332947e-01
-4.0792564825897432e-01
-3.6319335321444063e-01
-3.2546250781437253e-01
-2.9334916618733192e-01
-2.6573281813033106e-01
-2.4185360627249211e-01
-2.2107793243246518e-01
-2.0286813632679354e-01
-1.8682544835484743e-01
-1.7263181868732105e-01
-1.6000470608957351e-01
-1.4871321737037760e-01
-1.3859099636119354e-01
-1.2948063718985953e-01
-1.2123512595535239e-01
-1.1376484950958111e-01
-1.0697611242236615e-01
-1.0077481063948408e-01
-9.5105303584730252e-02
-8.9910735081264043e-02
-8.5131461839185976e-02
-8.0727349162732068e-02
-7.6664325927730148e-02
-7.2903677620025795e-02
-6.9414623867313410e-02
-6.6176862257312563e-02
-6.3164840386035467e-02
-6.0353827053436913e-02
-5.7732044782020951e-02
-5.5282451798089202e-02
-5.2984496589441384e-02
-5.0831767987266671e-02
-4.8812414995498515e-02
-4.6910254726835632e-02
-4.5120981911935046e-02
-4.3436316022291331e-02
-4.1844376053929849e-02
-4.0341088819300291e-02
-3.8921009390539968e-02
-3.7575309293187933e-02
-3.6300132489940920e-02
-3.5091978435981684e-02
-3.3944212718076579e-02
-3.2853207702290811e-02
-3.1816800171855744e-02
-3.0829948391894048e-02
-2.9889271497082297e-02
-2.8993524593798871e-02
-2.8138831277660550e-02
-2.7322073932207164e-02
-2.6542633134142724e-02
-2.5797489568649648e-02
-2.5083800721861716e-02
-2.4401366323061290e-02
-2.3747799504886129e-02
-2.3120539310173792e-02
-2.2519658028046848e-02
-2.1943235738937823e-02
-2.1388994270791148e-02
-2.0857174249162277e-02
-2.0346200305514706e-02
-1.9854074476835848e-02
-1.9381136437259312e-02
-1.8926061588633112e-02
-1.8487094715440446e-02
-1.8064583743922096e-02
-1.7657446174671347e-02
-1.7264206160874686e-02
-1.6885260387811220e-02
-1.6519598632794681e-02
-1.6166019348814654e-02
-1.5824875704998284e-02
-1.5495248703975326e-02
-1.5176182036650191e-02
-1.4867986588761697e-02
-1.4569804414194431e-02
-1.4280912818122538e-02
-1.4001567973044159e-02
-1.3730950098827006e-02
-1.3468558312807744e-02
-1.3214585846350501e-02
-1.2968233645239106e-02
-1.2729210805709058e-02
-1.2751309571876989e-02
-1.3035338888574947e-02
-1.3328588719248691e-02
-1.3631807751893807e-02
-1.3944792255953468e-02
-1.4268349805290700e-02
-1.4603217129829543e-02
-1.4949122196269510e-02
-1.5307190981740859e-02
-1.5678144316271590e-02
-1.6061630789849027e-02
-1.6459159391222222e-02
-1.6871307922687307e-02
-1.7298006664373713e-02
-1.7740851725361311e-02
-1.8200349386712316e-02
-1.8676853716192932e-02
-1.9171985971626559e-02
-1.9686198976811842e-02
-2.0220361481023456e-02
-2.0776128368518526e-02
-2.1353897123981599e-02
-2.1955161697147840e-02
-2.2581624521055950e-02
-2.3233629611938346e-02
-2.3913432088242155e-02
-2.4622729098025320e-02
-2.5362042098442620e-02
-2.6134333043081440e-02
-2.6941165004150738e-02
-2.7783961725911115e-02
-2.8665895898091272e-02
-2.9588617341440773e-02
-3.0554676758912994e-02
-3.1567532921847323e-02
-3.2628981804743593e-02
-3.3742990445993506e-02
-3.4913365132495565e-02
-3.6142283204394089e-02
-3.7435363012414971e-02
-3.8796523361873711e-02
-4.0229790842912491e-02
-4.1741610342412208e-02
-4.3336573555976518e-02
-4.5021124126860448e-02
-4.6802860270782315e-02
-4.8687365774587807e-02
-5.0684282581537836e-02
-5.2802415558196411e-02
-5.5050128790087527e-02
-5.7440059934776570e-02
-5.9982966467086736e-02
-6.2692025032684423e-02
-6.5583171527252737e-02
-6.8670434730579738e-02
-7.1973740850123355e-02
-7.5513349681415931e-02
-7.9309962764683786e-02
-8.3391502353725167e-02
-8.7784903802912734e-02
-9.2522591734089624e-02
-9.7642809906470146e-02
-1.0318365231771166e-01
-1.0919534175753112e-01
-1.1573125742204338e-01
-1.2285127903893786e-01
-1.3062990615159500e-01
-1.3914641376383013e-01
-1.4849789774454708e-01
-1.5879748957893366e-01
-1.7017079409262564e-01
-1.8277710374932321e-01
-1.9679584377516524e-01
-2.1244278216235102e-01
-2.2996944420412233e-01
-2.4969196115898359e-01
-2.7199734258797542e-01
-2.9735009181544614e-01
-3.2632189620194874e-01
-3.5963754840414264e-01
-3.9819155162240866e-01
-4.4313985069030598e-01
-4.9596500440463587e-01
-5.5859163232705944e-01
-6.3359666511574775e-01
-7.2429158956933415e-01
-8.3548396543148606e-01
-9.7379281943614848e-01
-1.1486741216162422e+00
-1.3738773238352198e+00
-1.6703958644386907e+00
-2.0715746945105500e+00
-2.6306854720080848e+00
-3.4402952196510337e+00
-4.6654978655808890e+00
-6.6135042708584155e+00
-9.8341780008034227e+00
-1.4836812232003865e+01
-1.8602415632944410e+01
0.0000000000000000e+00
2.4055929233035767e-01
0.0000000000000000e+00
0.0000000000000000e+00
];
