%Vec Object:sol 1 MPI processes
%  type: mpi
sol = [
0.0000000000000000e+00
-4.2016012690995424e+01
-2.4534491711410961e+01
-1.3111794257109574e+01
-7.6768364737168922e+00
-4.9439938413319968e+00
-3.4239492435069718e+00
-2.5023044781897008e+00
-1.9046068659616717e+00
-1.4966318166232311e+00
-1.2064603630413804e+00
-9.9248724388747323e-01
-8.3060656660847709e-01
-7.0528685383548517e-01
-6.0625637309895963e-01
-5.2666294559093374e-01
-4.6179168035402562e-01
-4.0817993294391958e-01
-3.6334853141381174e-01
-3.2554080796383716e-01
-2.9336726761575882e-01
-2.6571565579699230e-01
-2.4181362558538097e-01
-2.2101879692096188e-01
-2.0279282249171982e-01
-1.8673644733182515e-01
-1.7253123363086970e-01
-1.5989428716090895e-01
-1.4859443232033706e-01
-1.3846511262868458e-01
-1.2934872992375612e-01
-1.2109809756789759e-01
-1.1362349211767020e-01
-1.0683110591333597e-01
-1.0062673265697354e-01
-9.4954661348378669e-02
-8.9757968288416590e-02
-8.4976949934092480e-02
-8.0571424166461111e-02
-7.6507277095536050e-02
-7.2745798960938551e-02
-6.9255143287115281e-02
-6.6015793378933096e-02
-6.3002506964120963e-02
-6.0190514380417622e-02
-5.7567997590409647e-02
-5.5117883361625548e-02
-5.2819599761653797e-02
-5.0666704867802503e-02
-4.8647326411816884e-02
-4.6745272001572510e-02
-4.4956212958500386e-02
-4.3271853733257488e-02
-4.1680308915846065e-02
-4.0177489146729292e-02
-3.8757937558901556e-02
-3.7412824109184319e-02
-3.6138282278704151e-02
-3.4930801233564325e-02
-3.3783746488010725e-02
-3.2693484433285291e-02
-3.1657842406470932e-02
-3.0671779391036401e-02
-2.9731911958873609e-02
-2.8836986246272605e-02
-2.7983126935260838e-02
-2.7167216443001622e-02
-2.6388626654309844e-02
-2.5644339494894804e-02
-2.4931514400049207e-02
-2.4249942611521160e-02
-2.3597238564159212e-02
-2.2970844585076009e-02
-2.2370824692049731e-02
-2.1795260319730909e-02
-2.1241877578153084e-02
-2.0710908980242915e-02
-2.0200780129676407e-02
-1.9709497826040728e-02
-1.9237388531493784e-02
-1.8783130148685132e-02
-1.8345003860085037e-02
-1.7923377025952199e-02
-1.7517110781114141e-02
-1.7124752131501553e-02
-1.6746671605593403e-02
-1.6381861377348438e-02
-1.6029124087517981e-02
-1.5688806932052848e-02
-1.5359993569371365e-02
-1.5041731085981001e-02
-1.4734324950037288e-02
-1.4436920212547470e-02
-1.4148796614028463e-02
-1.3870205532887448e-02
-1.3600330600574209e-02
-1.3338672265119283e-02
-1.3085419646156204e-02
-1.2839777578720466e-02
-1.2601455258812618e-02
-1.2621662983746144e-02
-1.2901098590252022e-02
-1.3189585234780230e-02
-1.3487860817625827e-02
-1.3795719004212193e-02
-1.4113955634780901e-02
-1.4443295870792985e-02
-1.4783465217753165e-02
-1.5135573982351561e-02
-1.5500330591498947e-02
-1.5877381382699941e-02
-1.6268214741254540e-02
-1.6673396403517678e-02
-1.7092850905180951e-02
-1.7528151363489335e-02
-1.7979791595522768e-02
-1.8448114577886934e-02
-1.8934716597201206e-02
-1.9440037313706283e-02
-1.9964927537939169e-02
-2.0511014884890204e-02
-2.1078682846621840e-02
-2.1669398683759309e-02
-2.2284834839857097e-02
-2.2925320281674710e-02
-2.3593072325474199e-02
-2.4289755695478237e-02
-2.5015872705790032e-02
-2.5774336085995702e-02
-2.6566675278818137e-02
-2.7394281329848499e-02
-2.8260271378993344e-02
-2.9166257310538856e-02
-3.0114739511665774e-02
-3.1109113171868191e-02
-3.2151130608509701e-02
-3.3244685562656424e-02
-3.4393510974203047e-02
-3.5599730776676893e-02
-3.6868861941775237e-02
-3.8204742196206662e-02
-3.9611313557663355e-02
-4.1094900345593322e-02
-4.2659996413046165e-02
-4.4312918933490222e-02
-4.6061119632629821e-02
-4.7910061042139775e-02
-4.9869201840087057e-02
-5.1947170946094044e-02
-5.4152158645956204e-02
-5.6496560688378702e-02
-5.8990914592822456e-02
-6.1648135190548722e-02
-6.4483847749088219e-02
-6.7511792094379269e-02
-7.0751507302256877e-02
-7.4222851253788649e-02
-7.7946107221644426e-02
-8.1948655107855151e-02
-8.6256890856056478e-02
-9.0902599624034422e-02
-9.5923277093406978e-02
-1.0135625509277468e-01
-1.0725077989438819e-01
-1.1365839391331982e-01
-1.2063541731644065e-01
-1.2825732413422225e-01
-1.3660169203657554e-01
-1.4576355917133338e-01
-1.5585365405761401e-01
-1.6699488079028971e-01
-1.7934315084178795e-01
-1.9307403736267478e-01
-2.0839928170979402e-01
-2.2557736149362220e-01
-2.4490845683339169e-01
-2.6677192163871638e-01
-2.9162343603444901e-01
-3.2002389824691074e-01
-3.5268452959419760e-01
-3.9048320266331771e-01
-4.3455456430950490e-01
-4.8632783058044843e-01
-5.4766631424833778e-01
-6.2112233306266895e-01
-7.1006210021940552e-01
-8.1912767373820494e-01
-9.5481973420119692e-01
-1.1262339531498828e+00
-1.3470652600399458e+00
-1.6381553372102269e+00
-2.0315413517775536e+00
-2.5807670598858947e+00
-3.3755929955556301e+00
-4.5791283349049081e+00
-6.4924113096949077e+00
-9.6563387510574632e+00
-1.4559404965077920e+01
-1.8228760767855857e+01
0.0000000000000000e+00
2.4055929233035767e-01
0.0000000000000000e+00
0.0000000000000000e+00
];
