%Vec Object:sol 1 MPI processes
%  type: mpi
sol = [
0.0000000000000000e+00
-4.2345503158413628e+01
-2.4640611330321278e+01
-1.3141163910902041e+01
-7.6879616695936885e+00
-4.9494850430737207e+00
-3.4269502829818901e+00
-2.5043563452909781e+00
-1.9058373994956443e+00
-1.4975513766746196e+00
-1.2070537142808233e+00
-9.9291221319749723e-01
-8.3094030552244214e-01
-7.0555114253506812e-01
-6.0646662490571035e-01
-5.2683044703597370e-01
-4.6187718270645839e-01
-4.0823354366178322e-01
-3.6338534313941706e-01
-3.2556378513344830e-01
-2.9337877225783532e-01
-2.6571755249905299e-01
-2.4180746323003957e-01
-2.2100584751717053e-01
-2.0277412045170815e-01
-1.8671285914915758e-01
-1.7250349166942075e-01
-1.5986300154109132e-01
-1.4856011526650501e-01
-1.3842820719379043e-01
-1.2930961251609305e-01
-1.2105708437001537e-01
-1.1358086139075049e-01
-1.0678709697612460e-01
-1.0058153048113032e-01
-9.4907146685176580e-02
-8.9707528144188531e-02
-8.4924052320121207e-02
-8.0516468734997224e-02
-7.6450605284106257e-02
-7.2687661820554458e-02
-6.9196786687412151e-02
-6.5957611943673375e-02
-6.2944532038180304e-02
-6.0132773973923040e-02
-5.7510513954875546e-02
-5.5060675286117695e-02
-5.2762685413813827e-02
-5.0610097197086888e-02
-4.8591035885728301e-02
-4.6689309998797737e-02
-4.4900586453583267e-02
-4.3216567790400361e-02
-4.1625369856514202e-02
-4.0122900263124962e-02
-3.8703700292386747e-02
-3.7358941235562035e-02
-3.6084754739513822e-02
-3.4877628044459617e-02
-3.3730927934586777e-02
-3.2641019971026662e-02
-3.1605729440278868e-02
-3.0620016473178680e-02
-2.9680497618726424e-02
-2.8785916837867638e-02
-2.7932399824113528e-02
-2.7116829592655510e-02
-2.6338575755427827e-02
-2.5594621122081145e-02
-2.4882126188230973e-02
-2.4200879857198467e-02
-2.3548497342930342e-02
-2.2922422350834724e-02
-2.2322716534549574e-02
-2.1747462034335332e-02
-2.1194386528440842e-02
-2.0663720179313862e-02
-2.0153889256591329e-02
-1.9662902203964716e-02
-1.9191083186744208e-02
-1.8737110768620249e-02
-1.8299267753165500e-02
-1.7877919292919466e-02
-1.7471927211825361e-02
-1.7079840026831588e-02
-1.6702026181652816e-02
-1.6337478598771445e-02
-1.5985001245371395e-02
-1.5644939384180930e-02
-1.5316377509604802e-02
-1.4998363784690353e-02
-1.4691201922889432e-02
-1.4394037924568377e-02
-1.4106152301566635e-02
-1.3827794878077242e-02
-1.3558150371514015e-02
-1.3296719648325092e-02
-1.3043690493595187e-02
-1.2798268985143290e-02
-1.2560164342637535e-02
-1.2579752193288756e-02
-1.2857693921256982e-02
-1.3144631388535864e-02
-1.3441298981965322e-02
-1.3747489493024071e-02
-1.4063994939813288e-02
-1.4391536711392594e-02
-1.4729839481113916e-02
-1.5080008454214327e-02
-1.5442748007940803e-02
-1.5817703710149820e-02
-1.6206357240688120e-02
-1.6609270387052049e-02
-1.7026365779755359e-02
-1.7459209046748598e-02
-1.7908289918588609e-02
-1.8373947728003416e-02
-1.8857770618860400e-02
-1.9360193928350578e-02
-1.9882062594533199e-02
-2.0424995330845051e-02
-2.0989371026230802e-02
-2.1576648218725465e-02
-2.2188489552090941e-02
-2.2825219033999138e-02
-2.3489041635884535e-02
-2.4181611473631008e-02
-2.4903424557999643e-02
-2.5657377544234323e-02
-2.6444988853793254e-02
-2.7267638807207679e-02
-2.8128426387551021e-02
-2.9028951033916405e-02
-2.9971696657529252e-02
-3.0960037648046241e-02
-3.1995711987347714e-02
-3.3082589433927771e-02
-3.4224378911975988e-02
-3.5423186811105907e-02
-3.6684496938994705e-02
-3.8012120441674353e-02
-3.9409971602566846e-02
-4.0884335269580435e-02
-4.2439673196884894e-02
-4.4082261115874898e-02
-4.5819502759655205e-02
-4.7656820856484330e-02
-4.9603614048687225e-02
-5.1668453562678837e-02
-5.3859472652114319e-02
-5.6188987788435514e-02
-5.8667464315650335e-02
-6.1307731188029110e-02
-6.4125311810313126e-02
-6.7133851142810605e-02
-7.0352761286894272e-02
-7.3801768270868623e-02
-7.7501017490747781e-02
-8.1477703984708771e-02
-8.5757901114978316e-02
-9.0371291396017697e-02
-9.5356804686531765e-02
-1.0075146166277819e-01
-1.0660411497789346e-01
-1.1296666277582959e-01
-1.1989731543923668e-01
-1.2746852638282047e-01
-1.3575735537510197e-01
-1.4485821296094559e-01
-1.5488109811230966e-01
-1.6594810218931585e-01
-1.7821411850331398e-01
-1.9185357105002790e-01
-2.0707682317764564e-01
-2.2414068036467860e-01
-2.4334338366341690e-01
-2.6506185725680742e-01
-2.8974887487158990e-01
-3.1796177938044889e-01
-3.5040731857329266e-01
-3.8795788013393412e-01
-4.3171892441128695e-01
-4.8311950510103430e-01
-5.4405488503294852e-01
-6.1703138724956941e-01
-7.0539504869124803e-01
-8.1376048862148964e-01
-9.4857455090393517e-01
-1.1188082567756521e+00
-1.3382564958321579e+00
-1.6275546533302316e+00
-2.0183721366690786e+00
-2.5641630604473020e+00
-3.3542691836047376e+00
-4.5506253282651414e+00
-6.4523855447972380e+00
-9.5974133388826353e+00
-1.4467251989213793e+01
-1.8104515317867040e+01
0.0000000000000000e+00
2.4055929233035767e-01
0.0000000000000000e+00
0.0000000000000000e+00
];
