%Vec Object:sol 1 MPI processes
%  type: mpi
sol = [
0.0000000000000000e+00
-7.4136028834149087e+01
-3.5039828436883745e+01
-1.6859701786887300e+01
-9.4506783153043212e+00
-5.9553813777356375e+00
-4.0717887908829038e+00
-2.9506982657465302e+00
-2.2328090819033553e+00
-1.7464187274468510e+00
-1.4026991241366191e+00
-1.1505455065722616e+00
-9.6042446013645966e-01
-8.1370412410012827e-01
-6.9806460635320344e-01
-6.0532742654215710e-01
-5.2983710700729036e-01
-4.6758491277845599e-01
-4.1561767343432460e-01
-3.7185094722223561e-01
-3.3465181243373587e-01
-3.0271721000094787e-01
-2.7514154388600331e-01
-2.5117369475281137e-01
-2.3018587348233158e-01
-2.1171229549246798e-01
-1.9538170078101980e-01
-1.8086525443879631e-01
-1.6789450478123547e-01
-1.5627553713332529e-01
-1.4582271819772544e-01
-1.3636695896537523e-01
-1.2780641396596848e-01
-1.2003231882136303e-01
-1.1293599555955425e-01
-1.0645256588222157e-01
-1.0051609636957269e-01
-9.5057841140472041e-02
-9.0031247560657460e-02
-8.5396761922046913e-02
-8.1109820446987890e-02
-7.7134929343144559e-02
-7.3448438028695245e-02
-7.0020952147294632e-02
-6.6824126098502329e-02
-6.3844136311179786e-02
-6.1061373600522564e-02
-5.8452425823075339e-02
-5.6009644495702095e-02
-5.3719393594703582e-02
-5.1563312165941254e-02
-4.9536227951182350e-02
-4.7628605973619148e-02
-4.5826989840805958e-02
-4.4126568629470606e-02
-4.2521042417397653e-02
-4.1000427326345124e-02
-3.9560232813380974e-02
-3.8196373583125776e-02
-3.6901356646748658e-02
-3.5671006484100820e-02
-3.4502759108484923e-02
-3.3390926683852545e-02
-3.2331655099869142e-02
-3.1323424505592133e-02
-3.0361866111384573e-02
-2.9443454529508716e-02
-2.8567381434020895e-02
-2.7730247233550248e-02
-2.6928859880709161e-02
-2.6162888720371053e-02
-2.5429649042864686e-02
-2.4726282269058222e-02
-2.4052769782058878e-02
-2.3406954917604455e-02
-2.2786308251960624e-02
-2.2191005672546813e-02
-2.1619280236767811e-02
-2.1068923779164514e-02
-2.0540222951075996e-02
-2.0031697348855761e-02
-1.9541449305508940e-02
-1.9069816821921274e-02
-1.8615528666733917e-02
-1.8176984961996163e-02
-1.7754532988869361e-02
-1.7347052398382440e-02
-1.6953227066808296e-02
-1.6573384126060558e-02
-1.6206510063560588e-02
-1.5851557743680522e-02
-1.5508813861623089e-02
-1.5177338352922509e-02
-1.4856337978902446e-02
-1.4546045453333382e-02
-1.4245568941568764e-02
-1.3954354114518185e-02
-1.3672570857291436e-02
-1.3399356439549386e-02
-1.3134380651532735e-02
-1.3139133940858833e-02
-1.3413336539090727e-02
-1.3696189529226372e-02
-1.3988423211701219e-02
-1.4289781814385276e-02
-1.4601052120834346e-02
-1.4922942732136953e-02
-1.5255122494032190e-02
-1.5598695174260669e-02
-1.5954342627216934e-02
-1.6321646522037905e-02
-1.6702089795164705e-02
-1.7096196729348229e-02
-1.7503829338409525e-02
-1.7926543273637713e-02
-1.8364777968141427e-02
-1.8818816114376032e-02
-1.9290220520697267e-02
-1.9779362875927953e-02
-2.0287032906288208e-02
-2.0814806623613825e-02
-2.1362984428041142e-02
-2.1932967168730826e-02
-2.2526355109973809e-02
-2.3143376957257697e-02
-2.3786172438882692e-02
-2.4456309410031046e-02
-2.5154172595028265e-02
-2.5882575638537377e-02
-2.6642921771952297e-02
-2.7436467201424668e-02
-2.8266194351538487e-02
-2.9133557288205734e-02
-3.0040892807123493e-02
-3.0991418220923286e-02
-3.1986689829000658e-02
-3.3030392648381139e-02
-3.4126028770640561e-02
-3.5275477851658847e-02
-3.6483982439823523e-02
-3.7755084172996410e-02
-3.9092424211820152e-02
-4.0501948111148413e-02
-4.1987488896898920e-02
-4.3554995711637637e-02
-4.5211619064763932e-02
-4.6962328583590743e-02
-4.8815994663544977e-02
-5.0780618010474912e-02
-5.2863721274662982e-02
-5.5076900447998942e-02
-5.7429862630526143e-02
-5.9934580360883269e-02
-6.2605595920766782e-02
-6.5455526614480508e-02
-6.8502556479782178e-02
-7.1765067751216549e-02
-7.5261745047709799e-02
-7.9018035801603062e-02
-8.3058280260405126e-02
-8.7411881945040723e-02
-9.2113575187866559e-02
-9.7197727142522991e-02
-1.0270996539586090e-01
-1.0869860465750979e-01
-1.1521778689502232e-01
-1.2233508521598435e-01
-1.3012213489629107e-01
-1.3866686765971512e-01
-1.4807170494633201e-01
-1.5845011473334103e-01
-1.6994638151956423e-01
-1.8272270553185693e-01
-1.9697478174042662e-01
-2.1294160530509543e-01
-2.3090043809337099e-01
-2.5120204941979929e-01
-2.7426757482638014e-01
-3.0061473619848128e-01
-3.3087581400005062e-01
-3.6587897113351603e-01
-4.0667135124105652e-01
-4.5459518738532412e-01
-5.1139313307488066e-01
-5.7939907891564646e-01
-6.6172937408224919e-01
-7.6268421844218637e-01
-8.8810769002195222e-01
-1.0466913949777819e+00
-1.2511492355155835e+00
-1.5205546237734753e+00
-1.8848715307792694e+00
-2.3936817173535498e+00
-3.1310096308843578e+00
-4.2477781609528957e+00
-6.0232399228590570e+00
-8.9534611481560145e+00
-1.3447907715164598e+01
-1.6720174754686145e+01
0.0000000000000000e+00
1.3464638167935297e-01
0.0000000000000000e+00
0.0000000000000000e+00
];
