%Vec Object:sol 1 MPI processes
%  type: mpi
sol = [
0.0000000000000000e+00
-4.2448952496740453e+01
-2.4672733672318238e+01
-1.3150436691957722e+01
-7.6914882438250425e+00
-4.9512310941655793e+00
-3.4279082309055200e+00
-2.5050113937124379e+00
-1.9062324788021188e+00
-1.4978467039842180e+00
-1.2072315852905124e+00
-9.9305031241568964e-01
-8.3104888445734548e-01
-7.0563726177211761e-01
-6.0653527770265114e-01
-5.2687767284469733e-01
-4.6190268207052448e-01
-4.0825235204709409e-01
-3.6339866567523799e-01
-3.2557258804034717e-01
-2.9338382507692151e-01
-2.6571946278913178e-01
-2.4180673530634814e-01
-2.2100289547110674e-01
-2.0276928110747366e-01
-1.8670641460916398e-01
-1.7249568033102178e-01
-1.5985402209579691e-01
-1.4855013455787869e-01
-1.3841736954114350e-01
-1.2929804058095193e-01
-1.2104488123645957e-01
-1.1356811799280817e-01
-1.0677369183513077e-01
-1.0056509101888175e-01
-9.4889436222078266e-02
-8.9689742726498337e-02
-8.4906218571211917e-02
-8.0498609709403660e-02
-7.6432740774600244e-02
-7.2669808936275393e-02
-6.9178960307980639e-02
-6.5939824631160882e-02
-6.2926794662894817e-02
-6.0115096240011039e-02
-5.7492903711435298e-02
-5.5043139216802789e-02
-5.2745229904701540e-02
-5.0592726976631350e-02
-4.8573754849990311e-02
-4.6672122246620776e-02
-4.4883494691350626e-02
-4.3199574088766270e-02
-4.1608476618768570e-02
-4.0106108929851531e-02
-3.8687011701524790e-02
-3.7342356597200241e-02
-3.6068274674357768e-02
-3.4861252557070101e-02
-3.3714657392622756e-02
-3.2624854466543535e-02
-3.1589668417070005e-02
-3.0604059707901511e-02
-2.9664644864919078e-02
-2.8770167166510444e-02
-2.7916752602502978e-02
-2.7101284359487693e-02
-2.6323131339551244e-02
-2.5579276613141438e-02
-2.4866880992465552e-02
-2.4185732652610165e-02
-2.3533447038754381e-02
-2.2907468273201732e-02
-2.2307857274628955e-02
-2.1732696393902320e-02
-2.1179713786618204e-02
-2.0649138885283982e-02
-2.0139398159438947e-02
-1.9648500555080880e-02
-1.9176769524656561e-02
-1.8722883831439361e-02
-1.8285126775446151e-02
-1.7863862824237929e-02
-1.7457954010935712e-02
-1.7065949315941110e-02
-1.6688216536223467e-02
-1.6323748822535494e-02
-1.5971350549296239e-02
-1.5631366379482953e-02
-1.5302881063412798e-02
-1.4984943094776972e-02
-1.4677855642571448e-02
-1.4380764998655690e-02
-1.4092951911625951e-02
-1.3814665723313298e-02
-1.3545091485317148e-02
-1.3283730192061088e-02
-1.3030769214297390e-02
-1.2785415012935565e-02
-1.2547376813754136e-02
-1.2566771731877865e-02
-1.2844249802437547e-02
-1.3130706432387704e-02
-1.3426874917754834e-02
-1.3732547776211638e-02
-1.4048515839160811e-02
-1.4375499324013254e-02
-1.4713222642869265e-02
-1.5062789417369566e-02
-1.5424902766509032e-02
-1.5799208015842468e-02
-1.6187184763866980e-02
-1.6589393570303042e-02
-1.7005756471023863e-02
-1.7437836768713591e-02
-1.7886122922707522e-02
-1.8350953131559419e-02
-1.8833913010201406e-02
-1.9335436550408345e-02
-1.9856366864348541e-02
-2.0398319900003101e-02
-2.0961673113101757e-02
-2.1547882330919543e-02
-2.2158607151818933e-02
-2.2794170038755394e-02
-2.3456772127582445e-02
-2.4148064236406256e-02
-2.4868540413025032e-02
-2.5621092318394684e-02
-2.6407234946267708e-02
-2.7228345280875036e-02
-2.8087516662591717e-02
-2.8986344658918563e-02
-2.9927308058272577e-02
-3.0913774784643591e-02
-3.1947478359368946e-02
-3.3032281085625205e-02
-3.4171884420659659e-02
-3.5368389294521477e-02
-3.6627269206275119e-02
-3.7952327034676651e-02
-3.9347468436604194e-02
-4.0818965987967352e-02
-4.2371271457807697e-02
-4.4010647689829041e-02
-4.5744483493175669e-02
-4.7578189212384318e-02
-4.9521144821141089e-02
-5.1581903601226192e-02
-5.3768581064463312e-02
-5.6093469027302063e-02
-5.8567010376971949e-02
-6.1202007371415901e-02
-6.4013951707811254e-02
-6.7016458831109668e-02
-7.0228901629669618e-02
-7.3670960218466197e-02
-7.7362784885143115e-02
-8.1329777744239717e-02
-8.5599413210936823e-02
-9.0203266677879229e-02
-9.5178459105166827e-02
-1.0056193215871102e-01
-1.0640243720987329e-01
-1.1275176356552767e-01
-1.1966799939299007e-01
-1.2722344816449702e-01
-1.3549500848410514e-01
-1.4457689559732886e-01
-1.5457888144037490e-01
-1.6562280441891683e-01
-1.7786324096373529e-01
-1.9147425737576579e-01
-2.0666578805364982e-01
-2.2369411794660465e-01
-2.4285688440883402e-01
-2.6453025514858836e-01
-2.8916609891297396e-01
-3.1732065139670579e-01
-3.4969926728770534e-01
-3.8717261046858831e-01
-4.3082775952574592e-01
-4.8212190931398441e-01
-5.4293182925019634e-01
-6.1575907022201715e-01
-7.0394337948536456e-01
-8.1209082101012775e-01
-9.4660360249213049e-01
-1.1164980874762960e+00
-1.3355154384882346e+00
-1.6242325043466297e+00
-2.0142734891209653e+00
-2.5589721479039933e+00
-3.3476299641615466e+00
-4.5417474533499824e+00
-6.4399135509309193e+00
-9.5790394102223608e+00
-1.4438496168363439e+01
-1.8065737751937235e+01
0.0000000000000000e+00
2.4055929233035767e-01
0.0000000000000000e+00
0.0000000000000000e+00
];
