%Vec Object:sol 1 MPI processes
%  type: mpi
sol = [
0.0000000000000000e+00
-4.3057669250581846e+01
-2.4858003170417703e+01
-1.3201995084502453e+01
-7.7098913555780140e+00
-4.9595682515699311e+00
-3.4319030099761472e+00
-2.5069513255548648e+00
-1.9073134263315168e+00
-1.4984628524906682e+00
-1.2072873546503082e+00
-9.9296494147870151e-01
-8.3086901037927041e-01
-7.0539341128635769e-01
-6.0619008282563602e-01
-5.2644157797398095e-01
-4.6146312708416642e-01
-4.0781351332667470e-01
-3.6296341387942943e-01
-3.2514291235064596e-01
-2.9296106693153490e-01
-2.6530451246207087e-01
-2.4140015376712609e-01
-2.2060500128369195e-01
-2.0238023208786421e-01
-1.8632624286216781e-01
-1.7212433945387132e-01
-1.5948743445541874e-01
-1.4818648891868502e-01
-1.3805761028827179e-01
-1.2894286357706153e-01
-1.2069481575730356e-01
-1.1322351540856761e-01
-1.0643498563619400e-01
-1.0023490955932973e-01
-9.4567451483888884e-02
-8.9375596680360533e-02
-8.4599590499785937e-02
-8.0199188549662861e-02
-7.6140220917109203e-02
-7.2383912449544299e-02
-6.8899428167901816e-02
-6.5666395949568676e-02
-6.2659228088659397e-02
-5.9853176056445613e-02
-5.7236406606568695e-02
-5.4791854729286098e-02
-5.2498978100909657e-02
-5.0351315943475229e-02
-4.8337001758507782e-02
-4.6439873455203895e-02
-4.4655586083584137e-02
-4.2975847563805153e-02
-4.1388797369934185e-02
-3.9890337464251191e-02
-3.8475010633168244e-02
-3.7134007092575340e-02
-3.5863457632611853e-02
-3.4659848011616326e-02
-3.3516560142497168e-02
-3.2429962328577859e-02
-3.1397876138096296e-02
-3.0415273817255319e-02
-2.9478777240231187e-02
-2.8587125040688749e-02
-2.7736452668324581e-02
-2.6923650203304571e-02
-2.6148080841053314e-02
-2.5406735321865027e-02
-2.4696782281706586e-02
-2.4018003523242917e-02
-2.3368020807949749e-02
-2.2744286508383893e-02
-2.2146854827190917e-02
-2.1573813438382151e-02
-2.1022898766072821e-02
-2.0494333438019936e-02
-1.9986548548752460e-02
-1.9497560998661956e-02
-1.9027687553460099e-02
-1.8575611146937294e-02
-1.8139622452879357e-02
-1.7720079531834378e-02
-1.7315848332124548e-02
-1.6925484411726189e-02
-1.6549349571261675e-02
-1.6186440785789954e-02
-1.5835568041111775e-02
-1.5497070514569491e-02
-1.5170036823911142e-02
-1.4853519971628183e-02
-1.4547818233101674e-02
-1.4252081921709276e-02
-1.3965595086881921e-02
-1.3688602828978087e-02
-1.3420294465772616e-02
-1.3160173002613004e-02
-1.2908422267386824e-02
-1.2664253305565623e-02
-1.2427375999686251e-02
-1.2445492072489132e-02
-1.2719177958537329e-02
-1.3001710063405440e-02
-1.3293812890674215e-02
-1.3595278303865177e-02
-1.3906887625301807e-02
-1.4229351914617820e-02
-1.4562395331782047e-02
-1.4907108625973647e-02
-1.5264185397910107e-02
-1.5633271224656218e-02
-1.6015828672632734e-02
-1.6412409589512251e-02
-1.6822933348502427e-02
-1.7248944624730731e-02
-1.7690923328619681e-02
-1.8149200520056349e-02
-1.8625342096685687e-02
-1.9119773472431458e-02
-1.9633324984996481e-02
-2.0167591619966153e-02
-2.0722942219798996e-02
-2.1300812756802456e-02
-2.1902840406231586e-02
-2.2529338923627108e-02
-2.3182480735416091e-02
-2.3863893238774223e-02
-2.4574059188751798e-02
-2.5315832831003748e-02
-2.6090706060427366e-02
-2.6900034017581214e-02
-2.7746868862314873e-02
-2.8632780970758616e-02
-2.9560213797510160e-02
-3.0532489304371351e-02
-3.1551312956168538e-02
-3.2620494407454986e-02
-3.3743683493057848e-02
-3.4922947448395671e-02
-3.6163685609552569e-02
-3.7469645463103635e-02
-3.8844672436436793e-02
-4.0294962402950975e-02
-4.1824485152597707e-02
-4.3439724186724947e-02
-4.5148012666794038e-02
-4.6954675562910060e-02
-4.8868957810885974e-02
-5.0899285425589302e-02
-5.3053650048933414e-02
-5.5344165965828029e-02
-5.7781118617406917e-02
-6.0377120958742515e-02
-6.3147438598831609e-02
-6.6105481093716778e-02
-6.9270339106591902e-02
-7.2661407332171080e-02
-7.6298489148437246e-02
-8.0208336386883100e-02
-8.4416724892288048e-02
-8.8954701958150292e-02
-9.3858898280878594e-02
-9.9165769087938935e-02
-1.0492342880948710e-01
-1.1118299364008231e-01
-1.1800180170093159e-01
-1.2545122809483883e-01
-1.3360719215662833e-01
-1.4256271627275502e-01
-1.5242619269219376e-01
-1.6331794403179112e-01
-1.7539063208670935e-01
-1.8881619176997930e-01
-2.0380200794350284e-01
-2.2060127827734183e-01
-2.3950810234279635e-01
-2.6089420731805285e-01
-2.8520619842921335e-01
-3.1299301552289738e-01
-3.4492315009998664e-01
-3.8187745208070001e-01
-4.2496563915391494e-01
-4.7561124854585407e-01
-5.3566265155641102e-01
-6.0759481534262239e-01
-6.9471275055344506e-01
-8.0156427891902104e-01
-9.3434574102468326e-01
-1.1022818778266115e+00
-1.3188370015191766e+00
-1.6041221676419444e+00
-1.9899900355588638e+00
-2.5286767329113760e+00
-3.3092666441654197e+00
-4.4910237380259383e+00
-6.3707642762341479e+00
-9.4788629884067372e+00
-1.4285733593687244e+01
-1.7863875294251262e+01
0.0000000000000000e+00
2.4055929233035767e-01
0.0000000000000000e+00
0.0000000000000000e+00
];
