%Vec Object:sol 1 MPI processes
%  type: mpi
sol = [
0.0000000000000000e+00
-4.0709782202816235e+01
-2.4106009956713084e+01
-1.2988266603193503e+01
-7.6286786581129480e+00
-4.9217629197047872e+00
-3.4111234354384590e+00
-2.4942199074819023e+00
-1.8995104408201691e+00
-1.4930547704368509e+00
-1.2037229579065276e+00
-9.9060612653891256e-01
-8.2932846518708980e-01
-7.0429801904428280e-01
-6.0547621612804936e-01
-5.2604768085425280e-01
-4.6130833739080757e-01
-4.0783982880779479e-01
-3.6312854126906319e-01
-3.2541501163705067e-01
-2.9331606594512366e-01
-2.6572416116206238e-01
-2.4187025884946683e-01
-2.2110372893693803e-01
-2.0289882221148522e-01
-1.8686025241937623e-01
-1.7267009054485233e-01
-1.6004590513668296e-01
-1.4875689072618972e-01
-1.3863675362011635e-01
-1.2952814770647311e-01
-1.2128411243154399e-01
-1.1381506921809219e-01
-1.0702735748002541e-01
-1.0082690450149945e-01
-9.5158091811140141e-02
-8.9964084208372694e-02
-8.5185256761417763e-02
-8.0781489528121211e-02
-7.6718724737811314e-02
-7.2958259042318188e-02
-6.9469321406048667e-02
-6.6231618754900801e-02
-6.3219605820654515e-02
-6.0408556633597559e-02
-5.7786700959339819e-02
-5.5337001937573349e-02
-5.3038910050707586e-02
-5.0886020349280664e-02
-4.8866485336340061e-02
-4.6964122212334578e-02
-4.5174630822091076e-02
-4.3489733273787023e-02
-4.1897548028760882e-02
-4.0394005462506481e-02
-3.8973663019372058e-02
-3.7627691422512613e-02
-3.6352236877776077e-02
-3.5143801145868458e-02
-3.3995748938753165e-02
-3.2904453775805094e-02
-3.1867754768847269e-02
-3.0880609336823864e-02
-2.9939636889026178e-02
-2.9043594916458894e-02
-2.8188606234291078e-02
-2.7371552829232627e-02
-2.6591817709040046e-02
-2.5846380854626778e-02
-2.5132398854161415e-02
-2.4449673896478109e-02
-2.3795818474075515e-02
-2.3168270382964151e-02
-2.2567104375668126e-02
-2.1990399937625422e-02
-2.1435877589783537e-02
-2.0903780291966403e-02
-2.0392531635394402e-02
-1.9900132313051540e-02
-1.9426918842649032e-02
-1.8971566966789505e-02
-1.8532351703328856e-02
-1.8109649972823869e-02
-1.7702320508542431e-02
-1.7308904490465151e-02
-1.6929781403736334e-02
-1.6563940680696561e-02
-1.6210179810160878e-02
-1.5868854245334456e-02
-1.5539044469689095e-02
-1.5219793381809052e-02
-1.4911413913224118e-02
-1.4613047416627100e-02
-1.4323970652334686e-02
-1.4044441589872754e-02
-1.3773639555916968e-02
-1.3511063434088387e-02
-1.3256907993294860e-02
-1.3010373083807522e-02
-1.2771167933869596e-02
-1.2793934268568029e-02
-1.3079521329646857e-02
-1.3374387773167372e-02
-1.3679286048986610e-02
-1.3994013501474769e-02
-1.4319381808809675e-02
-1.4656131752522958e-02
-1.5003992354338195e-02
-1.5364095099568181e-02
-1.5737167278235074e-02
-1.6122859309099638e-02
-1.6522684880475362e-02
-1.6937209123641172e-02
-1.7366374595798609e-02
-1.7811773572442471e-02
-1.8273878981597082e-02
-1.8753098265048531e-02
-1.9251060959537700e-02
-1.9768224223209337e-02
-2.0305462730326299e-02
-2.0864440396689127e-02
-2.1445559306685361e-02
-2.2050322239263745e-02
-2.2680441549942205e-02
-2.3336266193919881e-02
-2.4020063804818987e-02
-2.4733542245859570e-02
-2.5477229261002630e-02
-2.6254103101006888e-02
-2.7065737933410900e-02
-2.7913568282122447e-02
-2.8800785212058286e-02
-2.9729051047999562e-02
-3.0700933107285763e-02
-3.1719911175548919e-02
-3.2787795603899987e-02
-3.3908577651755881e-02
-3.5086087826829766e-02
-3.6322521049478688e-02
-3.7623529177281595e-02
-3.8993057756701754e-02
-4.0435161263271006e-02
-4.1956324402886699e-02
-4.3561171119096437e-02
-4.5256186785878227e-02
-4.7049017965084157e-02
-4.8945288384300636e-02
-5.0954700474578681e-02
-5.3086117120528270e-02
-5.5347959674904128e-02
-5.7752945607910680e-02
-6.0311904872011199e-02
-6.3038100416777723e-02
-6.5947570556973714e-02
-6.9054439235517448e-02
-7.2378760281586144e-02
-7.5940925913165383e-02
-7.9761775409589647e-02
-8.3869409746826121e-02
-8.8290941886187260e-02
-9.3059007036185151e-02
-9.8212095320084444e-02
-1.0378855154280696e-01
-1.0983892012099546e-01
-1.1641692572871239e-01
-1.2358283595201563e-01
-1.3141162623866337e-01
-1.3998308287796316e-01
-1.4939492133216475e-01
-1.5976099322525533e-01
-1.7120770542560931e-01
-1.8389535520969236e-01
-1.9800450155736585e-01
-2.1375288642257606e-01
-2.3140629442782623e-01
-2.5127270759702086e-01
-2.7372372138691309e-01
-2.9924160726672028e-01
-3.2840159248988665e-01
-3.6193292108845326e-01
-4.0073554801165862e-01
-4.4597239728840438e-01
-4.9913489116620652e-01
-5.6215902964575271e-01
-6.3763634416479076e-01
-7.2898254918548033e-01
-8.4087350261855476e-01
-9.8004131861041666e-01
-1.1559942960004814e+00
-1.3827013315373882e+00
-1.6809979272579780e+00
-2.0846330648919800e+00
-2.6470756685469490e+00
-3.4615176960280798e+00
-4.6937863714028021e+00
-6.6530987222155638e+00
-9.8921801478090021e+00
-1.4927045351803264e+01
-1.8723823111507297e+01
0.0000000000000000e+00
2.4055929233035767e-01
0.0000000000000000e+00
0.0000000000000000e+00
];
