%Vec Object:sol 1 MPI processes
%  type: mpi
sol = [
0.0000000000000000e+00
-7.5487439276398860e+01
-3.5244298066988392e+01
-1.6887970339322955e+01
-9.4504961389326283e+00
-5.9528220194537855e+00
-4.0684477388305398e+00
-2.9477129297654590e+00
-2.2298186167104257e+00
-1.7441946024161388e+00
-1.4005872482170993e+00
-1.1487013720755475e+00
-9.5889865762934678e-01
-8.1241237149325984e-01
-6.9682510895762917e-01
-6.0414525280068621e-01
-5.2876636285664824e-01
-4.6662739537524439e-01
-4.1475297472017764e-01
-3.7106343332178876e-01
-3.3392927481660256e-01
-3.0204995188457667e-01
-2.7451985169907311e-01
-2.5057726235858785e-01
-2.2961347085952691e-01
-2.1116263328353155e-01
-1.9485348323166460e-01
-1.8035721832171481e-01
-1.6740544272326682e-01
-1.5580429132033544e-01
-1.4537103483001476e-01
-1.3593562050904801e-01
-1.2739360204684005e-01
-1.1963643837890177e-01
-1.1255565635442312e-01
-1.0608652571312285e-01
-1.0016324825431529e-01
-9.4717208504691369e-02
-8.9701951462174981e-02
-8.5078005733195239e-02
-8.0800893114802722e-02
-7.6835190432436279e-02
-7.3157296600829883e-02
-6.9737874426079108e-02
-6.6548633982004876e-02
-6.3575780037046059e-02
-6.0799741735660891e-02
-5.8197154231012425e-02
-5.5760383254194079e-02
-5.3475819360286989e-02
-5.1325140592272736e-02
-4.9303182724139250e-02
-4.7400429198253158e-02
-4.5603453502895165e-02
-4.3907452244632543e-02
-4.2306137004507374e-02
-4.0789547007501079e-02
-3.9353199416231062e-02
-3.7993015381565277e-02
-3.6701519903115327e-02
-3.5474545587144801e-02
-3.4309531188204581e-02
-3.3200802983723667e-02
-3.2144515396145566e-02
-3.1139148616401296e-02
-3.0180345049658927e-02
-2.9264588044785950e-02
-2.8391067408274104e-02
-2.7556392610523145e-02
-2.6757381596892067e-02
-2.5993671972194252e-02
-2.5262490322511467e-02
-2.4561108478280885e-02
-2.3889517580513928e-02
-2.3245565985766957e-02
-2.2626731884415406e-02
-2.2033185584762822e-02
-2.1463164518110079e-02
-2.0914467876874062e-02
-2.0387376632118336e-02
-1.9880414328643237e-02
-1.9391690171685454e-02
-1.8921536555521631e-02
-1.8468685957947057e-02
-1.8031544686544686e-02
-1.7610454640742401e-02
-1.7204299101200582e-02
-1.6811767274378442e-02
-1.6433181255133600e-02
-1.6067531214424037e-02
-1.5713774344113376e-02
-1.5372192752477290e-02
-1.5041850227915271e-02
-1.4721956734274302e-02
-1.4412740930355645e-02
-1.4113315101653008e-02
-1.3823126891704817e-02
-1.3542342731815113e-02
-1.3270104361179659e-02
-1.3006082221389204e-02
-1.3009178806789536e-02
-1.3279016675748380e-02
-1.3557340617944306e-02
-1.3844870284466430e-02
-1.4141347295014636e-02
-1.4447546823611671e-02
-1.4764166036224456e-02
-1.5090871251602207e-02
-1.5428750742034952e-02
-1.5778474070254133e-02
-1.6139620504750048e-02
-1.6513652623861383e-02
-1.6901082682258768e-02
-1.7301766787486038e-02
-1.7717237840368799e-02
-1.8147922758686780e-02
-1.8594093001390224e-02
-1.9057286597707029e-02
-1.9537861902039877e-02
-2.0036590594597229e-02
-2.0555021523302436e-02
-2.1093440760358177e-02
-2.1653222408787573e-02
-2.2235936709919090e-02
-2.2841796763250315e-02
-2.3472904492246777e-02
-2.4130795064988036e-02
-2.4815833289202185e-02
-2.5530783548535111e-02
-2.6277014806954310e-02
-2.7055749738656609e-02
-2.7869914855856028e-02
-2.8720925216891569e-02
-2.9611066350766664e-02
-3.0543491152639355e-02
-3.1519710595891808e-02
-3.2543335224058570e-02
-3.3617792253707257e-02
-3.4744905554811870e-02
-3.5929813938665768e-02
-3.7175976539025941e-02
-3.8486931689638730e-02
-3.9868518611121201e-02
-4.1324752048150608e-02
-4.2861395444913367e-02
-4.4485274363524729e-02
-4.6201237505076188e-02
-4.8017973424477070e-02
-4.9943307774844563e-02
-5.1984589846498439e-02
-5.4153175217247905e-02
-5.6458551495899768e-02
-5.8912430191492407e-02
-6.1529044090310757e-02
-6.4320721406273651e-02
-6.7305260076421528e-02
-7.0500640663804598e-02
-7.3925128887223940e-02
-7.7603630256999775e-02
-8.1559944293593756e-02
-8.5822833771460910e-02
-9.0426283390207626e-02
-9.5403894235184486e-02
-1.0080031384993965e-01
-1.0666280142327678e-01
-1.1304431214273411e-01
-1.2001096400397533e-01
-1.2763282412494772e-01
-1.3599592424484302e-01
-1.4520047466347227e-01
-1.5535747424571394e-01
-1.6660811584500190e-01
-1.7910790021335130e-01
-1.9304509300699996e-01
-2.0865771274602329e-01
-2.2621651748346894e-01
-2.4606410120528380e-01
-2.6861172444499665e-01
-2.9436559263242290e-01
-3.2396789154655364e-01
-3.5821094153477101e-01
-3.9811932589210469e-01
-4.4500738691090957e-01
-5.0058184633454961e-01
-5.6712531767125818e-01
-6.4759782072020011e-01
-7.4626416683818941e-01
-8.6900684922565063e-01
-1.0242403149506836e+00
-1.2242971413858237e+00
-1.4878110409589660e+00
-1.8446479845373875e+00
-2.3425319857490270e+00
-3.0644832396697397e+00
-4.1581579278272676e+00
-5.8976522569897494e+00
-8.7662023865996694e+00
-1.3151277388301997e+01
-1.6320237830578435e+01
0.0000000000000000e+00
1.3464638167935297e-01
0.0000000000000000e+00
0.0000000000000000e+00
];
