%Vec Object:sol 1 MPI processes
%  type: mpi
sol = [
0.0000000000000000e+00
-4.1080587471996715e+01
-2.4228766329757672e+01
-1.3024699260145089e+01
-7.6427678597023423e+00
-4.9283580355950773e+00
-3.4150389566920856e+00
-2.4965080154723771e+00
-1.9011512700809821e+00
-1.4940574088455438e+00
-1.2044888736812389e+00
-9.9120217013381062e-01
-8.2969466352033894e-01
-7.0456848656373594e-01
-6.0568846200399540e-01
-5.2621394887994399e-01
-4.6143784658409587e-01
-4.0793957986215384e-01
-3.6320390714950496e-01
-3.2547027653541144e-01
-2.9335501477746717e-01
-2.6573088065032691e-01
-2.4185054733323599e-01
-2.2107393486550300e-01
-2.0286334854792420e-01
-1.8681999450130812e-01
-1.7262580347907330e-01
-1.5999821658198846e-01
-1.4870632650232815e-01
-1.3858376704013137e-01
-1.2947312270829414e-01
-1.2122737100607217e-01
-1.1375689324271758e-01
-1.0696798838118125e-01
-1.0076654730747871e-01
-9.5096925900610210e-02
-8.9902264609144453e-02
-8.5122917176560009e-02
-8.0718746535226038e-02
-7.6655679415636030e-02
-7.2894999498046897e-02
-6.9405924903226321e-02
-6.6168151721707563e-02
-6.3156126395486914e-02
-6.0345116873899936e-02
-5.7723344520883804e-02
-5.5273766768745389e-02
-5.2975831772377774e-02
-5.0823127370254170e-02
-4.8803802001013093e-02
-4.6901672751593453e-02
-4.5112433536305445e-02
-4.3427803401103082e-02
-4.1835901418879676e-02
-4.0332653832177254e-02
-3.8912615331550916e-02
-3.7566957564451373e-02
-3.6291824133759698e-02
-3.5083714124825943e-02
-3.3935993251147434e-02
-3.2845033709684564e-02
-3.1808671902261075e-02
-3.0821866225690855e-02
-2.9881235768741608e-02
-2.8985535256547176e-02
-2.8130888406768417e-02
-2.7314177664090250e-02
-2.6534783216258837e-02
-2.5789685861957352e-02
-2.5076043233634489e-02
-2.4393654690318567e-02
-2.3740133289664705e-02
-2.3112918235451946e-02
-2.2512082048899415e-02
-2.1935704736846844e-02
-2.1381517736569940e-02
-2.0849756305285867e-02
-2.0338786047962326e-02
-1.9846635072753742e-02
-1.9373650542857779e-02
-1.8918511836116009e-02
-1.8479514486656305e-02
-1.8057032317412885e-02
-1.7649924359070712e-02
-1.7256733096446583e-02
-1.6877835158914646e-02
-1.6512220455249492e-02
-1.6158687665669368e-02
-1.5817589640561996e-02
-1.5488007527344994e-02
-1.5168985201090595e-02
-1.4860833258549245e-02
-1.4562693916257960e-02
-1.4273844611562376e-02
-1.3994541261425986e-02
-1.3723964270154414e-02
-1.3461612827699414e-02
-1.3207679946461447e-02
-1.2961366781859388e-02
-1.2722382436583621e-02
-1.2744381174593535e-02
-1.3028166067355998e-02
-1.3321162477602998e-02
-1.3624118519881439e-02
-1.3936830328238727e-02
-1.4260104852852338e-02
-1.4594678209264083e-02
-1.4940278236871508e-02
-1.5298030079554619e-02
-1.5668653909192934e-02
-1.6051798200223271e-02
-1.6448970845591531e-02
-1.6860749008418045e-02
-1.7287062667441126e-02
-1.7729506709670734e-02
-1.8188586756764522e-02
-1.8664656290549080e-02
-1.9159335242579956e-02
-1.9673075741064621e-02
-2.0206745585145899e-02
-2.0761998211869342e-02
-2.1339230367369091e-02
-2.1939934586131613e-02
-2.2565811710798880e-02
-2.3217204964209672e-02
-2.3896367459174440e-02
-2.4604994625716529e-02
-2.5343606911224628e-02
-2.6115163657648859e-02
-2.6921226157317190e-02
-2.7763216425005809e-02
-2.8644304204957477e-02
-2.9566137311633708e-02
-3.0531263783423364e-02
-3.1543139022397353e-02
-3.2603556695658224e-02
-3.3716479957972445e-02
-3.4885711211785082e-02
-3.6113424975482603e-02
-3.7405234227380929e-02
-3.8765053482755579e-02
-4.0196904857719033e-02
-4.1707226853404021e-02
-4.3300605990849332e-02
-4.4983479219264683e-02
-4.6763436999461741e-02
-4.8646056708149032e-02
-5.0640970586375691e-02
-5.2756974192072911e-02
-5.5002422420539585e-02
-5.7389940125860447e-02
-5.9930273151748668e-02
-6.2636584295385350e-02
-6.5524793019153107e-02
-6.8608912828628882e-02
-7.1908849452891582e-02
-7.5444841435388654e-02
-7.9237568207370254e-02
-8.3314923341126751e-02
-8.7703813681097115e-02
-9.2436630046993332e-02
-9.7551576652823782e-02
-1.0308670722872272e-01
-1.0909219293440352e-01
-1.1562135749824548e-01
-1.2273401837008745e-01
-1.3050459868211148e-01
-1.3901229133002321e-01
-1.4835409268297686e-01
-1.5864301857048671e-01
-1.7000454498797549e-01
-1.8259780299091699e-01
-1.9660203717517225e-01
-2.1222872127499504e-01
-2.2973667938623385e-01
-2.4943849065232632e-01
-2.7172049911120766e-01
-2.9704674265737063e-01
-3.2598833966203328e-01
-3.5926936720648933e-01
-3.9778345192928677e-01
-4.4268541636027459e-01
-4.9545639371231703e-01
-5.5801917273703638e-01
-6.3294041504717535e-01
-7.2353882894755539e-01
-8.3461900941101230e-01
-9.7278988321146198e-01
-1.1474989991526732e+00
-1.3724607294178592e+00
-1.6686934596496896e+00
-2.0694615577212612e+00
-2.6280527521509227e+00
-3.4368852356244179e+00
-4.6609505738089689e+00
-6.6071363784108250e+00
-9.8248426829407638e+00
-1.4822277878415797e+01
-1.8582853268950334e+01
0.0000000000000000e+00
2.4055929233035767e-01
0.0000000000000000e+00
0.0000000000000000e+00
];
