%Vec Object:sol 1 MPI processes
%  type: mpi
sol = [
0.0000000000000000e+00
-6.4532221487163170e+01
-2.6675788821823001e+01
-1.1506838449054788e+01
-5.6825936880215817e+00
-3.0691183176496457e+00
-1.7389230802618134e+00
-9.9923806707228391e-01
-5.6229599197316549e-01
-2.9452138777455705e-01
-1.2941679717258392e-01
-3.6985167237702329e-02
-5.1586380225934984e-03
-6.1896042087541178e-04
-2.5280083135290554e-04
-1.7185151366137970e-04
-1.9118075657176221e-04
-2.3416014757165820e-04
-1.6037997013704569e-04
-1.5834229743144011e-04
-2.2264513305460867e-04
-1.5967360939543308e-04
-1.4129023762964935e-04
-1.8254307919262380e-04
-1.6408867530135480e-04
-1.3159103058421216e-04
-1.5268775320256611e-04
-1.6529026635271488e-04
-1.2358187880360315e-04
-1.2971044589534051e-04
-1.6398834755274692e-04
-1.1864916837636843e-04
-1.1470899018573915e-04
-1.4763618523648092e-04
-1.1725147833540708e-04
-1.0603842262064429e-04
-1.2751231348350834e-04
-1.1593802711505143e-04
-9.9817540603892974e-05
-1.1214617502454188e-04
-1.1301542296951046e-04
-9.4267409477909693e-05
-9.9927875014853130e-05
-1.0881594503424917e-04
-8.9229951325679415e-05
-9.0332397056988852e-05
-1.0411532278976355e-04
-8.4988783850844645e-05
-8.3130790390862974e-05
-9.6400480756321917e-05
-8.1526879641542378e-05
-7.7794873602956923e-05
-8.7280391106450277e-05
-7.8271258880073882e-05
-7.3425092271494003e-05
-7.9961712866232287e-05
-7.4872592798067562e-05
-6.9442249589707575e-05
-7.3804483058192771e-05
-7.1315742747515108e-05
-6.5709959775402143e-05
-6.8524168598928868e-05
-6.7717869133057532e-05
-6.2204433352222260e-05
-6.3938555279437323e-05
-6.4169833472275600e-05
-5.8913403205519411e-05
-5.9910761636495545e-05
-6.0726009812442858e-05
-5.5822349790608196e-05
-5.6333367341612326e-05
-5.7420554853912608e-05
-5.2919398958202872e-05
-5.3124571170464964e-05
-5.4272357062522390e-05
-5.0193399250601023e-05
-5.0221785657130532e-05
-5.1290283318361961e-05
-4.7633637308529073e-05
-4.7576265913321778e-05
-4.8475967787342926e-05
-4.5229624888772241e-05
-4.5149915119903565e-05
-4.5826725110521260e-05
-4.2971262523091508e-05
-4.2912403228808069e-05
-4.3336642642964275e-05
-4.0848408608049312e-05
-4.0838414777784436e-05
-4.0996079002168507e-05
-3.8846736748069528e-05
-3.8898047846756911e-05
-3.8777399875122359e-05
-3.6921655392786382e-05
-3.7014613000395590e-05
-3.6573911494957742e-05
-3.4911237417981784e-05
-3.4956709285079633e-05
-3.4075498805873377e-05
-3.2409767400146075e-05
-3.2826816382186442e-05
-3.2450704436893748e-05
-3.1671358634787499e-05
-3.2523821598438738e-05
-3.1431245485500801e-05
-3.0559540493002775e-05
-3.1613563704237697e-05
-2.9881957060043799e-05
-2.9177118188105182e-05
-3.0695150222511463e-05
-2.8253128423204802e-05
-2.7875603320815568e-05
-2.9166208014600707e-05
-2.6701675792221398e-05
-2.6805007761942796e-05
-2.7526299059627862e-05
-2.5284322002481076e-05
-2.6004629090807330e-05
-2.5877317549381636e-05
-2.3970576165350171e-05
-2.5461891893937603e-05
-2.4168057566754769e-05
-2.2773890321980115e-05
-2.5242157616764963e-05
-2.2449922710576085e-05
-2.1829517214472122e-05
-2.4860096939532335e-05
-2.0918690816816849e-05
-2.1351401936129585e-05
-2.2930462461723029e-05
-1.9668240623126020e-05
-2.1401523262504490e-05
-2.0961305110848521e-05
-1.8619013926823605e-05
-2.1843707129830901e-05
-1.8884132156089550e-05
-1.7866909334794561e-05
-2.2449934459857246e-05
-1.7156358050081537e-05
-1.7936420299396173e-05
-1.9976942867220765e-05
-1.6062197587135099e-05
-1.8779221416407942e-05
-1.7534774871063529e-05
-1.5290857495801644e-05
-2.0125344414634028e-05
-1.5334749219637196e-05
-1.5319009069048911e-05
-1.8931281322360734e-05
-1.3974844190112982e-05
-1.6372557354445862e-05
-1.6047861077127906e-05
-1.3263431126944014e-05
-1.8075978020913349e-05
-1.3602030675955531e-05
-1.3443498038769678e-05
-1.7234648158490372e-05
-1.2190715169752478e-05
-1.4766887303053528e-05
-1.4096939879437174e-05
-1.1615848484275029e-05
-1.6810503586317412e-05
-1.1716786066493993e-05
-1.2259193849535535e-05
-1.4828125530054368e-05
-1.0674256664714784e-05
-1.4001697529163558e-05
-1.1820856763421392e-05
-1.0489054416098332e-05
-1.5354163131091920e-05
-9.9023847929220785e-06
-1.1771593873655032e-05
-1.1961821825691665e-05
-9.4109819642429557e-06
-1.4018300858554690e-05
-9.5795853401008413e-06
-1.0221592974244614e-05
-1.2030698186410906e-05
-8.6783336824977017e-06
-1.2203958511179532e-05
-9.3317918817233067e-06
-9.0636068691247173e-06
-1.1838341975222006e-05
-8.0074545149509833e-06
-1.0820631829881742e-05
-9.4082132986714910e-06
-1.4174230524770156e-05
-8.7578752621861501e-05
-9.6527104138901859e-04
-1.0861451405516092e-02
-7.8780462317872946e-02
-3.0108686364423126e-01
-7.5444606883330945e-01
-1.5701108773877457e+00
-3.0310366889623426e+00
-5.7177200514407653e+00
-1.0821659688954997e+01
-2.0300609190412114e+01
-3.1290811369225370e+01
0.0000000000000000e+00
2.4055929233035767e-01
0.0000000000000000e+00
0.0000000000000000e+00
];
