%Vec Object:sol 1 MPI processes
%  type: mpi
sol = [
0.0000000000000000e+00
-7.2138323866404832e+01
-3.4728935270366605e+01
-1.6816286316050398e+01
-9.4465480844741592e+00
-5.9589440526576434e+00
-4.0762208522910361e+00
-2.9553499883883325e+00
-2.2362885925219200e+00
-1.7498923695340485e+00
-1.4054042809742571e+00
-1.1529596661444899e+00
-9.6268787952306134e-01
-8.1572575966055594e-01
-6.9980971201842923e-01
-6.0685811725807892e-01
-5.3124798817261887e-01
-4.6891073523828708e-01
-4.1686506512133709e-01
-3.7302644322465650e-01
-3.3576162907672763e-01
-3.0376195680305135e-01
-2.7611183851582066e-01
-2.5207942268605277e-01
-2.3103516157265405e-01
-2.1251188770774157e-01
-1.9613724776364824e-01
-1.8158152671626418e-01
-1.6857555774499680e-01
-1.5692485045981727e-01
-1.4644612925124678e-01
-1.3696884608492285e-01
-1.2838818895504289e-01
-1.2059527440142156e-01
-1.1348129470673882e-01
-1.0698129097738038e-01
-1.0102924575812537e-01
-9.5556316665520086e-02
-9.0515885905019355e-02
-8.5868344826003126e-02
-8.1569059137246019e-02
-7.7582477528306035e-02
-7.3884916542272361e-02
-7.0446931187179054e-02
-6.7240121851910861e-02
-6.4250648538734426e-02
-6.1458866654445748e-02
-5.8841311258554817e-02
-5.6390329718028230e-02
-5.4092260440675409e-02
-5.1928695293348245e-02
-4.9894461556066708e-02
-4.7980006134855334e-02
-4.6171835103755055e-02
-4.4465134029907871e-02
-4.2853592315648982e-02
-4.1327196215610075e-02
-3.9881448966171837e-02
-3.8512259711294891e-02
-3.7212110589562100e-02
-3.5976824967022057e-02
-3.4803865035906933e-02
-3.3687268410649410e-02
-3.2623326842129062e-02
-3.1610589657968528e-02
-3.0644695765053749e-02
-2.9722105939172669e-02
-2.8842014901816652e-02
-2.8001008975084597e-02
-2.7195882123787350e-02
-2.6426308854532777e-02
-2.5689593030195721e-02
-2.4982862249315174e-02
-2.4306104462015473e-02
-2.3657153539457600e-02
-2.3033466710555419e-02
-2.2435227290238249e-02
-2.1860660281108089e-02
-2.1307544943196935e-02
-2.0776175773713129e-02
-2.0265065274017741e-02
-1.9772304240329754e-02
-1.9298238595790239e-02
-1.8841590610203861e-02
-1.8400750148745024e-02
-1.7976072207885659e-02
-1.7566430235123144e-02
-1.7170499337075956e-02
-1.6788613934611729e-02
-1.6419754362134935e-02
-1.6062866387354234e-02
-1.5718243381271819e-02
-1.5384938970852524e-02
-1.5062154649394139e-02
-1.4750129050156029e-02
-1.4447963702874510e-02
-1.4155100974188354e-02
-1.3871715794239065e-02
-1.3596938328648972e-02
-1.3330437146499181e-02
-1.3337655228205925e-02
-1.3618456475193833e-02
-1.3908153857601553e-02
-1.4207493597148679e-02
-1.4516223510095409e-02
-1.4835147716991882e-02
-1.5164991848751069e-02
-1.5505428137960726e-02
-1.5857583521815873e-02
-1.6222158081073766e-02
-1.6598736584224994e-02
-1.6988832424074618e-02
-1.7392987575193163e-02
-1.7811072375364778e-02
-1.8244676408492869e-02
-1.8694257384468747e-02
-1.9160114271721377e-02
-1.9643846690203540e-02
-2.0145845658106572e-02
-2.0666927324264676e-02
-2.1208707879795525e-02
-2.1771508322459211e-02
-2.2356768852722152e-02
-2.2966133931798031e-02
-2.3599854496205559e-02
-2.4260126018364823e-02
-2.4948564182850831e-02
-2.5665582077655878e-02
-2.6414065937625863e-02
-2.7195468704718642e-02
-2.8011095001838321e-02
-2.8864009242136009e-02
-2.9755721704702837e-02
-3.0688643639656690e-02
-3.1666086324641428e-02
-3.2689670931132064e-02
-3.3763190883139053e-02
-3.4890256873508475e-02
-3.6072828168755622e-02
-3.7316296543874014e-02
-3.8624325280920038e-02
-4.0000666134514133e-02
-4.1451460410558250e-02
-4.2980970466625794e-02
-4.4595278303573668e-02
-4.6301578176640969e-02
-4.8105027228621464e-02
-5.0014775523215087e-02
-5.2039094191013713e-02
-5.4185774744070478e-02
-5.6466783947114477e-02
-5.8892169576870955e-02
-6.1474308808407020e-02
-6.4228223282195004e-02
-6.7166980934175946e-02
-7.0309364901373614e-02
-7.3674382771450206e-02
-7.7281373605183709e-02
-8.1156628664583549e-02
-8.5325334597396219e-02
-8.9817897557318851e-02
-9.4670225308073092e-02
-9.9917890463684350e-02
-1.0560805871102676e-01
-1.1179070771779764e-01
-1.1852185386668955e-01
-1.2587136719325356e-01
-1.3391337014336505e-01
-1.4273880877322673e-01
-1.5245361934760648e-01
-1.6317414469851343e-01
-1.7504371443416855e-01
-1.8823529418984716e-01
-2.0295091326924936e-01
-2.1943725794787797e-01
-2.3798052269567721e-01
-2.5894267381601138e-01
-2.8275825926215298e-01
-3.0996209566762417e-01
-3.4123249639128256e-01
-3.7740635060945343e-01
-4.1956559058434878e-01
-4.6909792408861511e-01
-5.2780502900705240e-01
-5.9803144052782231e-01
-6.8301247512066032e-01
-7.8719390727738081e-01
-9.1677715661815840e-01
-1.0806304019049551e+00
-1.2915655152738998e+00
-1.5694996903316274e+00
-1.9455652766465310e+00
-2.4700831112107595e+00
-3.2299896189907940e+00
-4.3807130252809294e+00
-6.2110299778730891e+00
-9.2321676418367460e+00
-1.3887314125079037e+01
-1.7311812445259271e+01
0.0000000000000000e+00
1.3464638167935297e-01
0.0000000000000000e+00
0.0000000000000000e+00
];
