%Vec Object:sol 1 MPI processes
%  type: mpi
sol = [
0.0000000000000000e+00
-4.5618958585742632e+01
-2.5445089002519310e+01
-1.3236429117554534e+01
-7.6323531615005118e+00
-4.8595045150470044e+00
-3.3318919657596902e+00
-2.4120422454398995e+00
-1.8192260042121160e+00
-1.4166825844352990e+00
-1.1318422857590769e+00
-9.2297131622805628e-01
-7.6565507843148228e-01
-6.4445878398215128e-01
-5.4915045760689352e-01
-4.7291861557450715e-01
-4.1108364226483513e-01
-3.6025927009135161e-01
-3.1796026347818751e-01
-2.8243524440161061e-01
-2.5234597576905127e-01
-2.2660978156229591e-01
-2.0446773443864150e-01
-1.8529370553827229e-01
-1.6856790199001856e-01
-1.5390244170144404e-01
-1.4098768275737594e-01
-1.2955230709572096e-01
-1.1937531471648730e-01
-1.1029436827563284e-01
-1.0215898227057424e-01
-9.4831400785281003e-02
-8.8223281674750825e-02
-8.2245523853712268e-02
-7.6811301339236915e-02
-7.1866038316768979e-02
-6.7355691732494810e-02
-6.3225644370820622e-02
-5.9437605692426322e-02
-5.5958827093541941e-02
-5.2754028349492950e-02
-4.9794824113873273e-02
-4.7061222217939257e-02
-4.4529969770226899e-02
-4.2179093175900392e-02
-3.9996442510658300e-02
-3.7966455784305402e-02
-3.6071566620997357e-02
-3.4304531515667716e-02
-3.2654520180090199e-02
-3.1108051599426177e-02
-2.9660090621307634e-02
-2.8303030987485499e-02
-2.7027078040771119e-02
-2.5827893917516390e-02
-2.4700329670549692e-02
-2.3637173199297805e-02
-2.2634641721662210e-02
-2.1689259022969001e-02
-2.0795647710577240e-02
-1.9950491964390381e-02
-1.9151461328342535e-02
-1.8394497371940686e-02
-1.7676690798858429e-02
-1.6996498785661104e-02
-1.6350820748084471e-02
-1.5737108751552834e-02
-1.5154361068163270e-02
-1.4600177707480502e-02
-1.4072337211517584e-02
-1.3570207086761377e-02
-1.3091903225897251e-02
-1.2635500567107999e-02
-1.2200615635077291e-02
-1.1785746178729978e-02
-1.1389236529208809e-02
-1.1010867928109331e-02
-1.0649421935295555e-02
-1.0303487624123619e-02
-9.9729516072377695e-03
-9.6568069597695819e-03
-9.3538647438912489e-03
-9.0640752809385220e-03
-8.7865895260635530e-03
-8.5204195513589685e-03
-8.2655501706868015e-03
-8.0212501865573032e-03
-7.7867133416850464e-03
-7.5619386390011686e-03
-7.3462827070630617e-03
-7.1391032165371493e-03
-6.9403993924693616e-03
-6.7495930514372944e-03
-6.5661895586961623e-03
-6.3901789934862488e-03
-6.2210312384465786e-03
-6.0583846505919614e-03
-5.9022137800267983e-03
-5.7520244879970114e-03
-5.6075718775891363e-03
-5.5797844413931373e-03
-5.6667324517485993e-03
-5.7572042431121677e-03
-5.8515950237606239e-03
-5.9498758283730770e-03
-6.0525230595109142e-03
-6.1598716800304624e-03
-6.2720855366457211e-03
-6.3894955916842557e-03
-6.5129058773512145e-03
-6.6419706892823175e-03
-6.7777771136149694e-03
-6.9205820429092445e-03
-7.0706413048969539e-03
-7.2288548776132111e-03
-7.3956492571436386e-03
-7.5714848799045094e-03
-7.7573545772217870e-03
-7.9537347536573141e-03
-8.1612069299513163e-03
-8.3809488213703893e-03
-8.6136464489305099e-03
-8.8603166902641792e-03
-9.1218886952278717e-03
-9.3990590903629580e-03
-9.6938295806466221e-03
-1.0006834520972873e-02
-1.0338959046087079e-02
-1.0692674692809970e-02
-1.1068894949606417e-02
-1.1468869824691806e-02
-1.1895115820118634e-02
-1.2348972801723661e-02
-1.2832535550333533e-02
-1.3348281115878905e-02
-1.3898047919723246e-02
-1.4484704122613693e-02
-1.5111190568093106e-02
-1.5779741930715560e-02
-1.6494339693308900e-02
-1.7258257617022311e-02
-1.8074990864642732e-02
-1.8949291760408660e-02
-1.9885225114492883e-02
-2.0887904282695519e-02
-2.1963219969498824e-02
-2.3116307899675219e-02
-2.4354537638376722e-02
-2.5685173005786727e-02
-2.7115555665590551e-02
-2.8655547854975021e-02
-3.0314466707779278e-02
-3.2103301394660055e-02
-3.4035014723448151e-02
-3.6122118006228401e-02
-3.8380906238332846e-02
-4.0828618022556086e-02
-4.3483522230467371e-02
-4.6368842854546399e-02
-4.9508336066693817e-02
-5.2930059393202354e-02
-5.6666869129676958e-02
-6.0753104318175918e-02
-6.5232118426644128e-02
-7.0151348900031482e-02
-7.5564598166520613e-02
-8.1537598978580567e-02
-8.8142444726285282e-02
-9.5466422220849750e-02
-1.0361186927553917e-01
-1.1269469114991444e-01
-1.2285963401380977e-01
-1.3427288080737637e-01
-1.4713509129132629e-01
-1.6169143818025650e-01
-1.7823085884477907e-01
-1.9711681703342221e-01
-2.1879037887399636e-01
-2.4379753170133703e-01
-2.7283164077841959e-01
-3.0675669099145758e-01
-3.4669139780210839e-01
-3.9406539692071302e-01
-4.5074019219525185e-01
-5.1926429587578526e-01
-6.0303227364062206e-01
-7.0674372033356148e-01
-8.3701247357573461e-01
-1.0033443208353878e+00
-1.2195246389671861e+00
-1.5071588711688941e+00
-1.9000506261738870e+00
-2.4530487052661121e+00
-3.2615848769522007e+00
-4.4968508448971241e+00
-6.4801852583280528e+00
-9.7925443430779193e+00
-1.5019398779416358e+01
-1.9129601431131807e+01
0.0000000000000000e+00
2.4055929233035767e-01
0.0000000000000000e+00
0.0000000000000000e+00
];
