%Vec Object:sol 1 MPI processes
%  type: mpi
sol = [
0.0000000000000000e+00
-4.2379768045462100e+01
-2.4651258426748651e+01
-1.3144238222049713e+01
-7.6891309533800261e+00
-4.9500639967709796e+00
-3.4272679529716781e+00
-2.5045736001046146e+00
-1.9059684747452568e+00
-1.4976493879911126e+00
-1.2071127882218042e+00
-9.9295810257835637e-01
-8.3097640604517797e-01
-7.0557979223519951e-01
-6.0648947710235979e-01
-5.2684866602232872e-01
-4.6188569983139138e-01
-4.0823983461906777e-01
-3.6338980754575217e-01
-3.2556674390746981e-01
-2.9338048130053557e-01
-2.6571821403839491e-01
-2.4180724522729841e-01
-2.2100488794809708e-01
-2.0277253159219619e-01
-1.8671073505309327e-01
-1.7250091181011296e-01
-1.5986003219900874e-01
-1.4855681208406704e-01
-1.3842461829640576e-01
-1.2930577880652588e-01
-1.2105304022475602e-01
-1.1357663706679125e-01
-1.0678271864099038e-01
-1.0057682467171211e-01
-9.4901272819846186e-02
-8.9701629525657231e-02
-8.4918137787910034e-02
-8.0510545940865610e-02
-7.6444680794747116e-02
-7.2681741310484813e-02
-6.9190875089947049e-02
-6.5951713421828290e-02
-6.2938650193027343e-02
-6.0126912019246581e-02
-5.7504674488451001e-02
-5.5054860518958519e-02
-5.2756897458311129e-02
-5.0604337615579073e-02
-4.8585305964602248e-02
-4.6683611091927930e-02
-4.4894919453079309e-02
-4.3210933377717586e-02
-4.1619768823722009e-02
-4.0117333083212789e-02
-3.8698167238723165e-02
-3.7353442705178902e-02
-3.6079290934236473e-02
-3.4872198962013795e-02
-3.3725533693365665e-02
-3.2635660598226375e-02
-3.1600404748341610e-02
-3.0614726385147138e-02
-2.9675242050187959e-02
-2.8780695478232268e-02
-2.7927212461257837e-02
-2.7111676071429332e-02
-2.6333455685479398e-02
-2.5589534199695989e-02
-2.4877072214776821e-02
-2.4195858392738166e-02
-2.3543508024316390e-02
-2.2917464953255355e-02
-2.2317790589623160e-02
-2.1742567143605084e-02
-2.1189522451806959e-02
-2.0658886434766481e-02
-2.0149085428470936e-02
-1.9658128043219189e-02
-1.9186338208060112e-02
-1.8732394552921985e-02
-1.8294580046014561e-02
-1.7873259612851102e-02
-1.7467295146779704e-02
-1.7075235318438270e-02
-1.6697448357180379e-02
-1.6332927261222780e-02
-1.5980476132772266e-02
-1.5640440035779250e-02
-1.5311903549523163e-02
-1.4993914946685604e-02
-1.4686777760271372e-02
-1.4389638087296751e-02
-1.4101776518114697e-02
-1.3823442717041480e-02
-1.3553821512298281e-02
-1.3292413812767471e-02
-1.3039407266212090e-02
-1.2794008077458773e-02
-1.2555925468214171e-02
-1.2575449373019233e-02
-1.2853237414539309e-02
-1.3140015501176367e-02
-1.3436517658218178e-02
-1.3742536586428650e-02
-1.4058863910583651e-02
-1.4386220631414648e-02
-1.4724331335714363e-02
-1.5074300703859856e-02
-1.5436832696069993e-02
-1.5811572799934066e-02
-1.6200002005462989e-02
-1.6602681693238201e-02
-1.7019534296746654e-02
-1.7452124673250646e-02
-1.7900942132019645e-02
-1.8366325629940956e-02
-1.8849862472711809e-02
-1.9351987551661017e-02
-1.9873545199750167e-02
-2.0416153213892976e-02
-2.0980190008107105e-02
-2.1567113222059935e-02
-2.2178584490242174e-02
-2.2814927308494777e-02
-2.3478345377104741e-02
-2.4170491719100854e-02
-2.4891861694833439e-02
-2.5645350304418998e-02
-2.6432474833491131e-02
-2.7254614497099688e-02
-2.8114866408286119e-02
-2.9014828723421152e-02
-2.9956983656135579e-02
-3.0944703453622453e-02
-3.1979724619817844e-02
-3.3065914442850813e-02
-3.4206979372728125e-02
-3.5405023990034479e-02
-3.6665528687256137e-02
-3.7992301871058558e-02
-3.9389254966885029e-02
-4.0862668756574010e-02
-4.2417001686467649e-02
-4.4058525218333387e-02
-4.5794638141021075e-02
-4.7630759080902425e-02
-4.9576280495779362e-02
-5.1639767668049112e-02
-5.3829347974902270e-02
-5.6157329721280617e-02
-5.8634170815283340e-02
-6.1272691363310455e-02
-6.4088404278532130e-02
-6.7094944748212967e-02
-7.0311711777997998e-02
-7.3758418006708432e-02
-7.7455191887011499e-02
-8.1429198193786176e-02
-8.5705373492707987e-02
-9.0315601762277542e-02
-9.5297693124746660e-02
-1.0068864206368905e-01
-1.0653726765805413e-01
-1.1289543197299275e-01
-1.1982130487847722e-01
-1.2738729008649385e-01
-1.3567039394367703e-01
-1.4476496225999769e-01
-1.5478091875418371e-01
-1.6584027094485518e-01
-1.7809780711541409e-01
-1.9172783271020466e-01
-2.0694056891412158e-01
-2.2399264869622790e-01
-2.4318211304544285e-01
-2.6488563545984584e-01
-2.8955568978428137e-01
-3.1774925203101945e-01
-3.5017260840086001e-01
-3.8769758094242252e-01
-4.3142351360338416e-01
-4.8278882006856622e-01
-5.4368262128720635e-01
-6.1660966010538321e-01
-7.0491389112993641e-01
-8.1320710176794153e-01
-9.4792132851645039e-01
-1.1180426663538034e+00
-1.3373481958551401e+00
-1.6264612654735939e+00
-2.0170138294481537e+00
-2.5624426082929581e+00
-3.3520686712368768e+00
-4.5476828879045907e+00
-6.4482519600526089e+00
-9.5913243437800428e+00
-1.4457723705441989e+01
-1.8091666614530133e+01
0.0000000000000000e+00
2.4055929233035767e-01
0.0000000000000000e+00
0.0000000000000000e+00
];
