%Vec Object:sol 1 MPI processes
%  type: mpi
sol = [
0.0000000000000000e+00
-4.2195877649150574e+01
-2.4592649221954126e+01
-1.3127845282089361e+01
-7.6829102872245549e+00
-4.9469882210663085e+00
-3.4255833529213562e+00
-2.5034208034474048e+00
-1.9052749239641260e+00
-1.4971305615830226e+00
-1.2068016728903423e+00
-9.9271641829337320e-01
-8.3078630701412837e-01
-7.0542897560465634e-01
-6.0636923534353404e-01
-5.2675266936644383e-01
-4.6184188693488215e-01
-4.0820771977184683e-01
-3.6336728834017029e-01
-3.2555213261006588e-01
-2.9337243268760521e-01
-2.6571566565150306e-01
-2.4180931443584425e-01
-2.2101084969279550e-01
-2.0278179599144261e-01
-1.8672280786609768e-01
-1.7251537521147006e-01
-1.5987653792536252e-01
-1.4857506765860395e-01
-1.3844437065843426e-01
-1.2932681286106651e-01
-1.2107517521592595e-01
-1.1359971383834909e-01
-1.0680660009878368e-01
-1.0060160841145535e-01
-9.4929014850422100e-02
-8.9731894163248282e-02
-8.4950179386824018e-02
-8.0542690639496983e-02
-7.6476823386768644e-02
-7.2713852242716676e-02
-6.9222928674977410e-02
-6.5983688030502835e-02
-6.2970527125532597e-02
-6.0158674571982158e-02
-5.7536309224994982e-02
-5.5086356025082120e-02
-5.2788242783239958e-02
-5.0635524744397538e-02
-4.8616328329338356e-02
-4.6714461710638082e-02
-4.4925593815357170e-02
-4.3241428081872299e-02
-4.1650079836658395e-02
-4.0147458078157408e-02
-3.8728104948314523e-02
-3.7383191170177174e-02
-3.6108849236401862e-02
-3.4901567273240765e-02
-3.3754711516905345e-02
-3.2664647918983651e-02
-3.1629202703183992e-02
-3.0643335501369686e-02
-2.9703662886584912e-02
-2.8808929809897892e-02
-2.7955261522604836e-02
-2.7139540781744291e-02
-2.6361138231108697e-02
-2.5617036292401970e-02
-2.4904394992591825e-02
-2.4223004294956718e-02
-2.3570479070380009e-02
-2.2944262410442801e-02
-2.2344417039364493e-02
-2.1769024785720043e-02
-2.1215812626713453e-02
-2.0685011788594842e-02
-2.0175048245842112e-02
-1.9683929705549046e-02
-1.9211981372222273e-02
-1.8757881515583552e-02
-1.8319912211870168e-02
-1.7898439612334640e-02
-1.7492325233466225e-02
-1.7100116913627453e-02
-1.6722184039589996e-02
-1.6357519198911520e-02
-1.6004925762738147e-02
-1.5664749868346671e-02
-1.5336075635193493e-02
-1.5017950742481653e-02
-1.4710679697536613e-02
-1.4413408074136113e-02
-1.4125416037600277e-02
-1.3846954115407458e-02
-1.3577206536300564e-02
-1.3315673979202188e-02
-1.3062544833233290e-02
-1.2817024616357954e-02
-1.2578822538742800e-02
-1.2598691410467464e-02
-1.2877309144541476e-02
-1.3164947655707372e-02
-1.3462342920912517e-02
-1.3769288129444848e-02
-1.4086577029255557e-02
-1.4414932717111965e-02
-1.4754080245646636e-02
-1.5105127128678559e-02
-1.5468779577114729e-02
-1.5844683510233010e-02
-1.6234323642174215e-02
-1.6638263549229714e-02
-1.7056426727060595e-02
-1.7490382193167658e-02
-1.7940621529866193e-02
-1.8407485721661607e-02
-1.8892566598450691e-02
-1.9396301456920062e-02
-1.9919537895354431e-02
-2.0463898657484176e-02
-2.1029764719299612e-02
-2.1618598568929989e-02
-2.2232067287944787e-02
-2.2870497133076519e-02
-2.3536098665398644e-02
-2.4230530805763151e-02
-2.4954292423207378e-02
-2.5710287451243260e-02
-2.6500039304756084e-02
-2.7324933164134733e-02
-2.8188076235062112e-02
-2.9091073595986706e-02
-3.0036416621808375e-02
-3.1027489122812061e-02
-3.2066035577978762e-02
-3.3155936608307374e-02
-3.4300912016831400e-02
-3.5503076144691580e-02
-3.6767927820028294e-02
-3.8099290232056993e-02
-3.9501090230528599e-02
-4.0979630542867677e-02
-4.2539387468019246e-02
-4.4186655512189033e-02
-4.5928860150136357e-02
-4.7771442147524663e-02
-4.9723827343597073e-02
-5.1794613104427130e-02
-5.3991958526725288e-02
-5.6328215997498397e-02
-5.8813883565264700e-02
-6.1461829094887718e-02
-6.4287622143266304e-02
-6.7304950659056229e-02
-7.0533284276760755e-02
-7.3992408747938290e-02
-7.7702532248466627e-02
-8.1690937362980401e-02
-8.5983923175869933e-02
-9.0613159543549399e-02
-9.5616149334646308e-02
-1.0102770552328098e-01
-1.0689805912145037e-01
-1.1327987049996437e-01
-1.2023152803615846e-01
-1.2782570352469719e-01
-1.3613969144221374e-01
-1.4526818675424069e-01
-1.5532151906302158e-01
-1.6642214808355929e-01
-1.7872542857850532e-01
-1.9240630539978446e-01
-2.0767576649697292e-01
-2.2479137528535703e-01
-2.4405225181056220e-01
-2.6583642168651006e-01
-2.9059797623869221e-01
-3.1889587022747851e-01
-3.5143887970363968e-01
-3.8910187928235074e-01
-4.3301553847095492e-01
-4.8457288064673809e-01
-5.4569094661938000e-01
-6.1888477899300098e-01
-7.0750956589442027e-01
-8.1619237303176506e-01
-9.5141320641351623e-01
-1.1221729597337611e+00
-1.3422481531116082e+00
-1.6323587138758580e+00
-2.0243404058240668e+00
-2.5717216013875484e+00
-3.3639348555649975e+00
-4.5635478542062238e+00
-6.4705365001252222e+00
-9.6241442321496464e+00
-1.4509071360731236e+01
-1.8160906004443973e+01
0.0000000000000000e+00
2.4055929233035767e-01
0.0000000000000000e+00
0.0000000000000000e+00
];
