%Vec Object:sol 1 MPI processes
%  type: mpi
sol = [
0.0000000000000000e+00
-4.2519027877504591e+01
-2.4694452375639074e+01
-1.3156700495616354e+01
-7.6938691827293741e+00
-4.9524092953698462e+00
-3.4285540487164137e+00
-2.5054527602033754e+00
-1.9064984045423734e+00
-1.4980454578984621e+00
-1.2073511124152860e+00
-9.9314306041720068e-01
-8.3112175772390740e-01
-7.0569501760061293e-01
-6.0658128091874364e-01
-5.2690018337325695e-01
-4.6191961492408767e-01
-4.0826476982174731e-01
-3.6340738492954233e-01
-3.2557826298881132e-01
-2.9338697642290290e-01
-2.6572050139802472e-01
-2.4180600197161845e-01
-2.2100066983086142e-01
-2.0276579048923052e-01
-1.8670184928427297e-01
-1.7249020099353773e-01
-1.5984776258104494e-01
-1.4854320719550315e-01
-1.3840987142906255e-01
-1.2929005420266790e-01
-1.2103647430550306e-01
-1.1355926680260092e-01
-1.0676179652123266e-01
-1.0055306027745516e-01
-9.4877338505254774e-02
-8.9677598871361133e-02
-8.4894046390935632e-02
-8.0486424604203258e-02
-7.6420555939505530e-02
-7.2657635764328710e-02
-6.9166808693580897e-02
-6.5927702901734705e-02
-6.2914710012396416e-02
-6.0103055086985789e-02
-5.7480911218957147e-02
-5.5031199767847365e-02
-5.2733347696020220e-02
-5.0580905081757326e-02
-4.8561995785901022e-02
-4.6660428681196894e-02
-4.4871868349346887e-02
-4.3188016269861101e-02
-4.1596988858425013e-02
-4.0094692113103590e-02
-3.8675666308935153e-02
-3.7331083369518819e-02
-3.6057073955690078e-02
-3.4850124276611549e-02
-3.3703601731821686e-02
-3.2613871423197757e-02
-3.1578757551400459e-02
-3.0593220810541357e-02
-2.9653877714012910e-02
-2.8759471078780772e-02
-2.7906127099288400e-02
-2.7090729081353147e-02
-2.6312645446730017e-02
-2.5568859445646769e-02
-2.4856532107708339e-02
-2.4175451114948100e-02
-2.3523232071710823e-02
-2.2897319385386819e-02
-2.2297773476885652e-02
-2.1722676841820689e-02
-2.1169757961529864e-02
-2.0639245774072983e-02
-2.0129566886147546e-02
-1.9638730586091876e-02
-1.9167059843450674e-02
-1.8713233558164764e-02
-1.8275535368326341e-02
-1.7854329277480915e-02
-1.7448477461721457e-02
-1.7056529216888647e-02
-1.6678851901853992e-02
-1.6314438823120281e-02
-1.5962094632191899e-02
-1.5622163585823410e-02
-1.5293730608682074e-02
-1.4975844419413915e-02
-1.4668807818297300e-02
-1.4371767295534051e-02
-1.4084003760866612e-02
-1.3805766229508699e-02
-1.3536239980241900e-02
-1.3274926094755427e-02
-1.3022011663306696e-02
-1.2776703407045327e-02
-1.2538710556303425e-02
-1.2557975035785578e-02
-1.2835139208513187e-02
-1.3121270312663722e-02
-1.3417100905744144e-02
-1.3722423320822007e-02
-1.4038027585894407e-02
-1.4364633125263832e-02
-1.4701964175076309e-02
-1.5051123284764892e-02
-1.5412812721760094e-02
-1.5786677648651961e-02
-1.6174196254667102e-02
-1.6575928268868015e-02
-1.6991795325576795e-02
-1.7423359153254235e-02
-1.7871107351408119e-02
-1.8335377351699433e-02
-1.8817753057208411e-02
-1.9318667549922786e-02
-1.9838962706775883e-02
-2.0380252604075486e-02
-2.0942913728650890e-02
-2.1528400073470060e-02
-2.2138369176074736e-02
-2.2773142455408762e-02
-2.3434918451568133e-02
-2.4125345751463502e-02
-2.4844917076078610e-02
-2.5596520706415202e-02
-2.6381669317706850e-02
-2.7201737637622483e-02
-2.8059815188688355e-02
-2.8957494919595476e-02
-2.9897252153492621e-02
-3.0882450439502648e-02
-3.1914820282942125e-02
-3.2998218942781238e-02
-3.4136342824823147e-02
-3.5331289167908980e-02
-3.6588524495447909e-02
-3.7911846094619811e-02
-3.9305153787671146e-02
-4.0774711848011867e-02
-4.2324965291209563e-02
-4.3962168243064682e-02
-4.5693699416440706e-02
-4.7524960781763215e-02
-4.9465319684777055e-02
-5.1523317270617153e-02
-5.3707057036784828e-02
-5.6028814134453625e-02
-5.8499016359581463e-02
-6.1130447431609204e-02
-6.3938578264832291e-02
-6.6937004348992385e-02
-7.0145063892229784e-02
-7.3582053669048866e-02
-7.7267164545132772e-02
-8.1228507212979209e-02
-8.5492169585969516e-02
-9.0089572157222852e-02
-9.5057783434381843e-02
-1.0043369165822304e-01
-1.0626597970916508e-01
-1.1260636329759612e-01
-1.1951284794893552e-01
-1.2705763573966894e-01
-1.3531751629423958e-01
-1.4438657279149103e-01
-1.5437442363864576e-01
-1.6540273618775231e-01
-1.7762587257578916e-01
-1.9121765720925976e-01
-2.0638773439535563e-01
-2.2339203704392646e-01
-2.4252779420985388e-01
-2.6417066194309063e-01
-2.8877189685532761e-01
-3.1688698573501267e-01
-3.4922034069004909e-01
-3.8663965757318630e-01
-4.3022507597906923e-01
-4.8144728286554145e-01
-5.4217239602502698e-01
-6.1489873943636597e-01
-7.0296180689361676e-01
-8.1096187596343772e-01
-9.4527106832717345e-01
-1.1149362136934651e+00
-1.3336622255837884e+00
-1.6219668182333735e+00
-2.0115023617391188e+00
-2.5554620342471348e+00
-3.3431394582494081e+00
-4.5357045732656651e+00
-6.4314787525631223e+00
-9.5666131850872045e+00
-1.4419047955734653e+01
-1.8039512948932476e+01
0.0000000000000000e+00
2.4055929233035767e-01
0.0000000000000000e+00
0.0000000000000000e+00
];
