%Vec Object:sol 1 MPI processes
%  type: mpi
sol = [
0.0000000000000000e+00
-4.3626073974850762e+01
-2.5003800066553406e+01
-1.3223355252271578e+01
-7.7042019332228797e+00
-4.9477434247230354e+00
-3.4186423845429714e+00
-2.4937614226547975e+00
-1.8950637618583452e+00
-1.4868761325062931e+00
-1.1966260974052489e+00
-9.8313004808880011e-01
-8.2176805313837542e-01
-6.9688190206301470e-01
-5.9822690524999822e-01
-5.1901401671804670e-01
-4.5451410052944635e-01
-4.0129414465069346e-01
-3.5683218964234364e-01
-3.1936285150660276e-01
-2.8749986478864359e-01
-2.6013471999818233e-01
-2.3649686055606847e-01
-2.1594605793480678e-01
-1.9794024689388320e-01
-1.8208580214527875e-01
-1.6806963553668364e-01
-1.5561002449735520e-01
-1.4447688536030703e-01
-1.3450405799434084e-01
-1.2553476662142848e-01
-1.1742298466325254e-01
-1.1007913330914026e-01
-1.0341000161327171e-01
-9.7322340379592878e-02
-9.1760594607668569e-02
-8.6668232140095530e-02
-8.1986231063224571e-02
-7.7674678268922909e-02
-7.3699664854283156e-02
-7.0022917543154081e-02
-6.6613966462495094e-02
-6.3452553241454171e-02
-6.0513430794962665e-02
-5.7772234212984185e-02
-5.5217146263297295e-02
-5.2831328340873014e-02
-5.0594628909450309e-02
-4.8500538418169259e-02
-4.6537350548925577e-02
-4.4689246765742034e-02
-4.2951836689472792e-02
-4.1316939120834839e-02
-3.9772956789852133e-02
-3.8315791632126096e-02
-3.6940047777533160e-02
-3.5637118221823326e-02
-3.4403165398005447e-02
-3.3234701237438519e-02
-3.2125264730445878e-02
-3.1071276998238563e-02
-3.0070561163324114e-02
-2.9118212025528150e-02
-2.8210917378262992e-02
-2.7347400602956252e-02
-2.6523893663291803e-02
-2.5737359524813968e-02
-2.4987135129591529e-02
-2.4270288143816404e-02
-2.3584062512746213e-02
-2.2928207043576277e-02
-2.2300405796146412e-02
-2.1698185460643459e-02
-2.1121563679857312e-02
-2.0568679639581318e-02
-2.0037340549420114e-02
-1.9527731267883784e-02
-1.9038326589087533e-02
-1.8567208806026480e-02
-1.8114657447220399e-02
-1.7679393651035116e-02
-1.7259766754920594e-02
-1.6856099390480214e-02
-1.6467292013140174e-02
-1.6091951186481095e-02
-1.5730406013051871e-02
-1.5381685680007829e-02
-1.5044642906395601e-02
-1.4719587554805416e-02
-1.4405639244878563e-02
-1.4101885069108351e-02
-1.3808597819707637e-02
-1.3524958443842128e-02
-1.3250276255346232e-02
-1.2984774986232819e-02
-1.2727674868068081e-02
-1.2478495301113031e-02
-1.2237403032515595e-02
-1.2003640797234087e-02
-1.1776926062596622e-02
-1.1791943832813895e-02
-1.2049108876000636e-02
-1.2314616077726282e-02
-1.2589153171388621e-02
-1.2872522840315882e-02
-1.3165467142969213e-02
-1.3468661423903846e-02
-1.3781844809512209e-02
-1.4106053783232471e-02
-1.4441946866792439e-02
-1.4789191059129046e-02
-1.5149174455705201e-02
-1.5522423839139680e-02
-1.5908865640660016e-02
-1.6309967819688791e-02
-1.6726189880988094e-02
-1.7157850485583985e-02
-1.7606439064793415e-02
-1.8072364698409237e-02
-1.8556422938426083e-02
-1.9060132170220064e-02
-1.9583850863366805e-02
-2.0128949529880289e-02
-2.0696992395883147e-02
-2.1288280271179787e-02
-2.1904862679726095e-02
-2.2548697139866701e-02
-2.3219254799347021e-02
-2.3920240785710600e-02
-2.4652725153023042e-02
-2.5417933172104588e-02
-2.6218796329617943e-02
-2.7056906800780271e-02
-2.7934611954926435e-02
-2.8855094948709258e-02
-2.9820012848699427e-02
-3.0833019694576885e-02
-3.1897623777266529e-02
-3.3015840678851979e-02
-3.4192848976586254e-02
-3.5432270553978649e-02
-3.6737831130638936e-02
-3.8115481226043309e-02
-3.9569476798701667e-02
-4.1105780556034040e-02
-4.2731422858849732e-02
-4.4451595589018067e-02
-4.6275225047040194e-02
-4.8210482640496939e-02
-5.0265150524616241e-02
-5.2450948982304971e-02
-5.4777893956036834e-02
-5.7258244294223118e-02
-5.9906818435668703e-02
-6.2736716862269101e-02
-6.5766489201064371e-02
-6.9015035839959743e-02
-7.2501713089401287e-02
-7.6252566806355934e-02
-8.0292807864172713e-02
-8.4652770608591527e-02
-8.9368235093674697e-02
-9.4474958734562797e-02
-1.0001998508116167e-01
-1.0605342644470019e-01
-1.1263156766206656e-01
-1.1982438312132751e-01
-1.2770652611067818e-01
-1.3636940139473011e-01
-1.4591960834006185e-01
-1.5647574494082642e-01
-1.6818810311654045e-01
-1.8122632203305081e-01
-1.9579510836064898e-01
-2.1214448504339165e-01
-2.3056540672464726e-01
-2.5142554864417482e-01
-2.7516727152560427e-01
-3.0231761223260245e-01
-3.3357413590742530e-01
-3.6979468037750252e-01
-4.1208209996638689e-01
-4.6185265642296547e-01
-5.2094719297917103e-01
-5.9183225217978319e-01
-6.7780536413564407e-01
-7.8338735655950942e-01
-9.1481754031063278e-01
-1.0813011069113909e+00
-1.2963203894492379e+00
-1.5800315045357707e+00
-1.9644145791685372e+00
-2.5019317207267067e+00
-3.2821563265666502e+00
-4.4653727426034813e+00
-6.3506591313656449e+00
-9.4742897234352732e+00
-1.4319224283782255e+01
-1.7956290713377161e+01
0.0000000000000000e+00
2.4055929233035767e-01
0.0000000000000000e+00
0.0000000000000000e+00
];
