%Vec Object:sol 1 MPI processes
%  type: mpi
sol = [
0.0000000000000000e+00
-8.3014271527623237e+01
-3.6261819903244017e+01
-1.6987037660190676e+01
-9.4382629418055810e+00
-5.9242705540405938e+00
-4.0413111025605177e+00
-2.9238672602743763e+00
-2.2094914993051731e+00
-1.7267064637230574e+00
-1.3854290799368059e+00
-1.1354201577281888e+00
-9.4713419876854710e-01
-8.0186145603780312e-01
-6.8731372360776699e-01
-5.9550814150308229e-01
-5.2086844299567103e-01
-4.5936101985493843e-01
-4.0803135836204701e-01
-3.6481568391074509e-01
-3.2809686848956038e-01
-2.9657868073629462e-01
-2.6935944812159690e-01
-2.4571136655180303e-01
-2.2501187845137899e-01
-2.0679936830765000e-01
-1.9070599158562379e-01
-1.7640596440310519e-01
-1.6363342939945660e-01
-1.5219641338105008e-01
-1.4191396276161436e-01
-1.3261772880052819e-01
-1.2420431831649481e-01
-1.1656629617399221e-01
-1.0959635604969058e-01
-1.0323043167941952e-01
-9.7403421446990199e-02
-9.2047493988262438e-02
-8.7116699632189459e-02
-8.2571986926904289e-02
-7.8369411248986706e-02
-7.4473972923331300e-02
-7.0862308863979831e-02
-6.7505445869835395e-02
-6.4375473526546878e-02
-6.1458712444857622e-02
-5.8735837388626873e-02
-5.6183838802133776e-02
-5.3795114533351160e-02
-5.1556227933796717e-02
-4.9449163252195227e-02
-4.7468764840294081e-02
-4.5605636246524972e-02
-4.3846587959681292e-02
-4.2186843678390394e-02
-4.0620186016593826e-02
-3.9136853559666215e-02
-3.7732063729270300e-02
-3.6402105870050307e-02
-3.5139675240200410e-02
-3.3940656508392120e-02
-3.2802494006923678e-02
-3.1719625047049796e-02
-3.0688265821176820e-02
-2.9706883886231529e-02
-2.8771209930240720e-02
-2.7877795156372561e-02
-2.7025803952796867e-02
-2.6211916630574098e-02
-2.5433020809743696e-02
-2.4688748506060575e-02
-2.3976480130645163e-02
-2.3293436991821962e-02
-2.2639556797689621e-02
-2.2012737077385502e-02
-2.1410526072967378e-02
-2.0833052496365419e-02
-2.0278595750230902e-02
-1.9745021001418644e-02
-1.9232566524587224e-02
-1.8739792919068968e-02
-1.8264869764128971e-02
-1.7808087255088770e-02
-1.7368211846206034e-02
-1.6943703328343846e-02
-1.6534863194248305e-02
-1.6140607127840833e-02
-1.5759669879477935e-02
-1.5392335922878992e-02
-1.5037627476348313e-02
-1.4694538456560633e-02
-1.4363316953536449e-02
-1.4043059458062244e-02
-1.3733003139267268e-02
-1.3433346852959540e-02
-1.3143237067462638e-02
-1.2862138535034845e-02
-1.2590192597758591e-02
-1.2326577338007842e-02
-1.2070969730955141e-02
-1.2063438895147067e-02
-1.2302990698062026e-02
-1.2549918308449126e-02
-1.2804868135486170e-02
-1.3067570427493990e-02
-1.3338720874834538e-02
-1.3618939280126896e-02
-1.3907882633045198e-02
-1.4206532385134434e-02
-1.4515476417404170e-02
-1.4834287322450209e-02
-1.5164286889612733e-02
-1.5505910151251757e-02
-1.5858982450488605e-02
-1.6224881231028006e-02
-1.6603955428963656e-02
-1.6996408944582524e-02
-1.7403613123888557e-02
-1.7825845725214343e-02
-1.8263764235813142e-02
-1.8718737836613628e-02
-1.9190968905020946e-02
-1.9681658342186353e-02
-2.0192181366938327e-02
-2.0722663257020262e-02
-2.1274958412852981e-02
-2.1850394477764011e-02
-2.2449223750123596e-02
-2.3073888331742277e-02
-2.3725546760578833e-02
-2.4405219613386368e-02
-2.5115473987196841e-02
-2.5857491175730288e-02
-2.6633239124449423e-02
-2.7445464243966582e-02
-2.8295412495636042e-02
-2.9186227406367709e-02
-3.0120873186184130e-02
-3.1100852316749937e-02
-3.2130656178920157e-02
-3.3213241731602089e-02
-3.4351626434378800e-02
-3.5550888256556369e-02
-3.6814442725343524e-02
-3.8147268239415437e-02
-3.9555270852231435e-02
-4.1042573661525014e-02
-4.2616710031043850e-02
-4.4284432032181430e-02
-4.6052025958057498e-02
-4.7929348970524449e-02
-4.9924550014740145e-02
-5.2047739442187151e-02
-5.4311241134810805e-02
-5.6725643396511975e-02
-5.9306371761877127e-02
-6.2068966477065217e-02
-6.5029177157382573e-02
-6.8208604458789818e-02
-7.1627808066100140e-02
-7.5311695981522042e-02
-7.9289737550481784e-02
-8.3590992928418942e-02
-8.8254227805980079e-02
-9.3320431162874862e-02
-9.8835542989099578e-02
-1.0485703468865165e-01
-1.1144576214214316e-01
-1.1867656219540429e-01
-1.2663665660637030e-01
-1.3542266434117090e-01
-1.4515379373311138e-01
-1.5597009655008523e-01
-1.6803955290997724e-01
-1.8156617249780957e-01
-1.9678673976069147e-01
-2.1400118609361801e-01
-2.3356988346330462e-01
-2.5593685264052274e-01
-2.8166597858253656e-01
-3.1145376142166042e-01
-3.4620187193454177e-01
-3.8706837771047453e-01
-4.3555898675056420e-01
-4.9369310611038647e-01
-5.6411296757240526e-01
-6.5056385078283507e-01
-7.5827866650811815e-01
-8.9473617814014750e-01
-1.0710264465249544e+00
-1.3036446530832744e+00
-1.6192701638604832e+00
-2.0610492949667267e+00
-2.7031149318953562e+00
-3.6777798780505377e+00
-5.2295114063533505e+00
-7.7807509017754715e+00
-1.1618889887281695e+01
-1.4293157353945830e+01
0.0000000000000000e+00
1.3464638167935297e-01
0.0000000000000000e+00
0.0000000000000000e+00
];
