%Vec Object:sol 1 MPI processes
%  type: mpi
sol = [
0.0000000000000000e+00
-7.7227490028022160e+01
-3.5501191599089310e+01
-1.6912678178279737e+01
-9.4510963145286482e+00
-5.9472183564052132e+00
-4.0631654128548815e+00
-2.9432720301952027e+00
-2.2263617658620070e+00
-1.7409701300401441e+00
-1.3979081550592789e+00
-1.1465393966595239e+00
-9.5686280247055966e-01
-8.1051518922204779e-01
-6.9518914064003057e-01
-6.0271716748387305e-01
-5.2750300253670157e-01
-4.6547180555989542e-01
-4.1366521204756695e-01
-3.7003836440441251e-01
-3.3296182191087587e-01
-3.0113527979427285e-01
-2.7365545009311154e-01
-2.4977304888391039e-01
-2.2886178606268770e-01
-2.1045712196797672e-01
-1.9418882275138050e-01
-1.7972891730002538e-01
-1.6680968432764423e-01
-1.5523779897697487e-01
-1.4483098391260465e-01
-1.3541957362165372e-01
-1.2689941982291725e-01
-1.1916224156195819e-01
-1.1209902340786901e-01
-1.0564405148776992e-01
-9.9734073533252671e-02
-9.4300565224190780e-02
-8.9297126148679962e-02
-8.4684331430698243e-02
-8.0417761410809460e-02
-7.6462041123396940e-02
-7.2793598183394370e-02
-6.9383137937006512e-02
-6.6202415532402942e-02
-6.3237650907950763e-02
-6.0469303294991249e-02
-5.7874051665500387e-02
-5.5444266698649783e-02
-5.3166360862216037e-02
-5.1022051300636494e-02
-4.9006175420764658e-02
-4.7109232348410010e-02
-4.5317826750041382e-02
-4.3627159032544847e-02
-4.2030950268060148e-02
-4.0519264549141919e-02
-3.9087624900702500e-02
-3.7731957181497522e-02
-3.6444806233841193e-02
-3.5222012294239741e-02
-3.4061015179037361e-02
-3.2956157049524239e-02
-3.1903601312795481e-02
-3.0901826488901711e-02
-2.9946487745222735e-02
-2.9034078388623010e-02
-2.8163784551079284e-02
-2.7332225959674872e-02
-2.6536229881937521e-02
-2.5775457352461138e-02
-2.5047239455072669e-02
-2.4348736979718399e-02
-2.3679921160108131e-02
-2.3038648509393658e-02
-2.2422408501173795e-02
-2.1831365758672856e-02
-2.1263764634872204e-02
-2.0717414899342410e-02
-2.0192591424652250e-02
-1.9687823828485967e-02
-1.9201230988186904e-02
-1.8733139080043031e-02
-1.8282286116757671e-02
-1.7847086987990101e-02
-1.7427877498606827e-02
-1.7023546182610913e-02
-1.6632789578824581e-02
-1.6255923998948874e-02
-1.5891944793832016e-02
-1.5539815093469524e-02
-1.5199811693915315e-02
-1.4871003665156042e-02
-1.4552605393357848e-02
-1.4244840817919449e-02
-1.3946827752696900e-02
-1.3658016641022204e-02
-1.3378569889129697e-02
-1.3107635131305785e-02
-1.2844883891692990e-02
-1.2845969284963264e-02
-1.3110396616557732e-02
-1.3383107422954925e-02
-1.3664808216620767e-02
-1.3955237553748714e-02
-1.4255156293577785e-02
-1.4565247528262793e-02
-1.4885174652479119e-02
-1.5216006819888802e-02
-1.5558398505644451e-02
-1.5911926258303982e-02
-1.6278027533352599e-02
-1.6657199894077174e-02
-1.7049292412949023e-02
-1.7455809970127859e-02
-1.7877164264217520e-02
-1.8313613157528115e-02
-1.8766664236777621e-02
-1.9236659715374849e-02
-1.9724349298753142e-02
-2.0231248555512733e-02
-2.0757626305624010e-02
-2.1304823994249530e-02
-2.1874375194047072e-02
-2.2466474324127423e-02
-2.3083177093806157e-02
-2.3725978905652090e-02
-2.4395220743087465e-02
-2.5093606806223551e-02
-2.5822464606818991e-02
-2.6582976381543541e-02
-2.7378000557736752e-02
-2.8208905221927101e-02
-2.9077913873287030e-02
-2.9988101249395268e-02
-3.0940924009346279e-02
-3.1939902480133106e-02
-3.2988373397731099e-02
-3.4088093958404155e-02
-3.5244078219012695e-02
-3.6459684742072868e-02
-3.7738346766321998e-02
-3.9085754648628783e-02
-4.0505801278872253e-02
-4.2004093268883901e-02
-4.3587274665545260e-02
-4.5260042570341913e-02
-4.7030858412236649e-02
-4.8907328815627801e-02
-5.0896585860350424e-02
-5.3009684619372742e-02
-5.5255837795496379e-02
-5.7646429692231257e-02
-6.0195248506348428e-02
-6.2913422175804701e-02
-6.5818965377610283e-02
-6.8929390316255126e-02
-7.2262414365493230e-02
-7.5842237272502042e-02
-7.9691949018354732e-02
-8.3839472222274239e-02
-8.8317808318256460e-02
-9.3159546217623970e-02
-9.8408043717248928e-02
-1.0410916359839699e-01
-1.1031428589123103e-01
-1.1708759917930828e-01
-1.2449707803377129e-01
-1.3262621844287262e-01
-1.4157227096589900e-01
-1.5144291043370206e-01
-1.6237517015195846e-01
-1.7452301693273883e-01
-1.8807224575378054e-01
-2.0324980651665195e-01
-2.2031890573605828e-01
-2.3961266893981051e-01
-2.6153100274722002e-01
-2.8656619446663323e-01
-3.1534288860580106e-01
-3.4862759741261240e-01
-3.8738894540995916e-01
-4.3292561761299031e-01
-4.8689405321268930e-01
-5.5151316382996451e-01
-6.2974617845247738e-01
-7.2568231337611011e-01
-8.4503630905345573e-01
-9.9580958426840105e-01
-1.1902295589011560e+00
-1.4466379035792871e+00
-1.7934148245353414e+00
-2.2780433951837642e+00
-2.9802801324159591e+00
-4.0446493803721708e+00
-5.7375923669597357e+00
-8.5256727198438700e+00
-1.2771565110364923e+01
-1.5807819918298131e+01
0.0000000000000000e+00
1.3464638167935297e-01
0.0000000000000000e+00
0.0000000000000000e+00
];
