%Vec Object:sol 1 MPI processes
%  type: mpi
sol = [
0.0000000000000000e+00
-4.1375714076053697e+01
-2.4325833748822298e+01
-1.3053432886459131e+01
-7.6538757901329104e+00
-4.9332833534142884e+00
-3.4181137698726305e+00
-2.4983194927241312e+00
-1.9022274731407893e+00
-1.4948560134669455e+00
-1.2050994672797988e+00
-9.9167593713973035e-01
-8.2997220463713939e-01
-7.0478627041317443e-01
-6.0585980841830889e-01
-5.2634861028994029e-01
-4.6154316725996908e-01
-4.0802113767895076e-01
-3.6326598362323698e-01
-3.2550673217915965e-01
-2.9335486549579409e-01
-2.6572137450751582e-01
-2.4183451513440146e-01
-2.2105243607452024e-01
-2.0283724343318177e-01
-1.8679000275978333e-01
-1.7259253238956443e-01
-1.5996217112554495e-01
-1.4866792988169916e-01
-1.3854338438450087e-01
-1.2943106344833605e-01
-1.2118389468577596e-01
-1.1371222735236221e-01
-1.0692232792189285e-01
-1.0072005787721722e-01
-9.5049752606200438e-02
-8.9854533007193385e-02
-8.5074735559446002e-02
-8.0670209459614645e-02
-7.6606869029181623e-02
-7.2845987429078413e-02
-6.9356774016351236e-02
-6.6118916247797463e-02
-6.3106853839753591e-02
-6.0295849746354456e-02
-5.7674118677230560e-02
-5.5224613442679121e-02
-5.2926780173083582e-02
-5.0774201028070926e-02
-4.8755021158498779e-02
-4.6853057402866306e-02
-4.5063999010419922e-02
-4.3379562556810983e-02
-4.1787867478945917e-02
-4.0284836755315738e-02
-3.8865022873998067e-02
-3.7519598122535081e-02
-3.6244704035276645e-02
-3.5036837545034186e-02
-3.3889374631975402e-02
-3.2798624445184922e-02
-3.1762300556690846e-02
-3.0775500194684745e-02
-2.9834900125959820e-02
-2.8939250768368695e-02
-2.8084674642694180e-02
-2.7268052859479475e-02
-2.6488761799144729e-02
-2.5743781514193893e-02
-2.5030269225709986e-02
-2.4348020813738113e-02
-2.3694649073469003e-02
-2.3067593498293976e-02
-2.2466922802413591e-02
-2.1890716945424389e-02
-2.1336698838917426e-02
-2.0805105668551017e-02
-2.0294361655470276e-02
-1.9802470262441370e-02
-1.9329762518891274e-02
-1.8874914964907671e-02
-1.8436205503688533e-02
-1.8014005885220927e-02
-1.7607175833723218e-02
-1.7214259305451927e-02
-1.6835630972993183e-02
-1.6470281487612443e-02
-1.6117010816905052e-02
-1.5776169998056720e-02
-1.5446840997735304e-02
-1.5128068734353734e-02
-1.4820162160671297e-02
-1.4522264414546064e-02
-1.4233653682109944e-02
-1.3954584426174780e-02
-1.3684238096912446e-02
-1.3422114295151343e-02
-1.3168404786824640e-02
-1.2922311917124002e-02
-1.2683544823825849e-02
-1.2704972948509904e-02
-1.2987365851413158e-02
-1.3278918997863490e-02
-1.3580377235445680e-02
-1.3891535921513126e-02
-1.4213198453110988e-02
-1.4546097444505331e-02
-1.4889960003814460e-02
-1.5245906528193218e-02
-1.5614653437999520e-02
-1.5995848542019801e-02
-1.6390993491390268e-02
-1.6800661803907532e-02
-1.7224781734302978e-02
-1.7664941207220546e-02
-1.8121642082072446e-02
-1.8595234496223370e-02
-1.9087330823429508e-02
-1.9598379221717109e-02
-2.0129242071279977e-02
-2.0681564560092916e-02
-2.1255739217578624e-02
-2.1853250509364385e-02
-2.2475790210786287e-02
-2.3123697013176181e-02
-2.3799212596256933e-02
-2.4504022592590925e-02
-2.5238641683308707e-02
-2.6006014322516154e-02
-2.6807691649129464e-02
-2.7645085809450087e-02
-2.8521349754123272e-02
-2.9438119849396586e-02
-3.0397928935835761e-02
-3.1404213201812262e-02
-3.2458753145654641e-02
-3.3565489774418235e-02
-3.4728203335370578e-02
-3.5949052240343157e-02
-3.7233618831691080e-02
-3.8585793148887347e-02
-4.0009571781199758e-02
-4.1511356808591998e-02
-4.3095705225524833e-02
-4.4769015794024647e-02
-4.6538834738272146e-02
-4.8410702853452142e-02
-5.0394197036379616e-02
-5.2498059735200490e-02
-5.4730593402555462e-02
-5.7104349852013347e-02
-5.9630008556341700e-02
-6.2320653295758741e-02
-6.5192109772288245e-02
-6.8258304322186936e-02
-7.1539025831394945e-02
-7.5054391570655077e-02
-7.8824954795403482e-02
-8.2878445416288596e-02
-8.7241607567961774e-02
-9.1946639163089816e-02
-9.7031518736461098e-02
-1.0253407018059085e-01
-1.0850416999572332e-01
-1.1499482531601404e-01
-1.2206549811009919e-01
-1.2979017536947657e-01
-1.3824758128173342e-01
-1.4753414423531530e-01
-1.5776221982948330e-01
-1.6905654863964190e-01
-1.8156977461127513e-01
-1.9548062463525978e-01
-2.1100658248232096e-01
-2.2840940772809235e-01
-2.4799308497484254e-01
-2.7014173492922250e-01
-2.9531673776136236e-01
-3.2408596251521293e-01
-3.5716939959587907e-01
-3.9545566901276613e-01
-4.4009318261983477e-01
-4.9255492974189435e-01
-5.5475323916104469e-01
-6.2917342237765361e-01
-7.1924404471484582e-01
-8.2968334656636544e-01
-9.6706592011768289e-01
-1.1407911220958711e+00
-1.3643738943813002e+00
-1.6589727683824138e+00
-2.0573938400671667e+00
-2.6130129445979553e+00
-3.4173997835694014e+00
-4.6349561583935524e+00
-6.5707181533048775e+00
-9.7714176953725751e+00
-1.4739039954194945e+01
-1.8470787702441360e+01
0.0000000000000000e+00
2.4055929233035767e-01
0.0000000000000000e+00
0.0000000000000000e+00
];
