%Vec Object:sol 1 MPI processes
%  type: mpi
sol = [
0.0000000000000000e+00
-4.1588315282788123e+01
-2.4395394703648773e+01
-1.3073312991133204e+01
-7.6618565723295760e+00
-4.9368330420341460e+00
-3.4200439526680433e+00
-2.4996370221073780e+00
-1.9030118369375182e+00
-1.4954410640438127e+00
-1.2055475187226490e+00
-9.9194214228377620e-01
-8.3017947823944316e-01
-7.0494954558411616e-01
-6.0598887463145479e-01
-5.2645063630930500e-01
-4.6162355234237862e-01
-4.0808398341780860e-01
-3.6330615153541423e-01
-3.2551608083589967e-01
-2.9335716099542491e-01
-2.6571777707547162e-01
-2.4182598826888205e-01
-2.2103977051717913e-01
-2.0282108172125426e-01
-1.8677088271355335e-01
-1.7257090811318840e-01
-1.5993842055142823e-01
-1.4864236999479141e-01
-1.3851628893245882e-01
-1.2940266467288758e-01
-1.2115438754157348e-01
-1.1368178297898983e-01
-1.0689109322782246e-01
-1.0068815769507553e-01
-9.5017296559336273e-02
-8.9821616136771837e-02
-8.5041439897621016e-02
-8.0636606786711487e-02
-7.6573021905286379e-02
-7.2811950457417493e-02
-6.9322595195383460e-02
-6.6084637201678426e-02
-6.3072511097011855e-02
-6.0261475978488882e-02
-5.7639741690874852e-02
-5.5190257549959799e-02
-5.2892467990764747e-02
-5.0739951064710354e-02
-4.8720849435144042e-02
-4.6818979510382532e-02
-4.5030034455733600e-02
-4.3345533261641256e-02
-4.1753509711435190e-02
-4.0250196499854812e-02
-3.8830151155907613e-02
-3.7484541696897987e-02
-3.6209503962900992e-02
-3.5001529604028123e-02
-3.3853982325602189e-02
-3.2763229550235688e-02
-3.1727101287453867e-02
-3.0740554906391181e-02
-2.9800206946183249e-02
-2.8904806395855558e-02
-2.8050476526212915e-02
-2.7234098905811934e-02
-2.6455048410814572e-02
-2.5710305741386656e-02
-2.4997028879160051e-02
-2.4315012149772122e-02
-2.3661868913554939e-02
-2.3035039630204368e-02
-2.2434591438679014e-02
-2.1858604805404705e-02
-2.1304803728577536e-02
-2.0773423825829675e-02
-2.0262889791828071e-02
-1.9771206220353311e-02
-1.9298702607879980e-02
-1.8844055959646978e-02
-1.8405545288649953e-02
-1.7983540871450765e-02
-1.7576902912286842e-02
-1.7184176398421968e-02
-1.6805734611565513e-02
-1.6440568719637224e-02
-1.6087479593347775e-02
-1.5746816980838976e-02
-1.5417663421415477e-02
-1.5099064565749618e-02
-1.4791328197488011e-02
-1.4493598100811243e-02
-1.4205152986994487e-02
-1.3926246284290181e-02
-1.3656060178662697e-02
-1.3394094557787693e-02
-1.3140540300305531e-02
-1.2894600590280548e-02
-1.2655984586808741e-02
-1.2677004736821700e-02
-1.2958406630177402e-02
-1.3248932208871524e-02
-1.3549323993444625e-02
-1.3859376779748358e-02
-1.4179891433740158e-02
-1.4511598074245312e-02
-1.4854223278756414e-02
-1.5208884064081942e-02
-1.5576294175148931e-02
-1.5956100935198995e-02
-1.6349801550869906e-02
-1.6757966937365688e-02
-1.7180524110593579e-02
-1.7619056035546733e-02
-1.8074061883263912e-02
-1.8545889398919702e-02
-1.9036145569723259e-02
-1.9545275714509674e-02
-2.0074138344147632e-02
-2.0624372764474246e-02
-2.1196368486980709e-02
-2.1791604220402681e-02
-2.2411765271272387e-02
-2.3057187085170669e-02
-2.3730103187701523e-02
-2.4432192217678086e-02
-2.5163964727579716e-02
-2.5928354553650043e-02
-2.6726905581224550e-02
-2.7561022903896625e-02
-2.8433847490137405e-02
-2.9347007523798485e-02
-3.0303024992639878e-02
-3.1305322370561099e-02
-3.2355670739806032e-02
-3.3457995297433991e-02
-3.4616060470209445e-02
-3.5832013151192867e-02
-3.7111413815544080e-02
-3.8458135015028073e-02
-3.9876155097736316e-02
-4.1371850137962934e-02
-4.2949756027017907e-02
-4.4616244248671187e-02
-4.6378829430622881e-02
-4.8243026215537922e-02
-5.0218371971644152e-02
-5.2313571197765786e-02
-5.4536888861036824e-02
-5.6900824598101626e-02
-5.9416010441268520e-02
-6.2095473701662907e-02
-6.4954973083637194e-02
-6.8008372602202521e-02
-7.1275377645590249e-02
-7.4776018799527097e-02
-7.8530759108677198e-02
-8.2567211509115682e-02
-8.6912003797804602e-02
-9.1597195970369860e-02
-9.6660605224828194e-02
-1.0213989106536209e-01
-1.0808471932004182e-01
-1.1454787070971274e-01
-1.2158855295171722e-01
-1.2928044112186329e-01
-1.3770192411799745e-01
-1.4694902396729642e-01
-1.5713022569594884e-01
-1.6836872428720531e-01
-1.8082477930236529e-01
-1.9467546659100354e-01
-2.1013432926885420e-01
-2.2746203103026494e-01
-2.4696128632275555e-01
-2.6901462447571484e-01
-2.9408152299428741e-01
-3.2272752435750207e-01
-3.5566969249455160e-01
-3.9379306133703901e-01
-4.3824145032558581e-01
-4.9048201339544401e-01
-5.5239884368710257e-01
-6.2648201515771429e-01
-7.1617503646206615e-01
-8.2615572510123547e-01
-9.6297404500761452e-01
-1.1359544122793612e+00
-1.3585917921261839e+00
-1.6520204841032622e+00
-2.0487615996888300e+00
-2.6022501731783514e+00
-3.4034506253002714e+00
-4.6163376369157163e+00
-6.5446174080762001e+00
-9.7330919866138910e+00
-1.4679266836982245e+01
-1.8390281694482443e+01
0.0000000000000000e+00
2.4055929233035767e-01
0.0000000000000000e+00
0.0000000000000000e+00
];
