%Vec Object:sol 1 MPI processes
%  type: mpi
sol = [
0.0000000000000000e+00
-4.2244424933657491e+01
-2.4608312856660447e+01
-1.3132165488963901e+01
-7.6845458225436456e+00
-4.9477952254230093e+00
-3.4260242724632297e+00
-2.5037223110675964e+00
-1.9054557102528098e+00
-1.4972657029510710e+00
-1.2068822403462485e+00
-9.9277892886066788e-01
-8.3083540610178597e-01
-7.0546786515033999e-01
-6.0640018106047322e-01
-5.2677733066551091e-01
-4.6185281185159827e-01
-4.0821562809051926e-01
-3.6337272366800988e-01
-3.2555553124794440e-01
-2.9337414226447023e-01
-2.6571596057294911e-01
-2.4180842265435540e-01
-2.2100895841614596e-01
-2.0277905745814856e-01
-1.8671934960719644e-01
-1.7251130502226503e-01
-1.5987194561386142e-01
-1.4857002862430399e-01
-1.3843895012610982e-01
-1.2932106624807557e-01
-1.2106914907371691e-01
-1.1359344914185052e-01
-1.0680013209260325e-01
-1.0059496705062286e-01
-9.4922226416651018e-02
-8.9724991182292851e-02
-8.4941631393986042e-02
-8.0534069834540992e-02
-7.6468209287165662e-02
-7.2705252191539921e-02
-6.9214349041499396e-02
-6.5975134144222583e-02
-6.2962003581327003e-02
-6.0150185475186795e-02
-5.7527857836953494e-02
-5.5077945099251895e-02
-5.2779874981790244e-02
-5.0627201964612102e-02
-4.8608052104563371e-02
-4.6706233708063753e-02
-4.4917415056380548e-02
-4.3233299307773816e-02
-4.1642001973540808e-02
-4.0139431607813802e-02
-3.8720130081062495e-02
-3.7375268312525273e-02
-3.6100978525812975e-02
-3.4893748564560720e-02
-3.3746944851698921e-02
-3.2656933217118739e-02
-3.1621539583477055e-02
-3.0635723751335348e-02
-2.9696102290543369e-02
-2.8801419832676464e-02
-2.7947801777751337e-02
-2.7132130970791771e-02
-2.6353777721685873e-02
-2.5609724582086997e-02
-2.4897131734869141e-02
-2.4215788799686725e-02
-2.3563310761956925e-02
-2.2937140915896031e-02
-2.2337341638253211e-02
-2.1761994861320570e-02
-2.1208827792863042e-02
-2.0678071313604281e-02
-2.0168151495917781e-02
-1.9677076288617382e-02
-1.9205170558519804e-02
-1.8751112672518055e-02
-1.8313184945196105e-02
-1.7891753203184563e-02
-1.7485679064276900e-02
-1.7093510589000660e-02
-1.6715616857558915e-02
-1.6350990567547918e-02
-1.5998435285152667e-02
-1.5658296863332009e-02
-1.5329659544447765e-02
-1.5011571166010240e-02
-1.4704335977253446e-02
-1.4407099691547380e-02
-1.4119142587629233e-02
-1.3840714964361560e-02
-1.3571001210176490e-02
-1.3309502065517001e-02
-1.3056405723179032e-02
-1.2810917883894818e-02
-1.2572747761290269e-02
-1.2592525366225881e-02
-1.2870923244388710e-02
-1.3158333759368850e-02
-1.3455492370975850e-02
-1.3762192139624379e-02
-1.4079226250691737e-02
-1.4407317245651070e-02
-1.4746190054371127e-02
-1.5096951439828912e-02
-1.5460307016769684e-02
-1.5835902590876843e-02
-1.6225221889372643e-02
-1.6628827907154260e-02
-1.7046643859164896e-02
-1.7480237660569827e-02
-1.7930100291957921e-02
-1.8396572201228079e-02
-1.8881244019687472e-02
-1.9384552407411951e-02
-1.9907344098076721e-02
-2.0451240525048858e-02
-2.1016621986400485e-02
-2.1604949686156286e-02
-2.2217889263214410e-02
-2.2855766243897999e-02
-2.3520789372005139e-02
-2.4214616006593206e-02
-2.4937744088327028e-02
-2.5693075184447280e-02
-2.6482131087080630e-02
-2.7306295397367689e-02
-2.8168672648077264e-02
-2.9070866085060432e-02
-3.0015364657469800e-02
-3.1005549113338440e-02
-3.2043161820692466e-02
-3.3132079869662837e-02
-3.4276019527422812e-02
-3.5477092551612431e-02
-3.6740792887767416e-02
-3.8070939811274379e-02
-3.9471456088130533e-02
-4.0948638634232912e-02
-4.2506959021931877e-02
-4.4152705655386246e-02
-4.5893296942896997e-02
-4.7734167788636997e-02
-4.9684735192080318e-02
-5.1753588023787961e-02
-5.3948876981858247e-02
-5.6282942779681523e-02
-5.8766272836917016e-02
-6.1411722372101629e-02
-6.4234845941164159e-02
-6.7249317521941104e-02
-7.0474588049450948e-02
-7.3930423851375132e-02
-7.7637012878253336e-02
-8.1621611521762741e-02
-8.5910492826477003e-02
-9.0535294023493668e-02
-9.5532235021695278e-02
-1.0093789060148131e-01
-1.0680249070589899e-01
-1.1317804047971315e-01
-1.2012287045640627e-01
-1.2770958146172665e-01
-1.3601539170055263e-01
-1.4513490371145649e-01
-1.5517833965486671e-01
-1.6626803954896036e-01
-1.7855920820617538e-01
-1.9222662122988116e-01
-2.0748106361150592e-01
-2.2457985248411413e-01
-2.4382182228293503e-01
-2.6558464073446270e-01
-2.9032197104630159e-01
-3.1859224424472121e-01
-3.5110357736784553e-01
-3.8873003700020381e-01
-4.3259527514496360e-01
-4.8410048639464082e-01
-5.4515919935459312e-01
-6.1828242603338279e-01
-7.0682238291632271e-01
-8.1540209426788823e-01
-9.5049599524331951e-01
-1.1210795397541420e+00
-1.3409510306520809e+00
-1.6307976625077567e+00
-2.0224010548558078e+00
-2.5692655676955920e+00
-3.3607944000382179e+00
-4.5593495534284401e+00
-6.4646401670585254e+00
-9.6154621705847276e+00
-1.4495491125884310e+01
-1.8142595125226386e+01
0.0000000000000000e+00
2.4055929233035767e-01
0.0000000000000000e+00
0.0000000000000000e+00
];
