%Vec Object:sol 1 MPI processes
%  type: mpi
sol = [
0.0000000000000000e+00
-4.1813843987644674e+01
-2.4468879661395935e+01
-1.3093654981372433e+01
-7.6699700728235376e+00
-4.9406085997368772e+00
-3.4221016898445558e+00
-2.5010423336297762e+00
-1.9038513387299840e+00
-1.4960676625446321e+00
-1.2060277636774832e+00
-9.9222833276863687e-01
-8.3040359313399204e-01
-7.0512643554717536e-01
-6.0612904470835494e-01
-5.2656177808111193e-01
-4.6171145738482050e-01
-4.0814888500649094e-01
-3.6332770029494310e-01
-3.2552838240436560e-01
-2.9336180517887428e-01
-2.6571601831142866e-01
-2.4181886814808379e-01
-2.2102814396683684e-01
-2.0280564360891520e-01
-1.8675221475068288e-01
-1.7254950158204552e-01
-1.5991468446733428e-01
-1.4861664752306455e-01
-1.3848887656367406e-01
-1.2937381406791629e-01
-1.2112431001722926e-01
-1.1365066418879145e-01
-1.0685909268504998e-01
-1.0065541089886394e-01
-9.4983922671587867e-02
-8.9787718572263614e-02
-8.5007107923835937e-02
-8.0601918627234301e-02
-7.6538045838620880e-02
-7.2776746102963516e-02
-6.9287214968938207e-02
-6.6049126951465670e-02
-6.3036907534010977e-02
-6.0225828660997127e-02
-5.7603940188633337e-02
-5.5153741188421451e-02
-5.2855259130452262e-02
-5.0702158658048203e-02
-4.8682568973872013e-02
-4.6780297008068822e-02
-4.4991016806213723e-02
-4.3306433956172591e-02
-4.1714662185207731e-02
-4.0211613997677358e-02
-3.8791833644662758e-02
-3.7446490193694941e-02
-3.6171718244380535e-02
-3.4964008139444197e-02
-3.3816724559184629e-02
-3.2726234388618242e-02
-3.1690366226765507e-02
-3.0704078310378257e-02
-2.9763987204038656e-02
-2.8868840388650639e-02
-2.8014761891952927e-02
-2.7198633739378298e-02
-2.6419829224194821e-02
-2.5675329702901366e-02
-2.4962293933699507e-02
-2.4280514609482183e-02
-2.3627605665314133e-02
-2.3001008555779932e-02
-2.2400788766833150e-02
-2.1825027282186528e-02
-2.1271449223563027e-02
-2.0740288564074560e-02
-2.0229970483428034e-02
-1.9738500747928465e-02
-1.9266207246719260e-02
-1.8811767463299160e-02
-1.8373461563209761e-02
-1.7951658278204961e-02
-1.7545218307870036e-02
-1.7152687711466760e-02
-1.6774438312342734e-02
-1.6409461813358162e-02
-1.6056560024936148e-02
-1.5716081343455732e-02
-1.5387108902745790e-02
-1.5068689115677466e-02
-1.4761128539591569e-02
-1.4463571631219309e-02
-1.4175297648225050e-02
-1.3896558933382206e-02
-1.3626538439610579e-02
-1.3364736352290090e-02
-1.3111342618714160e-02
-1.2865561298562702e-02
-1.2627101571109623e-02
-1.2647692112961604e-02
-1.2928053265021005e-02
-1.3217499667942148e-02
-1.3516771397355529e-02
-1.3825662653208821e-02
-1.4144971642054208e-02
-1.4475425859843268e-02
-1.4816751319504095e-02
-1.5170061486861364e-02
-1.5536067293604041e-02
-1.5914415544551454e-02
-1.6306598777922024e-02
-1.6713185170147114e-02
-1.7134100427717402e-02
-1.7570922304615755e-02
-1.8024147141153121e-02
-1.8494120161957256e-02
-1.8982442692706908e-02
-1.9489557061103644e-02
-2.0016317705933432e-02
-2.0564357748442588e-02
-2.1134063518970236e-02
-2.1726907670995870e-02
-2.2344568707316419e-02
-2.2987378650370951e-02
-2.3657562451274362e-02
-2.4356791390087052e-02
-2.5085571666060312e-02
-2.5846825950359673e-02
-2.6642090492026687e-02
-2.7472762957822892e-02
-2.8341971712849200e-02
-2.9251336324025792e-02
-3.0203367356950547e-02
-3.1201472856016790e-02
-3.2247413984484406e-02
-3.3345099304203964e-02
-3.4498276591928168e-02
-3.5709080605273030e-02
-3.6983048812445130e-02
-3.8324035353228127e-02
-3.9735999368715455e-02
-4.1225289565419487e-02
-4.2796419611356079e-02
-4.4455732274918516e-02
-4.6210708924935999e-02
-4.8066836658378659e-02
-5.0033611236446528e-02
-5.2119697201180475e-02
-5.4333320041921013e-02
-5.6686924468460749e-02
-5.9191092552063992e-02
-6.1858792141959773e-02
-6.4705711400121185e-02
-6.7745648698253308e-02
-7.0998221504901760e-02
-7.4483369136660246e-02
-7.8221459572819063e-02
-8.2239982587567553e-02
-8.6565443433099118e-02
-9.1229756837806791e-02
-9.6270570049138582e-02
-1.0172536941818267e-01
-1.0764359884429509e-01
-1.1407780051895663e-01
-1.2108691367274602e-01
-1.2874442891451759e-01
-1.3712383400085229e-01
-1.4632338725893337e-01
-1.5645499525186032e-01
-1.6764206334868331e-01
-1.8004113103283914e-01
-1.9382848011983134e-01
-2.0921670169667042e-01
-2.2646530439292156e-01
-2.4587566369719011e-01
-2.6782863130256301e-01
-2.9278167863239085e-01
-3.2129789484993498e-01
-3.5409125768869465e-01
-3.9204301880687342e-01
-4.3629215285797524e-01
-4.8829966308894923e-01
-5.4989666864985476e-01
-6.2364839751319712e-01
-7.1294336392643265e-01
-8.2244050449780093e-01
-9.5866376539374565e-01
-1.1308163177869255e+00
-1.3524996430877294e+00
-1.6446931528476747e+00
-2.0396618248623226e+00
-2.5908996903668071e+00
-3.3887343494655795e+00
-4.5966853068386957e+00
-6.5170512662507774e+00
-9.6925796101351676e+00
-1.4616025875615032e+01
-1.8305073791732735e+01
0.0000000000000000e+00
2.4055929233035767e-01
0.0000000000000000e+00
0.0000000000000000e+00
];
