%Vec Object:sol 1 MPI processes
%  type: mpi
sol = [
0.0000000000000000e+00
-4.0558858119486828e+01
-2.4055784463232623e+01
-1.2973325608127828e+01
-7.6228960274182924e+00
-4.9188733176926549e+00
-3.4095206591709597e+00
-2.4932839158123121e+00
-1.8988375069811383e+00
-1.4926452676516586e+00
-1.2034103031494616e+00
-9.9036294701951433e-01
-8.2913673388220921e-01
-7.0418841575753000e-01
-6.0539037388214745e-01
-5.2598059490221227e-01
-4.6125624050815850e-01
-4.0779986097477067e-01
-3.6309850791168879e-01
-3.2539316342213048e-01
-2.9330101322149643e-01
-2.6571480577347206e-01
-2.4186557871705958e-01
-2.2111367160850909e-01
-2.0291404299343141e-01
-1.8687740006642059e-01
-1.7268885851561649e-01
-1.6006603872064484e-01
-1.4877817661403434e-01
-1.3865900805567410e-01
-1.2955121513590645e-01
-1.2130786241399798e-01
-1.1383938769017050e-01
-1.0705214681339102e-01
-1.0085208178462567e-01
-9.5183584600646590e-02
-8.9989829955891887e-02
-8.5211201525807509e-02
-8.0807586332583212e-02
-7.6744932915496888e-02
-7.2984543155005785e-02
-6.9495650398556263e-02
-6.6257965997764651e-02
-6.3245948024444526e-02
-6.0434872936284405e-02
-5.7812973944315900e-02
-5.5363216490525238e-02
-5.3065051945111075e-02
-5.0912078327234510e-02
-4.8892449780428622e-02
-4.6989983494037428e-02
-4.5200381754803183e-02
-4.3515367909079068e-02
-4.1923060124100166e-02
-4.0419390471850163e-02
-3.8998917516876008e-02
-3.7652811570448322e-02
-3.6377219901960224e-02
-3.5168645365846421e-02
-3.4020452219974934e-02
-3.2929014555843183e-02
-3.1892172578127188e-02
-3.0904883285566769e-02
-2.9963766209123738e-02
-2.9067579977149365e-02
-2.8212447019821989e-02
-2.7395249125016188e-02
-2.6615370461446464e-02
-2.5869790664130938e-02
-2.5155665883656808e-02
-2.4472799483947941e-02
-2.3818803645382549e-02
-2.3191115560713300e-02
-2.2589811157152150e-02
-2.2012969630815258e-02
-2.1458310798142564e-02
-2.0926078777332789e-02
-2.0414696879822791e-02
-1.9922165049507813e-02
-1.9448820929496746e-02
-1.8993339977745952e-02
-1.8553996467028468e-02
-1.8131168395897238e-02
-1.7723714193435589e-02
-1.7330174342356740e-02
-1.6950929341633954e-02
-1.6584968287223945e-02
-1.6231088054636893e-02
-1.5889645034920200e-02
-1.5559719329971968e-02
-1.5240353340876110e-02
-1.4931860849018369e-02
-1.4633382768773436e-02
-1.4344195505766559e-02
-1.4064557781409321e-02
-1.3793648416808324e-02
-1.3530966106879099e-02
-1.3276706265768179e-02
-1.3030068161749946e-02
-1.2790761020579661e-02
-1.2813822663712844e-02
-1.3100119699877901e-02
-1.3395722292744204e-02
-1.3701384554890700e-02
-1.4016904237314193e-02
-1.4343094826281150e-02
-1.4680698908002604e-02
-1.5029445906936112e-02
-1.5390469682629557e-02
-1.5764497391382002e-02
-1.6151179035958828e-02
-1.6552033962995667e-02
-1.6967646215439086e-02
-1.7397949258458729e-02
-1.7844550822688456e-02
-1.8307963718775248e-02
-1.8788547905403945e-02
-1.9287937353468020e-02
-1.9806591875031952e-02
-2.0345389587337566e-02
-2.0905999369274276e-02
-2.1488826245059017e-02
-2.2095381468964320e-02
-2.2727384867351430e-02
-2.3385184178184592e-02
-2.4070921782817386e-02
-2.4786406074086737e-02
-2.5532184938395947e-02
-2.6311242498639600e-02
-2.7125165786537217e-02
-2.7975394452909350e-02
-2.8865128312122994e-02
-2.9796035635592525e-02
-3.0770691647036882e-02
-3.1792586135205539e-02
-3.2863536286412948e-02
-3.3987544888878451e-02
-3.5168453976587445e-02
-3.6408466826811231e-02
-3.7713251247014433e-02
-3.9086765503812716e-02
-4.0533077335819456e-02
-4.2058690398588755e-02
-4.3668243971611384e-02
-4.5368243282011611e-02
-4.7166357893742884e-02
-4.9068230524719342e-02
-5.1083592385327940e-02
-5.3221333955679150e-02
-5.5489903819801567e-02
-5.7902057416723128e-02
-6.0468659162985786e-02
-6.3203013052448159e-02
-6.6121206112077349e-02
-6.9237407527596634e-02
-7.2571731823533492e-02
-7.6144634183942586e-02
-7.9977019370621946e-02
-8.4097073345419174e-02
-8.8531993501045847e-02
-9.3314515161074515e-02
-9.8483245573472433e-02
-1.0407664874924170e-01
-1.1014542199820365e-01
-1.1674345419646311e-01
-1.2393119725821138e-01
-1.3178385281552155e-01
-1.4038145010850314e-01
-1.4982199902176915e-01
-1.6021969335180675e-01
-1.7170132099268848e-01
-1.8442765651286749e-01
-1.9857979759788544e-01
-2.1437613179446205e-01
-2.3208322707903251e-01
-2.5201071115105783e-01
-2.7454541084608475e-01
-3.0014181499861903e-01
-3.2939126614943526e-01
-3.6302512141381887e-01
-4.0194592317742545e-01
-4.4731990739982852e-01
-5.0064270158818269e-01
-5.6385570402980023e-01
-6.3955758600066825e-01
-7.3121298615481212e-01
-8.4343609652822848e-01
-9.8301175256297979e-01
-1.1594734304114442e+00
-1.3868949266953838e+00
-1.6860350457100646e+00
-2.0907866233155334e+00
-2.6548594430693142e+00
-3.4715929735946665e+00
-4.7072096862390289e+00
-6.6718760280881941e+00
-9.9196627925210432e+00
-1.4969759181127682e+01
-1.8781272038028174e+01
0.0000000000000000e+00
2.4055929233035767e-01
0.0000000000000000e+00
0.0000000000000000e+00
];
