%Vec Object:sol 1 MPI processes
%  type: mpi
sol = [
0.0000000000000000e+00
-4.1132744606229664e+01
-2.4245962866287339e+01
-1.3029795496807409e+01
-7.6447388950144521e+00
-4.9292324476077356e+00
-3.4155886530174553e+00
-2.4968295926076225e+00
-1.9013454433210468e+00
-1.4941991224719751e+00
-1.2045972327864054e+00
-9.9128658487233468e-01
-8.2974391776240297e-01
-7.0460712597201713e-01
-6.0571885284028437e-01
-5.2623782365124983e-01
-4.6145650994450083e-01
-4.0795402267561470e-01
-3.6321489000767315e-01
-3.2547840595444799e-01
-2.9335621025763658e-01
-2.6572915231396149e-01
-2.4184766321675757e-01
-2.2107008265344777e-01
-2.0285868065866863e-01
-1.8681463845337959e-01
-1.7261986687273020e-01
-1.5999178889924356e-01
-1.4869948274001021e-01
-1.3857657189746173e-01
-1.2946563101590475e-01
-1.2121962876229370e-01
-1.1374894075628911e-01
-1.0695986020303104e-01
-1.0075827278465303e-01
-9.5088530742286820e-02
-8.9893771058328353e-02
-8.5114344420908317e-02
-8.0710111325832057e-02
-7.6646996301675471e-02
-7.2886281166913161e-02
-6.9397182489786602e-02
-6.6159394827224771e-02
-6.3147363430552203e-02
-6.0336355366418286e-02
-5.7714590815542637e-02
-5.5265026391526882e-02
-5.2967109894369965e-02
-5.0814428151993364e-02
-4.8795129020471513e-02
-4.6893029546587611e-02
-4.5103822814562940e-02
-4.3419227432412486e-02
-4.1827362540524736e-02
-4.0324153801059782e-02
-3.8904155513658119e-02
-3.7558539441523882e-02
-3.6283448820004366e-02
-3.5075382357179129e-02
-3.3927705893820305e-02
-3.2836791443005997e-02
-3.1800475023601157e-02
-3.0813715161371352e-02
-2.9873130895767274e-02
-2.8977476564980967e-02
-2.8122876006705620e-02
-2.7306211742808915e-02
-2.6526863571937755e-02
-2.5781812282517500e-02
-2.5068215720060343e-02
-2.4385872782876284e-02
-2.3732404085012593e-02
-2.3105251405967010e-02
-2.2504430889760740e-02
-2.1928037176859882e-02
-2.1373785610425019e-02
-2.0841937787601829e-02
-2.0330943223749717e-02
-1.9838804048478983e-02
-1.9365853064146409e-02
-1.8910766255200211e-02
-1.8471820220238678e-02
-1.8049388413759609e-02
-1.7642329989887219e-02
-1.7249187695126553e-02
-1.6870337811115355e-02
-1.6504770378717427e-02
-1.6151284307071329e-02
-1.5810232124386283e-02
-1.5480695123791391e-02
-1.5161717365841657e-02
-1.4853609155218286e-02
-1.4555512872278025e-02
-1.4266706087483825e-02
-1.3987444459475260e-02
-1.3716908578489249e-02
-1.3454597707522364e-02
-1.3200704637577174e-02
-1.2954430735534221e-02
-1.2715485110359337e-02
-1.2737382649050513e-02
-1.3020920480414441e-02
-1.3313660733369825e-02
-1.3616350942795969e-02
-1.3928787105476435e-02
-1.4251775541189171e-02
-1.4586051744323113e-02
-1.4931343425211834e-02
-1.5288774885451949e-02
-1.5659065631530921e-02
-1.6041864020560705e-02
-1.6438676837899922e-02
-1.6850080600305368e-02
-1.7276004981380880e-02
-1.7718043632847010e-02
-1.8176701509416547e-02
-1.8652331500228533e-02
-1.9146552196105195e-02
-1.9659815021613521e-02
-2.0192986815126629e-02
-2.0747719550498707e-02
-2.1324409226781273e-02
-2.1924546947492688e-02
-2.2549831947235175e-02
-2.3200606646165630e-02
-2.3879122129304525e-02
-2.4587072089458508e-02
-2.5324975952555531e-02
-2.6095790419981012e-02
-2.6901074984224022e-02
-2.7742249910902669e-02
-2.8622481966161271e-02
-2.9543416935373479e-02
-3.0507600162559548e-02
-3.1518483642959359e-02
-3.2577858710035955e-02
-3.3689684591616142e-02
-3.4857759762351254e-02
-3.6084255886588014e-02
-3.7374780510602230e-02
-3.8733243811297204e-02
-4.0163663380469464e-02
-4.1672471262191924e-02
-4.3264248744634644e-02
-4.4945426007943427e-02
-4.6723585671393203e-02
-4.8604298629215503e-02
-5.0597187311802787e-02
-5.2711037864157116e-02
-5.4954195888050575e-02
-5.7339273291089801e-02
-5.9877004155233199e-02
-6.2580537274185541e-02
-6.5465775493225450e-02
-6.8546716872307858e-02
-7.1843246433441713e-02
-7.5375581230211389e-02
-7.9164378337413979e-02
-8.3237502325503532e-02
-8.7621831210535669e-02
-9.2349721632497134e-02
-9.7459337819310696e-02
-1.0298869278425786e-01
-1.0898790548190863e-01
-1.1551024355520634e-01
-1.2261546148364962e-01
-1.3037790513864836e-01
-1.3887668439651921e-01
-1.4820869502311351e-01
-1.5848683591140364e-01
-1.6983645280178733e-01
-1.8241651354909791e-01
-1.9640619069252202e-01
-2.1201201243100898e-01
-2.2950133565796568e-01
-2.4918220854977743e-01
-2.7144058136653354e-01
-2.9674002132800437e-01
-3.2565107140284355e-01
-3.5889708503077494e-01
-3.9737080240007649e-01
-4.4222591107792070e-01
-4.9494210260524757e-01
-5.5744031426536322e-01
-6.3227272762025433e-01
-7.2277765172969155e-01
-8.3374432341726534e-01
-9.7177559518526524e-01
-1.1463104915466917e+00
-1.3710279453249758e+00
-1.6669714563624438e+00
-2.0673239760421294e+00
-2.6253892945529951e+00
-3.4334351244698555e+00
-4.6563492093394672e+00
-6.6006918596221036e+00
-9.8153930872814215e+00
-1.4807562405992783e+01
-1.8563045366170378e+01
0.0000000000000000e+00
2.4055929233035767e-01
0.0000000000000000e+00
0.0000000000000000e+00
];
