%Vec Object:sol 1 MPI processes
%  type: mpi
sol = [
0.0000000000000000e+00
-4.2001269346817161e+01
-2.4529715727342193e+01
-1.3110475022667808e+01
-7.6763372099725027e+00
-4.9437477178836788e+00
-3.4238149319906550e+00
-2.5022127256828135e+00
-1.9045519512128160e+00
-1.4965908127114504e+00
-1.2064289213639547e+00
-9.9246843270784346e-01
-8.3059182187115677e-01
-7.0527520232982166e-01
-6.0624712654557289e-01
-5.2665560048885007e-01
-4.6178584162867814e-01
-4.0817768432683049e-01
-3.6334702421925669e-01
-3.2553991070765886e-01
-2.9336687561155050e-01
-2.6571568646047483e-01
-2.4181401035767483e-01
-2.2101947953358705e-01
-2.0279375721257409e-01
-1.8673759587477531e-01
-1.7253256365720737e-01
-1.5989577174435926e-01
-1.4859604886748121e-01
-1.3846684161202794e-01
-1.2935055476401378e-01
-1.2110000434371969e-01
-1.1362546859010693e-01
-1.0683314158586739e-01
-1.0062881856952963e-01
-9.4956789635577188e-02
-8.9760132119774974e-02
-8.4979143408170435e-02
-8.0573642172385426e-02
-7.6509513080553024e-02
-7.2748016020209041e-02
-6.9257807597312107e-02
-6.6018449467981272e-02
-6.3005152063551409e-02
-6.0193147337241307e-02
-5.7570617505382948e-02
-5.5120489482165462e-02
-5.2822191351582226e-02
-5.0669281423086951e-02
-4.8649887533806883e-02
-4.6747817241424135e-02
-4.4958742063760750e-02
-4.3274366533097526e-02
-4.1682805176104884e-02
-4.0179968767658177e-02
-3.8760400521236686e-02
-3.7415270328638728e-02
-3.6140711751555137e-02
-3.4933214041035027e-02
-3.3786142650389935e-02
-3.2695864006356615e-02
-3.1660205537252552e-02
-3.0674126172067710e-02
-2.9734242481872942e-02
-2.8839300700337505e-02
-2.7985425461773211e-02
-2.7169499154719463e-02
-2.6390893766039671e-02
-2.5646591179968974e-02
-2.4933750782519894e-02
-2.4252163920646580e-02
-2.3599444992790240e-02
-2.2973036262612798e-02
-2.2373001854394073e-02
-2.1797423169941533e-02
-2.1244026247472698e-02
-2.0713043705838673e-02
-2.0202901117896476e-02
-1.9711605208096585e-02
-1.9239482542183741e-02
-1.8785210992342299e-02
-1.8347071667115786e-02
-1.7925432026341732e-02
-1.7519153173186832e-02
-1.7126782044799772e-02
-1.6748689263658776e-02
-1.6383866969497732e-02
-1.6031117742719370e-02
-1.5690788866442606e-02
-1.5361963960961003e-02
-1.5043690063842451e-02
-1.4736272722308838e-02
-1.4438856944209833e-02
-1.4150722434963622e-02
-1.3872120643012258e-02
-1.3602235150514241e-02
-1.3340566386396392e-02
-1.3087303530406364e-02
-1.2841651361255264e-02
-1.2603319073702433e-02
-1.2623554638016312e-02
-1.2903057527575481e-02
-1.3191613943167603e-02
-1.3489961943250382e-02
-1.3797895232216277e-02
-1.4116209822368945e-02
-1.4445631044935384e-02
-1.4785884442432106e-02
-1.5138080551239773e-02
-1.5502927980453381e-02
-1.5880073101681054e-02
-1.6271004602180606e-02
-1.6676288395802350e-02
-1.7095849103494827e-02
-1.7531260179658899e-02
-1.7983015624963506e-02
-1.8451458579574788e-02
-1.8938185696557988e-02
-1.9443636830262796e-02
-1.9968663055145393e-02
-2.0514892386648081e-02
-2.1082708523405602e-02
-2.1673579118267814e-02
-2.2289177055518951e-02
-2.2929831524304736e-02
-2.3597760396189091e-02
-2.4294628872250527e-02
-2.5020939549363467e-02
-2.5779605880177716e-02
-2.6572157802548582e-02
-2.7399986843840797e-02
-2.8266210960393411e-02
-2.9172442595498234e-02
-3.0121182876769598e-02
-3.1115827928758135e-02
-3.2158130712493606e-02
-3.3251986047147949e-02
-3.4401127951920379e-02
-3.5607681147968494e-02
-3.6877164097937586e-02
-3.8213415722656560e-02
-3.9620379285602511e-02
-4.1104380880296214e-02
-4.2669915801490273e-02
-4.4323303084729183e-02
-4.6071996612241893e-02
-4.7921460703130560e-02
-4.9881156733186743e-02
-5.1959716213842121e-02
-5.4165331992188571e-02
-5.6510403379005890e-02
-5.9005471135313584e-02
-6.1663453950026113e-02
-6.4499981665928741e-02
-6.7528798369847182e-02
-7.0769448840311472e-02
-7.4241796915299987e-02
-7.7966131970638314e-02
-8.1969841931718995e-02
-8.6279330695745143e-02
-9.0926392848555734e-02
-9.5948535086714207e-02
-1.0138310051264968e-01
-1.0727935148252568e-01
-1.1368950322739353e-01
-1.2066861735082007e-01
-1.2829280289261735e-01
-1.3663966709493727e-01
-1.4580427628939113e-01
-1.5589739175439840e-01
-1.6704195407507633e-01
-1.7939392043876562e-01
-1.9312891558482168e-01
-2.0845874273024206e-01
-2.2564195454406247e-01
-2.4497881817461500e-01
-2.6684879657937094e-01
-2.9170770030668058e-01
-3.2011658711184254e-01
-3.5278687902240263e-01
-3.9059669482782033e-01
-4.3468099624553347e-01
-4.8647201801179107e-01
-5.4782860329502925e-01
-6.2130615238641385e-01
-7.1027178306687810e-01
-8.1936878330234675e-01
-9.5509952955618571e-01
-1.1265674982986895e+00
-1.3474608654601099e+00
-1.6386313267352397e+00
-2.0321326093447767e+00
-2.5815049457040184e+00
-3.3765501135064384e+00
-4.5804072947304473e+00
-6.4942066300514512e+00
-9.6589802114875880e+00
-1.4563533277735715e+01
-1.8234325515747798e+01
0.0000000000000000e+00
2.4055929233035767e-01
0.0000000000000000e+00
0.0000000000000000e+00
];
