%Vec Object:sol 1 MPI processes
%  type: mpi
sol = [
0.0000000000000000e+00
-4.1388582601057358e+01
-2.4330053956510366e+01
-1.3054680971497126e+01
-7.6543583863893172e+00
-4.9334975036066862e+00
-3.4182299549944153e+00
-2.4983987237886587e+00
-1.9022744727828274e+00
-1.4948910217952471e+00
-1.2051262354074896e+00
-9.9169273401056601e-01
-8.2998446400964343e-01
-7.0479591091203586e-01
-6.0586741240477238e-01
-5.2635460446206417e-01
-4.6154787315942725e-01
-4.0802479962287802e-01
-3.6326878923438760e-01
-3.2550717321026101e-01
-2.9335489014384780e-01
-2.6572105154575165e-01
-2.4183390168529831e-01
-2.2105157901302691e-01
-2.0283618083689955e-01
-1.8678876649535817e-01
-1.7259114935685860e-01
-1.5996066370307566e-01
-1.4866631683172613e-01
-1.3854168190343641e-01
-1.2942928526946348e-01
-1.2118205233235550e-01
-1.1371033093290295e-01
-1.0692038610737976e-01
-1.0071807803299758e-01
-9.5047741193447707e-02
-8.9852495622027892e-02
-8.5072677038364214e-02
-8.0668134014256626e-02
-7.6604780331801209e-02
-7.2843888683138264e-02
-6.9354668035535375e-02
-6.6116805465718492e-02
-6.3104740390071037e-02
-6.0293735537870700e-02
-5.7672005327182009e-02
-5.5222502362403877e-02
-5.2924672678963065e-02
-5.0772098188903207e-02
-4.8752923896709772e-02
-4.6850966624365102e-02
-4.5061915417968189e-02
-4.3377486743419069e-02
-4.1785800049198303e-02
-4.0282778171164803e-02
-3.8862973500239095e-02
-3.7517558407079127e-02
-3.6242673595489522e-02
-3.5034817395935197e-02
-3.3887371431960599e-02
-3.2796515490561444e-02
-3.1760147318696794e-02
-3.0773362813630099e-02
-2.9832778470049063e-02
-2.8937144619310157e-02
-2.8082583829310066e-02
-2.7265977239629490e-02
-2.6486701139385348e-02
-2.5741735621632532e-02
-2.5028237954809282e-02
-2.4346003924458619e-02
-2.3692646361082252e-02
-2.3065604817818598e-02
-2.2464947913024415e-02
-2.1888755637860007e-02
-2.1334750970895780e-02
-2.0803171002317336e-02
-2.0292439982678271e-02
-1.9800561444313029e-02
-1.9327866323285276e-02
-1.8873031188498465e-02
-1.8434334011290718e-02
-1.8012146451915883e-02
-1.7605328264236629e-02
-1.7212423467759131e-02
-1.6833806650359367e-02
-1.6468468495115091e-02
-1.6115209025003480e-02
-1.5774379198700561e-02
-1.5445061018049624e-02
-1.5126299446361319e-02
-1.4818403365203330e-02
-1.4520515952060898e-02
-1.4231915425284417e-02
-1.3952856184686684e-02
-1.3682519725503536e-02
-1.3420405666193220e-02
-1.3166705718681497e-02
-1.2920622279475217e-02
-1.2681864487756917e-02
-1.2703267827214815e-02
-1.2985600402148266e-02
-1.3277090996593960e-02
-1.3578484316513153e-02
-1.3889575685314874e-02
-1.4211168346004549e-02
-1.4543994761003537e-02
-1.4887782006420625e-02
-1.5243650273650990e-02
-1.5612315820308051e-02
-1.5993426425957826e-02
-1.6388483471181388e-02
-1.6798060315560526e-02
-1.7222085138734126e-02
-1.7662145563494616e-02
-1.8118743285891234e-02
-1.8592228297980726e-02
-1.9084212645769372e-02
-1.9595144314812765e-02
-2.0125885450087155e-02
-2.0678080881759472e-02
-2.1252122955985910e-02
-2.1849495788307721e-02
-2.2471890760651904e-02
-2.3119646367348527e-02
-2.3795003792146153e-02
-2.4499648242418477e-02
-2.5234094148644005e-02
-2.6001285319121457e-02
-2.6802772451935436e-02
-2.7639967264873191e-02
-2.8516021979930858e-02
-2.9432572466217430e-02
-3.0392150904629052e-02
-3.1398192649732176e-02
-3.2452477627898997e-02
-3.3558945885050158e-02
-3.4721376706809845e-02
-3.5941927805435502e-02
-3.7226180193840219e-02
-3.8578022848874446e-02
-4.0001451251525683e-02
-4.1502865901028536e-02
-4.3086822509813771e-02
-4.4759718182247020e-02
-4.6529097222367047e-02
-4.8400498836849569e-02
-5.0383497520315471e-02
-5.2486833415247111e-02
-5.4718806697352983e-02
-5.7091966009743783e-02
-5.9616987943527162e-02
-6.2306952848591529e-02
-6.5177682356776484e-02
-6.8243099019539941e-02
-7.1522986650636514e-02
-7.5037457255852952e-02
-7.8807058612484632e-02
-8.2859513526384085e-02
-8.7221559067988216e-02
-9.1925384775066385e-02
-9.7008959398275835e-02
-1.0251009682587581e-01
-1.0847866077851018e-01
-1.1496764464554149e-01
-1.2203649496259425e-01
-1.2975917978699447e-01
-1.3821440295769458e-01
-1.4749856820561488e-01
-1.5772400246741095e-01
-1.6901541562883973e-01
-1.8152447850212763e-01
-1.9543167178768880e-01
-2.1095355176422617e-01
-2.2835181146004874e-01
-2.4793035835459892e-01
-2.7007321652905092e-01
-2.9524165063687252e-01
-3.2400338847925242e-01
-3.5707824280749878e-01
-3.9535461595742988e-01
-4.3998064109539214e-01
-4.9242895329417508e-01
-5.5461142653396345e-01
-6.2900985873733661e-01
-7.1905754578839975e-01
-8.2946899454152501e-01
-9.6681730292886636e-01
-1.1404997301798216e+00
-1.3640225876745933e+00
-1.6585504068107060e+00
-2.0568694458804155e+00
-2.6123592272037715e+00
-3.4165526419650294e+00
-4.6338256683357182e+00
-6.5691337324122987e+00
-9.7690920326621935e+00
-1.4735414281658397e+01
-1.8465905227505360e+01
0.0000000000000000e+00
2.4055929233035767e-01
0.0000000000000000e+00
0.0000000000000000e+00
];
