%Vec Object:sol 1 MPI processes
%  type: mpi
sol = [
0.0000000000000000e+00
-8.2177809693008030e+01
-3.6160618505684504e+01
-1.6985243030448672e+01
-9.4474277787803285e+00
-5.9324451455748157e+00
-4.0485698858965025e+00
-2.9303464963493422e+00
-2.2153387947059842e+00
-1.7316587029039217e+00
-1.3900207142363155e+00
-1.1394535245543100e+00
-9.5073063765213661e-01
-8.0513384894576956e-01
-6.9040741480234025e-01
-5.9833802957535998e-01
-5.2347468176198764e-01
-4.6177531780807224e-01
-4.1027886815989556e-01
-3.6691710206252970e-01
-3.3006927072676545e-01
-2.9844168913649682e-01
-2.7113630458222743e-01
-2.4740790743809260e-01
-2.2663324443999047e-01
-2.0834060689707939e-01
-1.9217405727360795e-01
-1.7780704567773900e-01
-1.6497290572374887e-01
-1.5347916599429320e-01
-1.4314431723221846e-01
-1.3379940996706124e-01
-1.2534080891937646e-01
-1.1766073330248100e-01
-1.1065144919638398e-01
-1.0424873293955282e-01
-9.8387271399000442e-02
-9.2998947328665524e-02
-8.8037665010077856e-02
-8.3464256929114328e-02
-7.9234586163459381e-02
-7.5313509947992380e-02
-7.1677611011954620e-02
-6.8297787384963435e-02
-6.5145986390843555e-02
-6.2208515057631135e-02
-5.9465963589717022e-02
-5.6895180845038085e-02
-5.4488578029622890e-02
-5.2232659738372197e-02
-5.0109286373334692e-02
-4.8113317225681934e-02
-4.6235315933042545e-02
-4.4461998062728027e-02
-4.2788587528676647e-02
-4.1208845504136615e-02
-3.9712922526217137e-02
-3.8296368007388150e-02
-3.6955129852103898e-02
-3.5681820630072712e-02
-3.4472309957704395e-02
-3.3324046369039267e-02
-3.2231425447416390e-02
-3.1190642369723732e-02
-3.0200174617605387e-02
-2.9255719828851522e-02
-2.8353804594452681e-02
-2.7493607023369060e-02
-2.6671780954293192e-02
-2.5885187613090034e-02
-2.5133475063839821e-02
-2.4414002147230069e-02
-2.3723963493489403e-02
-2.3063314075636381e-02
-2.2429933185223280e-02
-2.1821343402594704e-02
-2.1237691427172193e-02
-2.0677240281415120e-02
-2.0137830505205512e-02
-1.9619719788416087e-02
-1.9121454708354770e-02
-1.8641178845710472e-02
-1.8179200202383890e-02
-1.7734278469560313e-02
-1.7304853244958628e-02
-1.6891234510467316e-02
-1.6492322315092421e-02
-1.6106842203639362e-02
-1.5735110320748775e-02
-1.5376118763308955e-02
-1.5028816024790267e-02
-1.4693471204613905e-02
-1.4369196167489190e-02
-1.4055211658971891e-02
-1.3751733735171698e-02
-1.3457896551482492e-02
-1.3173158538043293e-02
-1.2897669803470707e-02
-1.2630595224616363e-02
-1.2371609273364170e-02
-1.2366824116619660e-02
-1.2615401251689740e-02
-1.2871667142160778e-02
-1.3136289581410375e-02
-1.3408998358033488e-02
-1.3690512162433333e-02
-1.3981472655177506e-02
-1.4281534927318137e-02
-1.4591711774104068e-02
-1.4912613303224227e-02
-1.5243808424100818e-02
-1.5586660506232594e-02
-1.5941624005102108e-02
-1.6308527627681049e-02
-1.6688793679529006e-02
-1.7082789283872891e-02
-1.7490732577502343e-02
-1.7914041516339404e-02
-1.8353011122253019e-02
-1.8808326664088552e-02
-1.9281405821278120e-02
-1.9772467071702004e-02
-2.0282755928735335e-02
-2.0813698210858666e-02
-2.1365433938822041e-02
-2.1939882937945753e-02
-2.2538423901886321e-02
-2.3161328401490950e-02
-2.3811123642786678e-02
-2.4489015705002927e-02
-2.5196068503701687e-02
-2.5934940405144727e-02
-2.6706862061862877e-02
-2.7513875097726275e-02
-2.8358824788680861e-02
-2.9243009057599870e-02
-3.0169683417404485e-02
-3.1141919195366748e-02
-3.2161278833983106e-02
-3.3232410001551922e-02
-3.4358376664923092e-02
-3.5542304345500285e-02
-3.6789446501358049e-02
-3.8103339327050643e-02
-3.9489129619306514e-02
-4.0952928981312399e-02
-4.2498990962921611e-02
-4.4135110506690202e-02
-4.5868252206174881e-02
-4.7704911970454560e-02
-4.9655263020755847e-02
-5.1727712120582699e-02
-5.3932685585424391e-02
-5.6282892372460924e-02
-5.8789235545719937e-02
-6.1467610919443062e-02
-6.4334018645641561e-02
-6.7404657493178199e-02
-7.0701760003968439e-02
-7.4246455450929227e-02
-7.8064341896238579e-02
-8.2185700243432594e-02
-8.6640341704777787e-02
-9.1468066356653471e-02
-9.6710906697085305e-02
-1.0241593609718171e-01
-1.0864205881493967e-01
-1.1545155627720165e-01
-1.2292102206394812e-01
-1.3113967114005079e-01
-1.4020620425530017e-01
-1.5024640808560558e-01
-1.6140152040191269e-01
-1.7384204710584003e-01
-1.8777635491553932e-01
-2.0344100781981972e-01
-2.2113993089057646e-01
-2.4124427907581703e-01
-2.6420543822099019e-01
-2.9059636919833681e-01
-3.2112402780689958e-01
-3.5670314132645919e-01
-3.9850752939301348e-01
-4.4806203311678738e-01
-5.0741038970033503e-01
-5.7928319370765935e-01
-6.6737543072522687e-01
-7.7697776058125279e-01
-9.1565499327013888e-01
-1.0945827761838003e+00
-1.3305141148853679e+00
-1.6500078118021526e+00
-2.0967598115032877e+00
-2.7448335494070397e+00
-3.7274258856087013e+00
-5.2897344588130624e+00
-7.8546114843586619e+00
-1.1708347504452849e+01
-1.4382137646880231e+01
0.0000000000000000e+00
1.3464638167935297e-01
0.0000000000000000e+00
0.0000000000000000e+00
];
