%Vec Object:sol 1 MPI processes
%  type: mpi
sol = [
0.0000000000000000e+00
-4.1066682142837372e+01
-2.4224178871742065e+01
-1.3023339588123035e+01
-7.6422421254665958e+00
-4.9281249464049575e+00
-3.4148925274573911e+00
-2.4964224624906519e+00
-1.9010967337094224e+00
-1.4940198210595210e+00
-1.2044601367556045e+00
-9.9117978889203984e-01
-8.2968164198135719e-01
-7.0455828072759785e-01
-6.0568044478791494e-01
-5.2620766095403848e-01
-4.6143294194356421e-01
-4.0793579558365173e-01
-3.6320104139602299e-01
-3.2546816822601532e-01
-2.9335328172342490e-01
-2.6573139591826689e-01
-2.4185136464318940e-01
-2.2107500514251344e-01
-2.0286463192856619e-01
-1.8682145761865587e-01
-1.7262741816602847e-01
-1.5999995941063000e-01
-1.4870817783394083e-01
-1.3858570992707447e-01
-1.2947514278675556e-01
-1.2122945622612682e-01
-1.1375903304314142e-01
-1.0697017370960440e-01
-1.0076877047499433e-01
-9.5099180171976744e-02
-8.9904544158172645e-02
-8.5125217006018356e-02
-8.0721062227739920e-02
-7.6658007162942160e-02
-7.2897335979350331e-02
-6.9408267204526530e-02
-6.6170497332652650e-02
-6.3158473117533351e-02
-6.0347462738645996e-02
-5.7725687872350662e-02
-5.5276106165546950e-02
-5.2978165863787063e-02
-5.0825455073218541e-02
-4.8806122385355311e-02
-4.6903984894861958e-02
-4.5114736736226464e-02
-4.3430097070506990e-02
-4.1838184950461710e-02
-4.0334926772468589e-02
-3.8914877330226173e-02
-3.7569208238774673e-02
-3.6294063198237178e-02
-3.5085941393822026e-02
-3.3938208492851958e-02
-3.2847236763278893e-02
-3.1810862697078154e-02
-3.0824044655848849e-02
-2.9883401740934349e-02
-2.8987688780346882e-02
-2.8133029459115860e-02
-2.7316306206473483e-02
-2.6536899313390701e-02
-2.5791789547589320e-02
-2.5078134510730547e-02
-2.4395733649404321e-02
-2.3742200175896344e-02
-2.3114973260739208e-02
-2.2514123794379084e-02
-2.1937733606654186e-02
-2.1383526437338433e-02
-2.0851743652767922e-02
-2.0340814011913472e-02
-1.9848701592360945e-02
-1.9375713177904284e-02
-1.8920580588472662e-02
-1.8481569486443136e-02
-1.8059073820843510e-02
-1.7651952589248270e-02
-1.7258748206490645e-02
-1.6879837394750654e-02
-1.6514210027363863e-02
-1.6160664723376756e-02
-1.5819554419129387e-02
-1.5489960223042628e-02
-1.5170925960582997e-02
-1.4862762306436605e-02
-1.4564611433330762e-02
-1.4275750742992518e-02
-1.3996436221334752e-02
-1.3725848222938706e-02
-1.3463485918223514e-02
-1.3209542378637869e-02
-1.2963218703110947e-02
-1.2724223992611609e-02
-1.2746249723565682e-02
-1.3030100552449221e-02
-1.3323165325941218e-02
-1.3626192313266223e-02
-1.3938977685045175e-02
-1.4262328559712730e-02
-1.4596981218525052e-02
-1.4942663535287453e-02
-1.5300500878632772e-02
-1.5671213598006356e-02
-1.6054450199054660e-02
-1.6451718870332276e-02
-1.6863596947391160e-02
-1.7290014490315146e-02
-1.7732566715787934e-02
-1.8191759423384787e-02
-1.8667946253003730e-02
-1.9162747494002173e-02
-1.9676615462262435e-02
-2.0210418213279464e-02
-2.0765809574488606e-02
-2.1343186491340871e-02
-2.1944041880100320e-02
-2.2570077012462861e-02
-2.3221635325361645e-02
-2.3900970472653701e-02
-2.4609778347894087e-02
-2.5348579670905078e-02
-2.6120334488185640e-02
-2.6926604572263573e-02
-2.7768812404534233e-02
-2.8650128523836228e-02
-2.9572201285946450e-02
-3.0537579448090001e-02
-3.1549719321322965e-02
-3.2610415195238190e-02
-3.3723631272356218e-02
-3.4893171003044808e-02
-3.6121209667040396e-02
-3.7413361691962896e-02
-3.8773542750456767e-02
-4.0205776165755422e-02
-4.1716502161650348e-02
-4.3310308655205840e-02
-4.4993634401592889e-02
-4.6774071953727556e-02
-4.8657200417676939e-02
-5.0652654651922237e-02
-5.2769232725726763e-02
-5.5015292013655348e-02
-5.7403460824016150e-02
-5.9944488138279017e-02
-6.2651540489744750e-02
-6.5540541774035885e-02
-6.8625509617568164e-02
-7.1926355273920550e-02
-7.5463323019928738e-02
-7.9257098251457936e-02
-8.3335582278398823e-02
-8.7725689636695164e-02
-9.2459820265035061e-02
-9.7576189074139119e-02
-1.0311286060249587e-01
-1.0912001996551944e-01
-1.1565100585567654e-01
-1.2276565252452099e-01
-1.3053840371856187e-01
-1.3904847448514282e-01
-1.4839288803709941e-01
-1.5868469140659888e-01
-1.7004939534640776e-01
-1.8264617439055628e-01
-1.9665431929378976e-01
-2.1228654369698502e-01
-2.2979947328817127e-01
-2.4950687056552107e-01
-2.7179518461214658e-01
-2.9712857887745742e-01
-3.2607832522148489e-01
-3.5936869375468899e-01
-3.9789354756624024e-01
-4.4280801202340009e-01
-4.9559360466856539e-01
-5.5817360817337835e-01
-6.3311855204562273e-01
-7.2374190552944273e-01
-8.3485236513563632e-01
-9.7306047752389146e-01
-1.1478160648774141e+00
-1.3728429610155468e+00
-1.6691528316438586e+00
-2.0700317812273106e+00
-2.6287632210783123e+00
-3.4378054990283782e+00
-4.6621778330148960e+00
-6.6088550976078935e+00
-9.8273625259491535e+00
-1.4826201402186188e+01
-1.8588134278569392e+01
0.0000000000000000e+00
2.4055929233035767e-01
0.0000000000000000e+00
0.0000000000000000e+00
];
