%Vec Object:sol 1 MPI processes
%  type: mpi
sol = [
0.0000000000000000e+00
-4.0604379019801819e+01
-2.4070949096502421e+01
-1.2977838756639663e+01
-7.6246429185777407e+00
-4.9197462302760622e+00
-3.4100048142579986e+00
-2.4935666328425414e+00
-1.8990407451880580e+00
-1.4927689239464039e+00
-1.2035046988923555e+00
-9.9043635236250793e-01
-8.2919461288452734e-01
-7.0422147104644728e-01
-6.0541625335231564e-01
-5.2600080988858722e-01
-4.6127192864288580e-01
-4.0781188594767953e-01
-3.6310753247873212e-01
-3.2539971585751615e-01
-2.9330551321815446e-01
-2.6571758513441079e-01
-2.4186691123981027e-01
-2.2111270317152748e-01
-2.0290940045819772e-01
-1.8687218004371128e-01
-1.7268315292888256e-01
-1.6005992396114477e-01
-1.4877171666487068e-01
-1.3865225804366013e-01
-1.2954422173135205e-01
-1.2130066475630866e-01
-1.1383202000667425e-01
-1.0704463840071439e-01
-1.0084445752576714e-01
-9.5175866236088369e-02
-8.9982036256000653e-02
-8.5203348679597821e-02
-8.0799688437977357e-02
-7.6737002174842167e-02
-7.2976590202483441e-02
-6.9487684553155404e-02
-6.6249995247369395e-02
-6.3237979354959784e-02
-6.0426912606892140e-02
-5.7805027176520592e-02
-5.5355287814708359e-02
-5.3057145628598999e-02
-5.0904197742108470e-02
-4.8884597806043116e-02
-4.6982163016955937e-02
-4.5192594924826392e-02
-4.3507616503830386e-02
-4.1915346012753769e-02
-4.0411715011891586e-02
-3.8991281728537074e-02
-3.7645216600300936e-02
-3.6369666576038739e-02
-3.5161134180435379e-02
-3.4012983805081762e-02
-3.2921589379170647e-02
-3.1884790772585492e-02
-3.0897545112019923e-02
-2.9956471892315692e-02
-2.9060329398396548e-02
-2.8205240177495396e-02
-2.7388086078127614e-02
-2.6608250918329520e-02
-2.5862714438169624e-02
-2.5148632920950435e-02
-2.4465809375563384e-02
-2.3811856077109742e-02
-2.3184210401041877e-02
-2.2582947919621784e-02
-2.2006147916704841e-02
-2.1451530421961126e-02
-2.0919339203544027e-02
-2.0407997657685188e-02
-1.9915505954917513e-02
-1.9442201398259609e-02
-1.8986759531884161e-02
-1.8547454863366199e-02
-1.8124665046428633e-02
-1.7717248611882876e-02
-1.7323746253317025e-02
-1.6944538163336794e-02
-1.6578613539678991e-02
-1.6224769443321643e-02
-1.5883361981910614e-02
-1.5553471372758240e-02
-1.5234140167385238e-02
-1.4925681890372898e-02
-1.4627237588644169e-02
-1.4338083775075285e-02
-1.4058478943884069e-02
-1.3787602069034066e-02
-1.3524951902512650e-02
-1.3270723663507462e-02
-1.3024116796229461e-02
-1.2784840527218339e-02
-1.2807812989596011e-02
-1.3093895547606369e-02
-1.3389275756819904e-02
-1.3694707227580321e-02
-1.4009987588298849e-02
-1.4335929779053536e-02
-1.4673275847221938e-02
-1.5021755101223062e-02
-1.5382500671267970e-02
-1.5756239135724472e-02
-1.6142620390933567e-02
-1.6543162824636668e-02
-1.6958449917936377e-02
-1.7388414866498000e-02
-1.7834664327932001e-02
-1.8297710532698307e-02
-1.8777912920207081e-02
-1.9276904295513864e-02
-1.9795144414830854e-02
-2.0333512053156859e-02
-2.0893670009997856e-02
-2.1476016816888217e-02
-2.2082013869366108e-02
-2.2713349403663777e-02
-2.3370444467313269e-02
-2.4055570854549447e-02
-2.4770439988692099e-02
-2.5515581698563484e-02
-2.6293979652720730e-02
-2.7107211703345173e-02
-2.7956715953206316e-02
-2.8845689574229855e-02
-2.9775799042273534e-02
-3.0749617193512095e-02
-3.1770630795812348e-02
-3.2840654971758795e-02
-3.3963689027977841e-02
-3.5143571517767647e-02
-3.6382503195320937e-02
-3.7686147051330138e-02
-3.9058457511536561e-02
-4.0503498309772547e-02
-4.2027767379248133e-02
-4.3635899368909041e-02
-4.5334393511047184e-02
-4.7130912423794830e-02
-4.9031093091439798e-02
-5.1044658033990130e-02
-5.3180489399231173e-02
-5.5447027549239893e-02
-5.7857016458170173e-02
-6.0421310136802159e-02
-6.3153200186205280e-02
-6.6068758925133794e-02
-6.9182141879659306e-02
-7.2513445248162389e-02
-7.6083105203562804e-02
-7.9912006737643412e-02
-8.4028310152636301e-02
-8.8459187350495322e-02
-9.3237343428762706e-02
-9.8401350273819049e-02
-1.0398963590871059e-01
-1.1005285148372732e-01
-1.1664483630287356e-01
-1.2382598663361073e-01
-1.3167143582437063e-01
-1.4026113977324645e-01
-1.4969301948436134e-01
-1.6008116546069504e-01
-1.7155225057818410e-01
-1.8426690530211087e-01
-1.9840606475460637e-01
-2.1418792168903450e-01
-2.3187880743214900e-01
-2.5178807582302576e-01
-2.7429727174671042e-01
-2.9986996691007184e-01
-3.2909240386760163e-01
-3.6269530187395221e-01
-4.0158042229568069e-01
-4.4691300141549872e-01
-5.0018739747249119e-01
-5.6334337946819601e-01
-6.3897746378540266e-01
-7.3053975819209416e-01
-8.4266232479880643e-01
-9.8211486768459300e-01
-1.1584229949087943e+00
-1.3856287890943855e+00
-1.6845143228624475e+00
-2.0889289777268800e+00
-2.6525097850345265e+00
-3.4685518224804248e+00
-4.7031584064356222e+00
-6.6662096164169204e+00
-9.9113710557942820e+00
-1.4956874873314923e+01
-1.8763944567117232e+01
0.0000000000000000e+00
2.4055929233035767e-01
0.0000000000000000e+00
0.0000000000000000e+00
];
