%Vec Object:sol 1 MPI processes
%  type: mpi
sol = [
0.0000000000000000e+00
-9.2092289667413866e+01
-3.6546289982097171e+01
-1.6478859653825864e+01
-8.9343442698499942e+00
-5.4865247085354181e+00
-3.6637827487238006e+00
-2.5948873722482397e+00
-1.9193148691497919e+00
-1.4674349976933361e+00
-1.1518657660362552e+00
-9.2320278255446298e-01
-7.5285319962684683e-01
-6.2294578477508034e-01
-5.2178454106890537e-01
-4.4163993159988552e-01
-3.7723219610013103e-01
-3.2477398454299039e-01
-2.8150346369478463e-01
-2.4550887452913031e-01
-2.1529317877124884e-01
-1.8968378802042588e-01
-1.6784790741602099e-01
-1.4910781611423260e-01
-1.3290976474686186e-01
-1.1883694911891454e-01
-1.0655653290788754e-01
-9.5783353365498744e-02
-8.6286507625293052e-02
-7.7891344717207489e-02
-7.0441188897087934e-02
-6.3797330027278887e-02
-5.7863522144267654e-02
-5.2547993267523144e-02
-4.7765737549649148e-02
-4.3457900656505878e-02
-3.9568998632127803e-02
-3.6046354264070407e-02
-3.2850493247591622e-02
-2.9947321359427334e-02
-2.7303187003905764e-02
-2.4890487401181664e-02
-2.2687777200518223e-02
-2.0673030882308027e-02
-1.8826316095769569e-02
-1.7133904302297789e-02
-1.5581137342337263e-02
-1.4153206324645879e-02
-1.2841428070715479e-02
-1.1635510210704312e-02
-1.0525041397353248e-02
-9.5039458839076101e-03
-8.5649824588226158e-03
-7.7016302377446652e-03
-6.9082103446939476e-03
-6.1817842364532286e-03
-5.5158989698611905e-03
-4.9085701252926115e-03
-4.3565875076885304e-03
-3.8568987677357297e-03
-3.4075359349467157e-03
-3.0070404224334397e-03
-2.6533112424642672e-03
-2.3446666735180907e-03
-2.0797534932872116e-03
-1.8559191153907791e-03
-1.6699817158291181e-03
-1.5187331695430684e-03
-1.3974165294494598e-03
-1.3008597284185673e-03
-1.2248072534006983e-03
-1.1645351736736551e-03
-1.1158444266002308e-03
-1.0762361286824655e-03
-1.0431084553723412e-03
-1.0143063841406834e-03
-9.8909438236876603e-04
-9.6636880966012465e-04
-9.4512517661655862e-04
-9.2540852323023351e-04
-9.0674274452239229e-04
-8.8859323193426142e-04
-8.7124682482478876e-04
-8.5445122540769652e-04
-8.3786789900071454e-04
-8.2182593153235319e-04
-8.0614870982980227e-04
-7.9060064217933242e-04
-7.7548812610640978e-04
-7.6065760191141977e-04
-7.4594553552288616e-04
-7.3161669104893122e-04
-7.1752095391761333e-04
-7.0355581626513428e-04
-6.8994065117729091e-04
-6.7652082116116642e-04
-6.6324988983286427e-04
-6.5030302897512446e-04
-6.3751751167421861e-04
-6.2489974831322545e-04
-6.2496088464104350e-04
-6.3753056438324877e-04
-6.5029237870012520e-04
-6.6336120848325172e-04
-6.7653662683616060e-04
-6.8994158970905905e-04
-7.0366275331516716e-04
-7.1745650176039950e-04
-7.3152023910774374e-04
-7.4590696983035888e-04
-7.6032159599461683e-04
-7.7504944204151069e-04
-7.9006438347365739e-04
-8.0512742536575238e-04
-8.2051024970348813e-04
-8.3612364496988081e-04
-8.5181963634044396e-04
-8.6782843631575681e-04
-8.8399398833043943e-04
-9.0027586298575043e-04
-9.1685474626895694e-04
-9.3349461094807554e-04
-9.5028241842830393e-04
-9.6733956520671715e-04
-9.8433358555754754e-04
-1.0015037642404823e-03
-1.0188763791323834e-03
-1.0360722929855343e-03
-1.0534441668201419e-03
-1.0708554363973398e-03
-1.0880808722520121e-03
-1.1054000871882506e-03
-1.1225460179820231e-03
-1.1394840452547985e-03
-1.1564031523575121e-03
-1.1728732976896085e-03
-1.1890990072661238e-03
-1.2051403100703784e-03
-1.2204091727925541e-03
-1.2353689471651047e-03
-1.2497825773185294e-03
-1.2633113603895615e-03
-1.2763086840256884e-03
-1.2883012763379501e-03
-1.2992909855754329e-03
-1.3094919254693391e-03
-1.3181204746488063e-03
-1.3256572079391054e-03
-1.3319659541451178e-03
-1.3363710316804712e-03
-1.3395256246717144e-03
-1.3408572557144173e-03
-1.3402816670102648e-03
-1.3383306644773746e-03
-1.3339457798445861e-03
-1.3279760416946740e-03
-1.3204993973974510e-03
-1.3106002425913527e-03
-1.2997341364050386e-03
-1.2871880643400494e-03
-1.2732736176447558e-03
-1.2593386292133260e-03
-1.2435660861230330e-03
-1.2282282979172820e-03
-1.2133100648578912e-03
-1.1976422101485828e-03
-1.1839441038844962e-03
-1.1701151341615668e-03
-1.1582439692507383e-03
-1.1554744197470115e-03
-1.1999467360324367e-03
-1.5888290613319169e-03
-3.3937327188876768e-03
-7.4685364238428467e-03
-1.3308834887272043e-02
-2.0694759198465272e-02
-2.9741499193954232e-02
-4.0714299598923948e-02
-5.3994407600853792e-02
-7.0091813449292120e-02
-8.9670136979507403e-02
-1.1360262394855267e-01
-1.4304134207701746e-01
-1.7952094275506009e-01
-2.2512750699903172e-01
-2.8270290402197962e-01
-3.5626268746005646e-01
-4.5153282381585280e-01
-5.7687409800196188e-01
-7.4487583328066698e-01
-9.7500762358680493e-01
-1.2983942198076550e+00
-1.7669198704820901e+00
-2.4716050423632265e+00
-3.5784658233769679e+00
-5.4034277974301359e+00
-8.5344559327665994e+00
-1.3612786098457578e+01
-1.7894606783772360e+01
0.0000000000000000e+00
1.3464638167935297e-01
0.0000000000000000e+00
0.0000000000000000e+00
];
