%Vec Object:sol 1 MPI processes
%  type: mpi
sol = [
0.0000000000000000e+00
-4.2698494557256836e+01
-2.4749902132050476e+01
-1.3172651201318903e+01
-7.6999129862648550e+00
-4.9553883057176016e+00
-3.4301784880511033e+00
-2.5064252752455158e+00
-1.9071613161691581e+00
-1.4985384412422524e+00
-1.2076433373628033e+00
-9.9336814210970636e-01
-8.3129715439489404e-01
-7.0583272857268387e-01
-6.0668977411702063e-01
-5.2694944496092777e-01
-4.6195523058842375e-01
-4.0828938331397968e-01
-3.6342302345334615e-01
-3.2558654687673083e-01
-2.9338919232337918e-01
-2.6571766243398492e-01
-2.4179894634649171e-01
-2.2099008359955377e-01
-2.0275223012045002e-01
-1.8668577932618011e-01
-1.7247201261832376e-01
-1.5982778075362275e-01
-1.4852170400265527e-01
-1.3838707989485682e-01
-1.2926546955925222e-01
-1.2100709708727778e-01
-1.1352603743727489e-01
-1.0672827419473528e-01
-1.0051942528345177e-01
-9.4843645317213690e-02
-8.9643893712624226e-02
-8.4860368602091313e-02
-8.0452807777609228e-02
-7.6387028367063459e-02
-7.2624221700732211e-02
-6.9133528982982029e-02
-6.5894574543312698e-02
-6.2881747490018305e-02
-6.0070271320704957e-02
-5.7448315967005656e-02
-5.4998801047896263e-02
-5.2701153461541778e-02
-5.0548920389376008e-02
-4.8530224448410292e-02
-4.6628875252973122e-02
-4.4840534946259399e-02
-4.3156904045537327e-02
-4.1566099839971386e-02
-4.0064026677982895e-02
-3.8645223872638516e-02
-3.7300864220081754e-02
-3.6027077408101585e-02
-3.4820348620403452e-02
-3.3674046061387575e-02
-3.2584534422424226e-02
-3.1549636795235203e-02
-3.0564314587387686e-02
-2.9625184349953471e-02
-2.8730987712620882e-02
-2.7877851490661465e-02
-2.7062659369309731e-02
-2.6284778523326353e-02
-2.5541192740262477e-02
-2.4829063681032191e-02
-2.4148177741135736e-02
-2.3496150994616181e-02
-2.2870428651105799e-02
-2.2271069829116006e-02
-2.1696157446070414e-02
-2.1143420885186018e-02
-2.0613087789127696e-02
-2.0103585158969723e-02
-1.9612923221514162e-02
-1.9141423680650953e-02
-1.8687765823714286e-02
-1.8250234209429506e-02
-1.7829191625443278e-02
-1.7423500647396374e-02
-1.7031711426273778e-02
-1.6654190173646489e-02
-1.6289930625649773e-02
-1.5937738182845183e-02
-1.5597956039118337e-02
-1.5269669594793596e-02
-1.4951928176067972e-02
-1.4645033619584582e-02
-1.4348132951810508e-02
-1.4060507518645425e-02
-1.3782405482902372e-02
-1.3513012733232721e-02
-1.3251830590431892e-02
-1.2999045414003261e-02
-1.2753864619836583e-02
-1.2515997457899334e-02
-1.2534926835811694e-02
-1.2811275427006058e-02
-1.3096560837542914e-02
-1.3391513707511586e-02
-1.3695925910435178e-02
-1.4010585389175628e-02
-1.4336209512540648e-02
-1.4672522083446137e-02
-1.5020622866229487e-02
-1.5381211925366060e-02
-1.5753934028447568e-02
-1.6140263702634394e-02
-1.6540758535475292e-02
-1.6955339145965746e-02
-1.7385563176969224e-02
-1.7831916017336455e-02
-1.8294733133301818e-02
-1.8775593992095302e-02
-1.9274929342664948e-02
-1.9793577879855501e-02
-2.0333148837675116e-02
-2.0894016225102924e-02
-2.1477629298402839e-02
-2.2085640271960340e-02
-2.2718367902267632e-02
-2.3378004018571038e-02
-2.4066191455638701e-02
-2.4783419548007880e-02
-2.5532567838033163e-02
-2.6315143039801543e-02
-2.7132514087504375e-02
-2.7987760646960846e-02
-2.8882468945463050e-02
-2.9819105386377335e-02
-3.0801022240164989e-02
-3.1829942283902034e-02
-3.2909709776990988e-02
-3.4044008121383286e-02
-3.5234925106097367e-02
-3.6487909269945551e-02
-3.7806743533996080e-02
-3.9195312746065865e-02
-4.0659859808304714e-02
-4.2204812369963901e-02
-4.3836402159871800e-02
-4.5561981841182875e-02
-4.7386932120554406e-02
-4.9320588212914844e-02
-5.1371460408130065e-02
-5.3547618189511557e-02
-5.5861297760111756e-02
-5.8322899032914294e-02
-6.0944967390318010e-02
-6.3742164116305094e-02
-6.6728812229329013e-02
-6.9924167158900860e-02
-7.3347789574131766e-02
-7.7019650486365485e-02
-8.0966728551388270e-02
-8.5215014843963308e-02
-8.9795815003146387e-02
-9.4746063150532397e-02
-1.0010251082202289e-01
-1.0591366546419446e-01
-1.1223105442765914e-01
-1.1911247180598748e-01
-1.2662986015473079e-01
-1.3485973041664226e-01
-1.4389582796909725e-01
-1.5384737861723283e-01
-1.6483561258844545e-01
-1.7701434418776954e-01
-1.9055677984085170e-01
-2.0567182284292318e-01
-2.2261450696277205e-01
-2.4168101903974265e-01
-2.6324570903793892e-01
-2.8775827177576824e-01
-3.1577228390595086e-01
-3.4798973230383534e-01
-3.8525010787567465e-01
-4.2867808164545057e-01
-4.7971622309604256e-01
-5.4022443480628679e-01
-6.1269281577352652e-01
-7.0044602209539142e-01
-8.0806959163318204e-01
-9.4185937840328160e-01
-1.1109391511596589e+00
-1.3289218484013765e+00
-1.6161752049839571e+00
-2.0044223788044340e+00
-2.5465000177869852e+00
-3.3316805697203753e+00
-4.5202021212636021e+00
-6.4099813129272709e+00
-9.5349507410094034e+00
-1.4369508503446706e+01
-1.7972752271640559e+01
0.0000000000000000e+00
2.4055929233035767e-01
0.0000000000000000e+00
0.0000000000000000e+00
];
