%Vec Object:sol 1 MPI processes
%  type: mpi
sol = [
0.0000000000000000e+00
-4.1676728248780300e+01
-2.4424244808634590e+01
-1.3081308037086226e+01
-7.6651791526344226e+00
-4.9383129259922525e+00
-3.4208495193240473e+00
-2.5001868378090770e+00
-1.9033397676154971e+00
-1.4956856969602546e+00
-1.2057349188210402e+00
-9.9205349281289512e-01
-8.3026660885239523e-01
-7.0501825687301523e-01
-6.0604326827231270e-01
-5.2649371447551696e-01
-4.6165757517267109e-01
-4.0811066793595668e-01
-3.6331419628343276e-01
-3.2552053118592061e-01
-2.9335863639698595e-01
-2.6571676614513912e-01
-2.4182289662553530e-01
-2.2103493099789584e-01
-2.0281476476944849e-01
-1.8676331467564664e-01
-1.7256228009874144e-01
-1.5992889162229276e-01
-1.4863207356857991e-01
-1.3850534024583672e-01
-1.2939116150794480e-01
-1.2114241198514213e-01
-1.1366940711996094e-01
-1.0687837896842683e-01
-1.0067515763463945e-01
-9.5004056918427060e-02
-8.9808177008993850e-02
-8.5027835885473371e-02
-8.0622868195320996e-02
-7.6559175168503649e-02
-7.2798018650329879e-02
-6.9308598609498784e-02
-6.6070593462855778e-02
-6.3058435680129574e-02
-6.0247382717748675e-02
-5.7625642406307132e-02
-5.5176162684346095e-02
-5.2878386545245737e-02
-5.0725893164631518e-02
-4.8706709426826394e-02
-4.6804285411504158e-02
-4.5014850899129738e-02
-4.3330112239042769e-02
-4.1738182544776639e-02
-4.0234975588281638e-02
-3.8815036374926004e-02
-3.7469533347056376e-02
-3.6194601862194524e-02
-3.4986733061137823e-02
-3.3839291041590586e-02
-3.2748643019635058e-02
-3.1712618453130482e-02
-3.0726175059130213e-02
-2.9785929391321225e-02
-2.8890629847411756e-02
-2.8036400001025703e-02
-2.7220121604489257e-02
-2.6441168912454686e-02
-2.5696522887177095e-02
-2.4983341819358840e-02
-2.4301419392993538e-02
-2.3648369197544442e-02
-2.3021632087221681e-02
-2.2421274551044711e-02
-2.1845377261348831e-02
-2.1291664661014117e-02
-2.0760371720868847e-02
-2.0249923328357827e-02
-1.9758324540804544e-02
-1.9285904222411668e-02
-1.8831339568177653e-02
-1.8392910046412789e-02
-1.7970985325951642e-02
-1.7564425807261797e-02
-1.7171776900887191e-02
-1.6793411314811935e-02
-1.6428320428570897e-02
-1.6075305483804370e-02
-1.5734715696877160e-02
-1.5405633842006666e-02
-1.5087105870684096e-02
-1.4779439084172027e-02
-1.4481777532123605e-02
-1.4193400141515678e-02
-1.3914559913644122e-02
-1.3644439336994645e-02
-1.3382538416904947e-02
-1.3129047665735675e-02
-1.2883170612740457e-02
-1.2644616425321820e-02
-1.2665467788649788e-02
-1.2946460373706033e-02
-1.3236561533751140e-02
-1.3536512827891267e-02
-1.3846108818452616e-02
-1.4166149325621621e-02
-1.4497363436954279e-02
-1.4839477508879994e-02
-1.5193607161741677e-02
-1.5560465034504978e-02
-1.5939698247647523e-02
-1.6332802171848699e-02
-1.6740346645898366e-02
-1.7162258171836871e-02
-1.7600117665499519e-02
-1.8054423185604969e-02
-1.8525521487087925e-02
-1.9015017331119752e-02
-1.9523354861374107e-02
-2.0051390988315976e-02
-2.0600762586351646e-02
-2.1171857917381506e-02
-2.1766153309871843e-02
-2.2385331395815240e-02
-2.3029726276376686e-02
-2.3701568106306917e-02
-2.4402532632075126e-02
-2.5133128696309959e-02
-2.5896285745948485e-02
-2.6693544665426623e-02
-2.7526307630008018e-02
-2.8397710653889102e-02
-2.9309378535005672e-02
-3.0263828772010840e-02
-3.1264478167214997e-02
-3.2313093905667646e-02
-3.3413594645953462e-02
-3.4569738271053946e-02
-3.5783666906131238e-02
-3.7060931983272843e-02
-3.8405398818848281e-02
-3.9821038213358348e-02
-4.1314215484767776e-02
-4.2889457791834680e-02
-4.4553125333378935e-02
-4.6312719666299747e-02
-4.8173744609880588e-02
-5.0145721180520651e-02
-5.2237338175256845e-02
-5.4456845048760694e-02
-5.6816719851812615e-02
-5.9327574984832585e-02
-6.2002414392852805e-02
-6.4856969058986191e-02
-6.7905077205478268e-02
-7.1166409670913922e-02
-7.4660961168291309e-02
-7.8409157406212945e-02
-8.2438562915065641e-02
-8.6775757340868898e-02
-9.1452743598984601e-02
-9.6507272108555822e-02
-1.0197693433943029e-01
-1.0791130891757326e-01
-1.1436308284224457e-01
-1.2139135857956034e-01
-1.2906968208078118e-01
-1.3747630402448255e-01
-1.4670490986654006e-01
-1.5686479038539763e-01
-1.6808307713992005e-01
-1.8051673689832085e-01
-1.9434253356806716e-01
-2.0977363625990764e-01
-2.2707025490836624e-01
-2.4653457798395584e-01
-2.6854847580445801e-01
-2.9357063787630999e-01
-3.2216564303890871e-01
-3.5504934302641600e-01
-3.9310528617993190e-01
-4.3747538929489438e-01
-4.8962438846105705e-01
-5.5141552108174552e-01
-6.2536848586171367e-01
-7.1490513993457527e-01
-8.2469588798971438e-01
-9.6128047990747323e-01
-1.1339356020814477e+00
-1.3561982940631414e+00
-1.6491419382376205e+00
-2.0451869260875051e+00
-2.5977918707104788e+00
-3.3976708591576612e+00
-4.6086203418273852e+00
-6.5337942281369763e+00
-9.7171897986462863e+00
-1.4654449711625558e+01
-1.8356847626808015e+01
0.0000000000000000e+00
2.4055929233035767e-01
0.0000000000000000e+00
0.0000000000000000e+00
];
