%Vec Object:sol 1 MPI processes
%  type: mpi
sol = [
0.0000000000000000e+00
-7.2257548734841222e+01
-3.4747786170619591e+01
-1.6818935499055989e+01
-9.4469521189043437e+00
-5.9587239299291967e+00
-4.0759490914918590e+00
-2.9550654667422243e+00
-2.2360898532892324e+00
-1.7496799950548916e+00
-1.4052389106071383e+00
-1.1528261014141954e+00
-9.6257678238192357e-01
-8.1560194576867273e-01
-6.9970282400460748e-01
-6.0676435451822186e-01
-5.3116462680717158e-01
-4.6883576894714690e-01
-4.1679698166256324e-01
-3.7296408796118230e-01
-3.3570409402024742e-01
-3.0369787809727045e-01
-2.7605231683166126e-01
-2.5202385364997576e-01
-2.3098304842971046e-01
-2.1246281816312290e-01
-1.9609087626544039e-01
-1.8153756155356610e-01
-1.6853375092940034e-01
-1.5688498877998358e-01
-1.4640802873273362e-01
-1.3693234801624835e-01
-1.2835315366745248e-01
-1.2056157920759429e-01
-1.1344883260396724e-01
-1.0694996617744228e-01
-1.0099897274757065e-01
-9.5527019961792747e-02
-9.0487497449383891e-02
-8.5840802777349581e-02
-8.1542308260635840e-02
-7.7556468022885086e-02
-7.3859602291272711e-02
-7.0422270492398950e-02
-6.7216077384036649e-02
-6.4227185004582563e-02
-6.1435951715773769e-02
-5.8818916376499712e-02
-5.6368427279523001e-02
-5.4070824877429757e-02
-5.1907704220520899e-02
-4.9873893057287760e-02
-4.7959839700452013e-02
-4.6152052669055657e-02
-4.4445718059341693e-02
-4.2834525460666795e-02
-4.1308464005109048e-02
-3.9863041490224904e-02
-3.8494081593174349e-02
-3.7193867026681468e-02
-3.5958533727040935e-02
-3.4785513767920079e-02
-3.3669098407024478e-02
-3.2605420958321238e-02
-3.1592961597442938e-02
-3.0627335002055212e-02
-2.9705002800359131e-02
-2.8825159522393839e-02
-2.7984392358813719e-02
-2.7179496136571172e-02
-2.6410145041376388e-02
-2.5673643640538989e-02
-2.4967120384500399e-02
-2.4290562816815176e-02
-2.3641805391892593e-02
-2.3018306161126437e-02
-2.2420247980564634e-02
-2.1845856349123421e-02
-2.1292911301385605e-02
-2.0761706850618410e-02
-2.0250755935224896e-02
-1.9758150061750423e-02
-1.9284234665292666e-02
-1.8827732415857518e-02
-1.8387033809868281e-02
-1.7962493368949811e-02
-1.7552984922508143e-02
-1.7157184116631558e-02
-1.6775424923985482e-02
-1.6406688057610849e-02
-1.6049919721570348e-02
-1.5705412876723536e-02
-1.5372221538024217e-02
-1.5049547522591043e-02
-1.4737629100283433e-02
-1.4435568208722710e-02
-1.4142807417610967e-02
-1.3859521347648852e-02
-1.3584840600879578e-02
-1.3318433821488519e-02
-1.3325502021151545e-02
-1.3605900370756860e-02
-1.3895179890648065e-02
-1.4194085832213913e-02
-1.4502365798063762e-02
-1.4820822852333748e-02
-1.5150181588975584e-02
-1.5490114040265495e-02
-1.5841745730953309e-02
-1.6205775633082845e-02
-1.6581788333537285e-02
-1.6971295368090878e-02
-1.7374837637068010e-02
-1.7792284978032594e-02
-1.8225224907232378e-02
-1.8674114026405963e-02
-1.9139250318728322e-02
-1.9622231162916129e-02
-2.0123446406818735e-02
-2.0643710595418089e-02
-2.1184637475640838e-02
-2.1746546799863438e-02
-2.2330876377038601e-02
-2.2939267982002406e-02
-2.3571971209135123e-02
-2.4231178140978842e-02
-2.4918501557994317e-02
-2.5634352834926658e-02
-2.6381613792313713e-02
-2.7161734358023985e-02
-2.7976016221388612e-02
-2.8827518813581650e-02
-2.9717749008364824e-02
-3.0649113538628481e-02
-3.1624917976615624e-02
-3.2646779567200510e-02
-3.3718485153087854e-02
-3.4843638838712838e-02
-3.6024195078126799e-02
-3.7265536542154046e-02
-3.8571319216419653e-02
-3.9945287238228981e-02
-4.1393571074510950e-02
-4.2920424262062558e-02
-4.4531917413808998e-02
-4.6235231597635484e-02
-4.8035513004651482e-02
-4.9941895196468834e-02
-5.1962633434151792e-02
-5.4105503528222479e-02
-5.6382450438188833e-02
-5.8803502063121377e-02
-6.1381011930023738e-02
-6.4129973634121012e-02
-6.7063428952731041e-02
-7.0200126047454028e-02
-7.3559036146289405e-02
-7.7159460417395617e-02
-8.1027641061628727e-02
-8.5188715834366616e-02
-8.9673032936967045e-02
-9.4516432337262590e-02
-9.9754417437749460e-02
-1.0543406532840728e-01
-1.1160525832565225e-01
-1.1832390564745519e-01
-1.2565974591304049e-01
-1.3368676005981656e-01
-1.4249572273657332e-01
-1.5219234962838141e-01
-1.6288704188980765e-01
-1.7473398437775758e-01
-1.8790039928389263e-01
-2.0258793350706808e-01
-2.1904280910673818e-01
-2.3755068168742641e-01
-2.5847284217214073e-01
-2.8224302989226607e-01
-3.0939507153097728e-01
-3.4060603408041901e-01
-3.7671127684040984e-01
-4.1879077066397302e-01
-4.6822972681683989e-01
-5.2682654622792524e-01
-5.9690261415880042e-01
-6.8172374717026629e-01
-7.8571063193703339e-01
-9.1505405212849567e-01
-1.0786072177013661e+00
-1.2891231523245221e+00
-1.5665560752769163e+00
-1.9419026587942587e+00
-2.4655009489176347e+00
-3.2240296846030261e+00
-4.3727205307574604e+00
-6.1997593062651131e+00
-9.2154848941653977e+00
-1.3861083725075360e+01
-1.7276524766738589e+01
0.0000000000000000e+00
1.3464638167935297e-01
0.0000000000000000e+00
0.0000000000000000e+00
];
