%Vec Object:sol 1 MPI processes
%  type: mpi
sol = [
0.0000000000000000e+00
-4.3069835898974482e+01
-2.4862636052781653e+01
-1.3203998596429242e+01
-7.7111040538433251e+00
-4.9604613337716170e+00
-3.4326118791738689e+00
-2.5075380489459826e+00
-1.9078235495359841e+00
-1.4989036298483565e+00
-1.2076811686718036e+00
-9.9331973476229707e-01
-8.3119094075189959e-01
-7.0568732724498850e-01
-6.0645593798138864e-01
-5.2668686727889957e-01
-4.6169036570512029e-01
-4.0802479290999100e-01
-3.6316047113662181e-01
-3.2532725781994509e-01
-2.9313399543837826e-01
-2.6546710993249306e-01
-2.4155338899310538e-01
-2.2074972346566121e-01
-2.0251717019266499e-01
-1.8645604537940833e-01
-1.7224754670282899e-01
-1.5960353738980709e-01
-1.4829707417329724e-01
-1.3816308841456790e-01
-1.2904360261979986e-01
-1.2079113434410522e-01
-1.1331571652746272e-01
-1.0652334453818359e-01
-1.0031966489514813e-01
-9.4648830500393938e-02
-8.9453809163276166e-02
-8.4674821401548306e-02
-8.0271610739583166e-02
-7.6209997511342942e-02
-7.2451189672896363e-02
-6.8964339778361611e-02
-6.5729070975939038e-02
-6.2719784117908559e-02
-5.9911718139062362e-02
-5.7293038345153723e-02
-5.4846672080707808e-02
-5.2552064657163285e-02
-5.0402755990005606e-02
-4.8386874158690515e-02
-4.6488246396073893e-02
-4.4702528493428768e-02
-4.3021424584219432e-02
-4.1433066024417951e-02
-3.9933354313425581e-02
-3.8516830022912590e-02
-3.7174677155852723e-02
-3.5903025226483760e-02
-3.4698358882590395e-02
-3.3554055250276084e-02
-3.2466480837256867e-02
-3.1433456867963165e-02
-3.0449951870678636e-02
-2.9512585625360421e-02
-2.8620096942838145e-02
-2.7768618356383962e-02
-2.6955037717438467e-02
-2.6178718739944099e-02
-2.5436649848161158e-02
-2.4725997434183397e-02
-2.4046544030031820e-02
-2.3395909528692405e-02
-2.2771544130910037e-02
-2.2173502883829226e-02
-2.1599871923733978e-02
-2.1048385637565652e-02
-2.0519267542828748e-02
-2.0010947437805113e-02
-1.9521440364017418e-02
-1.9051063971610157e-02
-1.8598500070743249e-02
-1.8162037684261289e-02
-1.7742035715359431e-02
-1.7337359108648580e-02
-1.6946561997828184e-02
-1.6570006958632338e-02
-1.6206690041785689e-02
-1.5855420045915291e-02
-1.5516536838379617e-02
-1.5189128160848197e-02
-1.4872246070045319e-02
-1.4566189434748191e-02
-1.4270107716688563e-02
-1.3983284260709406e-02
-1.3705964656863065e-02
-1.3437337377922598e-02
-1.3176904962117993e-02
-1.2924851619533538e-02
-1.2680387543749552e-02
-1.2443222381464796e-02
-1.2461374172811120e-02
-1.2735420829607103e-02
-1.3018323918828099e-02
-1.3310808741517395e-02
-1.3612666766425681e-02
-1.3924680162001119e-02
-1.4247560734701140e-02
-1.4581032125446173e-02
-1.4926186282515736e-02
-1.5283717487645862e-02
-1.5653270650441333e-02
-1.6036309957011958e-02
-1.6433387698993173e-02
-1.6844422868222839e-02
-1.7270961795958228e-02
-1.7713484671723252e-02
-1.8172322617403664e-02
-1.8649043124204043e-02
-1.9144071721474219e-02
-1.9658239337916099e-02
-2.0193142472345205e-02
-2.0749149889439728e-02
-2.1327698779737076e-02
-2.1930427731613755e-02
-2.2557650196601692e-02
-2.3211540560434885e-02
-2.3893727420279190e-02
-2.4604693234809599e-02
-2.5347294810729112e-02
-2.6123024816232739e-02
-2.6933238897383163e-02
-2.7780991693267722e-02
-2.8667854107799918e-02
-2.9596271060957600e-02
-3.0569566884394737e-02
-3.1589447281316560e-02
-3.2659724502116037e-02
-3.3784050531038244e-02
-3.4964492839968053e-02
-3.6206457958460808e-02
-3.7513685803042839e-02
-3.8890039576764519e-02
-4.0341395362527177e-02
-4.1872274678865042e-02
-4.3488976984613549e-02
-4.5198787071340563e-02
-4.7007030653079727e-02
-4.8922957191134368e-02
-5.0954995557454051e-02
-5.3111138997759752e-02
-5.5403506990489217e-02
-5.7842387124870533e-02
-6.0440395873834700e-02
-6.3212803797536715e-02
-6.6173021950846581e-02
-6.9340146678449427e-02
-7.2733576608819350e-02
-7.6373117243176719e-02
-8.0285526820989064e-02
-8.4496583554338964e-02
-8.9037338774772823e-02
-9.3944428361690743e-02
-9.9254307870031436e-02
-1.0501509725796686e-01
-1.1127791432291588e-01
-1.1810009676571402e-01
-1.2555302227989176e-01
-1.3371260587912495e-01
-1.4267186706065368e-01
-1.5253919201795779e-01
-1.6343488842232734e-01
-1.7551160534493374e-01
-1.8894125188807728e-01
-2.0393117944806541e-01
-2.2073454249878657e-01
-2.3964537406211781e-01
-2.6103532063802320e-01
-2.8535087211189403e-01
-3.1313790794241003e-01
-3.4507022189031233e-01
-3.8202572674163854e-01
-4.2511374455752815e-01
-4.7575726469825003e-01
-5.3580389532629291e-01
-6.0772754134413387e-01
-6.9483169488256691e-01
-8.0165453526415553e-01
-9.3440302903249739e-01
-1.1022905326900772e+00
-1.3187739467470221e+00
-1.6039383499404740e+00
-1.9896435201771501e+00
-2.5280597082560874e+00
-3.3082257740067678e+00
-4.4892946461085863e+00
-6.3678606684261512e+00
-9.4737137360486141e+00
-1.4276384811801750e+01
-1.7849676641628868e+01
0.0000000000000000e+00
2.4055929233035767e-01
0.0000000000000000e+00
0.0000000000000000e+00
];
