%Vec Object:sol 1 MPI processes
%  type: mpi
sol = [
0.0000000000000000e+00
-4.2967880540697898e+01
-2.4831866976995901e+01
-1.3195526425797043e+01
-7.7081322369289564e+00
-4.9591502037210278e+00
-3.4320124743286380e+00
-2.5072916386281112e+00
-1.9076939587401007e+00
-1.4988649632170978e+00
-1.2077119647511727e+00
-9.9337020884031124e-01
-8.3125391351145339e-01
-7.0575818103422727e-01
-6.0655458098858339e-01
-5.2678503790758213e-01
-4.6178729623191195e-01
-4.0811999331404647e-01
-3.6325363462706728e-01
-3.2541820265228250e-01
-2.9322262690207762e-01
-2.6555338810108747e-01
-2.4163731744471006e-01
-2.2083133448578621e-01
-2.0259651100221923e-01
-1.8653317613450238e-01
-1.7232256043515889e-01
-1.5968144578601581e-01
-1.4837351519882280e-01
-1.3823721467189884e-01
-1.2911553161646466e-01
-1.2086097052371145e-01
-1.1338356415425044e-01
-1.0658930166402478e-01
-1.0038381780266022e-01
-9.4711264726052097e-02
-8.9514606082443257e-02
-8.4734053594045719e-02
-8.0329347932119169e-02
-7.6266307524608362e-02
-7.2506133964831770e-02
-6.9017975367064957e-02
-6.5781454717844023e-02
-6.2770968429926591e-02
-5.9961749861050066e-02
-5.7341965453429844e-02
-5.4894539621245124e-02
-5.2598911291823564e-02
-5.0448622472239316e-02
-4.8431799169739498e-02
-4.6532262628037203e-02
-4.4745670481445655e-02
-4.3063725472434637e-02
-4.1474554217310174e-02
-3.9974058961804053e-02
-3.8556779702840743e-02
-3.7213896693903105e-02
-3.5941539368455240e-02
-3.4736192411435093e-02
-3.3591229980405292e-02
-3.2503017895869915e-02
-3.1469377867842152e-02
-3.0485276065944981e-02
-2.9547331159480470e-02
-2.8654282762531440e-02
-2.7802261521526574e-02
-2.6988153902700845e-02
-2.6211324636515668e-02
-2.5468760622244357e-02
-2.4757626707973494e-02
-2.4077706575626665e-02
-2.3426618866211106e-02
-2.2801812171386059e-02
-2.2203342757637478e-02
-2.1629295709856607e-02
-2.1077403815987661e-02
-2.0547891832402163e-02
-2.0039188647755318e-02
-1.9549307775262842e-02
-1.9078568083442531e-02
-1.8625650566691191e-02
-1.8188842838171352e-02
-1.7768504968062860e-02
-1.7363501140134432e-02
-1.6972384235364141e-02
-1.6595517920369202e-02
-1.6231897508193188e-02
-1.5880330731507353e-02
-1.5541158453778948e-02
-1.5213467676405140e-02
-1.4896309600418991e-02
-1.4589983981033727e-02
-1.4293639516037489e-02
-1.4006558922643006e-02
-1.3728988556813803e-02
-1.3460116086598046e-02
-1.3199443664167093e-02
-1.2947156136795713e-02
-1.2702462838713964e-02
-1.2465073282446839e-02
-1.2483445072282990e-02
-1.2758168725893184e-02
-1.3041772214299247e-02
-1.3334982404901094e-02
-1.3637590838557870e-02
-1.3950381376054741e-02
-1.4274067447135299e-02
-1.4608372684454203e-02
-1.4954391332573438e-02
-1.5312819350921230e-02
-1.5683301541089448e-02
-1.6067305130600947e-02
-1.6465383929096654e-02
-1.6877457341559706e-02
-1.7305075014237448e-02
-1.7748718610790103e-02
-1.8208720467152006e-02
-1.8686651567809173e-02
-1.9182938905003572e-02
-1.9698415627072551e-02
-2.0234681928893376e-02
-2.0792108024923053e-02
-2.1372134585179142e-02
-2.1976404131440724e-02
-2.2605231558405083e-02
-2.3260796302736562e-02
-2.3944731043805619e-02
-2.4657520118794515e-02
-2.5402026920906040e-02
-2.6179748101274058e-02
-2.6992043054806271e-02
-2.7841973628594367e-02
-2.8731115045678646e-02
-2.9661918346245889e-02
-3.0637715878463208e-02
-3.1660218114280547e-02
-3.2733246477796608e-02
-3.3860461936567825e-02
-3.5043937470431205e-02
-3.6289089617128178e-02
-3.7599676909941010e-02
-3.8979560181735151e-02
-4.0434946666775620e-02
-4.1970226958393926e-02
-4.3591608902383984e-02
-4.5306203848503569e-02
-4.7119134808256719e-02
-4.9040020607171844e-02
-5.1077311493232851e-02
-5.3239020289302039e-02
-5.5537295341809664e-02
-5.7982449082359083e-02
-6.0587128078473884e-02
-6.3366639021640983e-02
-6.6334424880133622e-02
-6.9509626763070029e-02
-7.2911688698662033e-02
-7.6560462360312234e-02
-8.0482767855101126e-02
-8.4704442738377156e-02
-8.9256609367589834e-02
-9.4175986966317710e-02
-9.9499113291652175e-02
-1.0527421645886584e-01
-1.1155252813330460e-01
-1.1839151267228487e-01
-1.2586270485973597e-01
-1.3404218469206430e-01
-1.4302317288053942e-01
-1.5291428807249369e-01
-1.6383609248046951e-01
-1.7594155732787345e-01
-1.8940294915662159e-01
-2.0442804667046297e-01
-2.2127052151515059e-01
-2.4022499762176780e-01
-2.6166386349449633e-01
-2.8603448654788011e-01
-3.1388762031924272e-01
-3.4589889254173833e-01
-3.8293638843002648e-01
-4.2611874923376658e-01
-4.7687158255659895e-01
-5.3704582845095605e-01
-6.0911977409520468e-01
-6.9640262402845254e-01
-8.0345906184025107e-01
-9.3647834343744518e-01
-1.1046915531151824e+00
-1.3215834321881139e+00
-1.6073144376123341e+00
-1.9937078474580636e+00
-2.5331112037284265e+00
-3.3146464690469886e+00
-4.4976880809100512e+00
-6.3792437426807487e+00
-9.4901939665908248e+00
-1.4301255790018223e+01
-1.7882356146368210e+01
0.0000000000000000e+00
2.4055929233035767e-01
0.0000000000000000e+00
0.0000000000000000e+00
];
