%Vec Object:sol 1 MPI processes
%  type: mpi
sol = [
0.0000000000000000e+00
-4.1488309115815198e+01
-2.4362699640755032e+01
-1.3064244629929002e+01
-7.6580880751182026e+00
-4.9351541135672710e+00
-3.4191298951574294e+00
-2.4990131660623458e+00
-1.9026397369634935e+00
-1.4951635258013332e+00
-1.2053349600927801e+00
-9.9181588913204988e-01
-8.3008073323372522e-01
-7.0487172094324158e-01
-6.0592731142546541e-01
-5.2640192420319920e-01
-4.6158512382356492e-01
-4.0805388861753511e-01
-3.6329122815869919e-01
-3.2551121265231980e-01
-2.9335565297251065e-01
-2.6571907711971227e-01
-2.4182963801314089e-01
-2.2104539380598429e-01
-2.0282837288241176e-01
-1.8677958590448698e-01
-1.7258080731968503e-01
-1.5994933597658728e-01
-1.4865415082383723e-01
-1.3852880491521596e-01
-1.2941580529137614e-01
-1.2116806000955620e-01
-1.1369590582974787e-01
-1.0690559651231285e-01
-1.0070298197101946e-01
-9.5032389607605516e-02
-8.9836932668502428e-02
-8.5056940816737453e-02
-8.0652257874147010e-02
-7.6588793317037607e-02
-7.2827816141205995e-02
-6.9338532244013304e-02
-6.6100625728893775e-02
-6.3088533645299538e-02
-6.0277516936610154e-02
-5.7655787747127971e-02
-5.5206297057105884e-02
-5.2908490127182704e-02
-5.0755946945096518e-02
-4.8736811361638113e-02
-4.6834900002490208e-02
-4.5045900495001345e-02
-4.3361526607045023e-02
-4.1769894684230160e-02
-4.0266959673742470e-02
-3.8847208990123769e-02
-3.7501607830818386e-02
-3.6226448516751768e-02
-3.5018353396547353e-02
-3.3870685726186921e-02
-3.2779813161854368e-02
-3.1743566339803686e-02
-3.0756902231129365e-02
-2.9816437357083198e-02
-2.8920921378609944e-02
-2.8066477220389487e-02
-2.7249986240654740e-02
-2.6470824021951073e-02
-2.5725970965027923e-02
-2.5012584698881530e-02
-2.4330460278434756e-02
-2.3677210802368984e-02
-2.3050276280808260e-02
-2.2449724591377163e-02
-2.1873635965516520e-02
-2.1319733895001126e-02
-2.0788254732509927e-02
-2.0277622952844028e-02
-1.9785842622112974e-02
-1.9313243955274430e-02
-1.8858503741254983e-02
-1.8419900474926157e-02
-1.7997805123370708e-02
-1.7591077667269837e-02
-1.7198262612337350e-02
-1.6819733892088854e-02
-1.6454482433520535e-02
-1.6101308685402042e-02
-1.5760562999972579e-02
-1.5431327649216110e-02
-1.5112647941655268e-02
-1.4804832208847674e-02
-1.4507023933000910e-02
-1.4218501580061263e-02
-1.3939519063165944e-02
-1.3669258224280376e-02
-1.3407218817211804e-02
-1.3153592136507594e-02
-1.2907580973852558e-02
-1.2668894478722926e-02
-1.2690106013808542e-02
-1.2971972414718430e-02
-1.3262979641193709e-02
-1.3563871304568332e-02
-1.3874442464655889e-02
-1.4195495173868007e-02
-1.4527760720893498e-02
-1.4870965932844241e-02
-1.5226229410984737e-02
-1.5594266154631943e-02
-1.5974723715660732e-02
-1.6369101383904450e-02
-1.6777971295073642e-02
-1.7201261046744545e-02
-1.7640555928747068e-02
-1.8096356373062471e-02
-1.8569011247079260e-02
-1.9060130063205647e-02
-1.9570159472139709e-02
-2.0099959799319524e-02
-2.0651173108372167e-02
-2.1224190326708685e-02
-2.1820492862419223e-02
-2.2441769055157969e-02
-2.3088355873534347e-02
-2.3762490666259684e-02
-2.4465855351775073e-02
-2.5198962419718224e-02
-2.5964750684581678e-02
-2.6764767433653181e-02
-2.7600421068514003e-02
-2.8474858175979674e-02
-2.9389710777810590e-02
-3.0347505951369411e-02
-3.1351672601651892e-02
-3.2403986227801017e-02
-3.3508379440727182e-02
-3.4668624086425945e-02
-3.5886872461354462e-02
-3.7168695294775539e-02
-3.8517973340409344e-02
-3.9938693501927303e-02
-4.1437244049151133e-02
-4.3018170771633189e-02
-4.4687857946472669e-02
-4.6453835019658885e-02
-4.8321628901090451e-02
-5.0300795497182332e-02
-5.2400057105768491e-02
-5.4627696276604687e-02
-5.6996237117202357e-02
-5.9516333911794797e-02
-6.2201040457449362e-02
-6.5066146882033785e-02
-6.8125546433716488e-02
-7.1398983663762183e-02
-7.4906529816786804e-02
-7.8668690255251181e-02
-8.2713132780866533e-02
-8.7066539762514619e-02
-9.1761035889258588e-02
-9.6834514033750388e-02
-1.0232471082432831e-01
-1.0828139090784659e-01
-1.1475744121695755e-01
-1.2181218874261107e-01
-1.2951945488343478e-01
-1.3795778583320867e-01
-1.4722339434230117e-01
-1.5742838882470395e-01
-1.6869266891642137e-01
-1.8117411217153570e-01
-1.9505301578628298e-01
-2.1054334665156588e-01
-2.2790628259157869e-01
-2.4744513396858933e-01
-2.6954317674024975e-01
-2.9466078112142924e-01
-3.2336458122585005e-01
-3.5637301413323580e-01
-3.9457279649524446e-01
-4.3910990276063105e-01
-4.9145422528592941e-01
-5.5351306042775894e-01
-6.2774428847360575e-01
-7.1761447095261888e-01
-8.2781034130927134e-01
-9.6489342519061583e-01
-1.1382421093090664e+00
-1.3613041114578637e+00
-1.6552820712400023e+00
-2.0528116510910523e+00
-2.6073005095432462e+00
-3.4099969567149873e+00
-4.6250766827902119e+00
-6.5568706136119772e+00
-9.7510887992316952e+00
-1.4707342165857611e+01
-1.8428099590129122e+01
0.0000000000000000e+00
2.4055929233035767e-01
0.0000000000000000e+00
0.0000000000000000e+00
];
