%Vec Object:sol 1 MPI processes
%  type: mpi
sol = [
0.0000000000000000e+00
-4.1092591682180085e+01
-2.4232725621297227e+01
-1.3025872662723689e+01
-7.6432215827906891e+00
-4.9285592124062783e+00
-3.4151653490304459e+00
-2.4965818732692409e+00
-1.9011981769224793e+00
-1.4940898750018150e+00
-1.2045137018293983e+00
-9.9122151189028940e-01
-8.2970592726152914e-01
-7.0457731959499992e-01
-6.0569540554240442e-01
-5.2621939937748952e-01
-4.6144210286820025e-01
-4.0794286866587059e-01
-3.6320640270494675e-01
-3.2547211773596657e-01
-2.9335575907646194e-01
-2.6573045653806721e-01
-2.4184986025014138e-01
-2.2107302751135752e-01
-2.0286225560717300e-01
-1.8681874500259205e-01
-1.7262442192479824e-01
-1.5999672335198983e-01
-1.4870473867996931e-01
-1.3858209936676305e-01
-1.2947138767799460e-01
-1.2122557910073845e-01
-1.1375505364908392e-01
-1.0696610897387759e-01
-1.0076463477532865e-01
-9.5094986103262030e-02
-8.9900302615931529e-02
-8.5120937397014845e-02
-8.0716752748339435e-02
-7.6653674936558461e-02
-7.2892987217696992e-02
-6.9403907358657785e-02
-6.6166131099490613e-02
-6.3154104610837786e-02
-6.0343095641366973e-02
-5.7721325284150214e-02
-5.5271750784770098e-02
-5.2973820218333946e-02
-5.0821121191550765e-02
-4.8801802010125406e-02
-4.6899679753160672e-02
-4.5110448144440950e-02
-4.3425826129897982e-02
-4.1833932798956926e-02
-4.0330694261005967e-02
-3.8910665117125522e-02
-3.7565017042132005e-02
-3.6289893554674428e-02
-3.5081793653574188e-02
-3.3934083072712035e-02
-3.2843133986242903e-02
-3.1806782698264285e-02
-3.0819987635673250e-02
-2.9879367876096675e-02
-2.8983678055812898e-02
-2.8129041920970467e-02
-2.7312341923958205e-02
-2.6532958155772172e-02
-2.5787871495551208e-02
-2.5074239596635375e-02
-2.4391861722503922e-02
-2.3738350093459034e-02
-2.3111144713960686e-02
-2.2510320298114561e-02
-2.1933956762878182e-02
-2.1379785124808259e-02
-2.0848004775476766e-02
-2.0337003733323145e-02
-1.9844845595996453e-02
-1.9371854028646874e-02
-1.8916727301762960e-02
-1.8477741796793585e-02
-1.8055271251814883e-02
-1.7648174726021853e-02
-1.7254994764579510e-02
-1.6876107916787349e-02
-1.6510504121883075e-02
-1.6156982112894944e-02
-1.5815894666003402e-02
-1.5486322962234561e-02
-1.5167310919425766e-02
-1.4859169067074483e-02
-1.4561039659486850e-02
-1.4272200164703413e-02
-1.3992906440197852e-02
-1.3722338933144222e-02
-1.3459996850345161e-02
-1.3206073153198527e-02
-1.2959769045875912e-02
-1.2720793632536205e-02
-1.2742769071800492e-02
-1.3026497067039693e-02
-1.3319434485210870e-02
-1.3622329307371997e-02
-1.3934977635983170e-02
-1.4258186276056411e-02
-1.4592691200086575e-02
-1.4938220217795825e-02
-1.5295898279090449e-02
-1.5666445402624973e-02
-1.6049510035857605e-02
-1.6446599816681288e-02
-1.6858291759381729e-02
-1.7284515772451756e-02
-1.7726866458450827e-02
-1.8185849285461127e-02
-1.8661817598882427e-02
-1.9156391021509178e-02
-1.9670021519549788e-02
-2.0203576670940280e-02
-2.0758709575779632e-02
-2.1335816808229106e-02
-2.1936390573248248e-02
-2.2562131343222592e-02
-2.3213382156218855e-02
-2.3892395658090364e-02
-2.4600866878860164e-02
-2.5339316030770775e-02
-2.6110701847727888e-02
-2.6916585207660933e-02
-2.7758387722603719e-02
-2.8639278451055041e-02
-2.9560904740316283e-02
-3.0525814008379604e-02
-3.1537460872865061e-02
-3.2597638463613909e-02
-3.3710309031127331e-02
-3.4879274073533674e-02
-3.6106707452086738e-02
-3.7398220894327212e-02
-3.8757727916610876e-02
-4.0189249593401762e-02
-4.1699222939018794e-02
-4.3292233269677016e-02
-4.4974715976007627e-02
-4.6754259713257335e-02
-4.8636440365623437e-02
-5.0630887915171167e-02
-5.2746395752537430e-02
-5.4991316633183122e-02
-5.7378272430228916e-02
-5.9918006279270276e-02
-6.2623677753128451e-02
-6.5511202488053991e-02
-6.8594590433171967e-02
-7.1893742549787185e-02
-7.5428892433094294e-02
-7.9220714366718417e-02
-8.3297095245012082e-02
-8.7684935274478654e-02
-9.2416617404526308e-02
-9.7530336685320268e-02
-1.0306413738780253e-01
-1.0906817869118203e-01
-1.1559577140926965e-01
-1.2270671849167195e-01
-1.3047542527955280e-01
-1.3898106555124121e-01
-1.4832061250887948e-01
-1.5860705505337563e-01
-1.6996583918368405e-01
-1.8255605831248703e-01
-1.9655692268868305e-01
-2.1217882047225475e-01
-2.2968248795566648e-01
-2.4937947821316736e-01
-2.7165604461987608e-01
-2.9697611670339152e-01
-3.2591068035797721e-01
-3.5918364606016828e-01
-3.9768843636296741e-01
-4.4257961260945000e-01
-4.9533797591007284e-01
-5.5788588887043844e-01
-6.3278667627383722e-01
-7.2336356515089217e-01
-8.3441761182226726e-01
-9.7255634478556430e-01
-1.1472253509711980e+00
-1.3721308376031236e+00
-1.6682969846734208e+00
-2.0689694050057166e+00
-2.6274395432296203e+00
-3.4360909359369489e+00
-4.6598912707278961e+00
-6.6056528263506546e+00
-9.8226675158997576e+00
-1.4818890854969881e+01
-1.8578294283990381e+01
0.0000000000000000e+00
2.4055929233035767e-01
0.0000000000000000e+00
0.0000000000000000e+00
];
