%Vec Object:sol 1 MPI processes
%  type: mpi
sol = [
0.0000000000000000e+00
-4.5599173653984430e+01
-2.5437722449030701e+01
-1.3233015743687886e+01
-7.6300838040258832e+00
-4.8576873653289656e+00
-3.3303100335033715e+00
-2.4106019722979313e+00
-1.8179161601329783e+00
-1.4154602653633919e+00
-1.1306935195160825e+00
-9.2189578156879404e-01
-7.6463286627023752e-01
-6.4348337797855149e-01
-5.4821658044284294e-01
-4.7202185329316909e-01
-4.1022015769423076e-01
-3.5942580915986611e-01
-3.1715803470139864e-01
-2.8165755111731500e-01
-2.5159068351244368e-01
-2.2587513751510654e-01
-2.0375207469319065e-01
-1.8459552766720358e-01
-1.6788593425704304e-01
-1.5323551762909882e-01
-1.4033469991655179e-01
-1.2891230064144973e-01
-1.1874744464191696e-01
-1.0967779887298879e-01
-1.0155295469618697e-01
-9.4235298690720462e-02
-8.7636454837799596e-02
-8.1667369671006906e-02
-7.6241337807944606e-02
-7.1303761061097148e-02
-6.6800618806615294e-02
-6.2677377317308658e-02
-5.8895755477754136e-02
-5.5423002103127943e-02
-5.2223892875108854e-02
-4.9270076509589679e-02
-4.6541540214540690e-02
-4.4015066398935335e-02
-4.1668734164319925e-02
-3.9490360058081771e-02
-3.7464401651207846e-02
-3.5573359663918003e-02
-3.3809947649076286e-02
-3.2163346942901183e-02
-3.0620142212834829e-02
-2.9175260944484298e-02
-2.7821102312921279e-02
-2.6547924036072024e-02
-2.5351367554457837e-02
-2.4226280684356893e-02
-2.3165493149038902e-02
-2.2165214627088588e-02
-2.1221959094159960e-02
-2.0330382647501755e-02
-1.9487172180841672e-02
-1.8689982546654538e-02
-1.7934782319237414e-02
-1.7218672673449120e-02
-1.6540092622887501e-02
-1.5895963635396498e-02
-1.5283753882894118e-02
-1.4702441179556403e-02
-1.4149643854144878e-02
-1.3623160504457341e-02
-1.3122336801817399e-02
-1.2645304246282935e-02
-1.2190160330988895e-02
-1.1756499141087810e-02
-1.1342832181386377e-02
-1.0947527581045655e-02
-1.0570344185387645e-02
-1.0210076181184125e-02
-9.8653365832118978e-03
-9.5359901970915473e-03
-9.2210422003733070e-03
-8.9193267715777860e-03
-8.6307734665566106e-03
-8.3545453161846094e-03
-8.0896758221940621e-03
-7.8361304451628859e-03
-7.5931904370332435e-03
-7.3600685133297511e-03
-7.1367460274868707e-03
-6.9225927383845115e-03
-6.7169821446714595e-03
-6.5198977380332554e-03
-6.3307753679730065e-03
-6.1491324828953798e-03
-5.9749454533123683e-03
-5.8076992623312040e-03
-5.6470400560431431e-03
-5.4929309209280309e-03
-5.3448930724589580e-03
-5.2026874919551564e-03
-5.1690538999833681e-03
-5.2417429262771242e-03
-5.3175939955735739e-03
-5.3970084857469782e-03
-5.4799905875019313e-03
-5.5669942656611593e-03
-5.6584517973221086e-03
-5.7543870751761020e-03
-5.8554300608458579e-03
-5.9620532138736412e-03
-6.0743059532594647e-03
-6.1930265305163573e-03
-6.3186861484447318e-03
-6.4515185810026252e-03
-6.5924557809238079e-03
-6.7420343770632418e-03
-6.9006889515785454e-03
-7.0695066987812565e-03
-7.2488843426231492e-03
-7.4399527729347714e-03
-7.6433118787521863e-03
-7.8601325505374305e-03
-8.0911406648008916e-03
-8.3377304767801499e-03
-8.6005881022915079e-03
-8.8812352756817304e-03
-9.1810145194411493e-03
-9.5008191991939606e-03
-9.8425805456081317e-03
-1.0207713232727476e-02
-1.0597620802669719e-02
-1.1014464859587238e-02
-1.1459840353983747e-02
-1.1935807023064734e-02
-1.2444858643169960e-02
-1.2988868020864295e-02
-1.3570702978229474e-02
-1.4193268859267845e-02
-1.4858868196633837e-02
-1.5571403948654168e-02
-1.6334179853182470e-02
-1.7150674313214841e-02
-1.8025606861462179e-02
-1.8963044545708657e-02
-1.9968076047525166e-02
-2.1046557395525751e-02
-2.2203638533443652e-02
-2.3446641315186510e-02
-2.4782814712569167e-02
-2.6219506411410763e-02
-2.7766534833469272e-02
-2.9433223749852851e-02
-3.1230551917888535e-02
-3.3171460093923695e-02
-3.5268486869468298e-02
-3.7537907162530817e-02
-3.9996969542700052e-02
-4.2663977479577585e-02
-4.5562150513251597e-02
-4.8715291233511336e-02
-5.2151492048657239e-02
-5.5903644323761992e-02
-6.0006172751547696e-02
-6.4502480644986079e-02
-6.9440099700483926e-02
-7.4872949867031399e-02
-8.0866873120058233e-02
-8.7494132259608184e-02
-9.4842187224718072e-02
-1.0301358780286915e-01
-1.1212451743605091e-01
-1.2232001308202604e-01
-1.3376664124893656e-01
-1.4666551093446459e-01
-1.6126233074066249e-01
-1.7784671364812860e-01
-1.9678292016321106e-01
-2.1851301642289950e-01
-2.4358422617381956e-01
-2.7269145037633374e-01
-3.0670062122923797e-01
-3.4673292038995890e-01
-3.9423551308430249e-01
-4.5104898872475607e-01
-5.1973722988301752e-01
-6.0370340802291200e-01
-7.0765719747158196e-01
-8.3822642046685503e-01
-1.0049366384055496e+00
-1.2216448813204479e+00
-1.5099195270809254e+00
-1.9037329251632871e+00
-2.4579197108727082e+00
-3.2682418478818676e+00
-4.5061421043333789e+00
-6.4935948532461323e+00
-9.8130339965805682e+00
-1.5052057478627326e+01
-1.9174334637599447e+01
0.0000000000000000e+00
2.4055929233035767e-01
0.0000000000000000e+00
0.0000000000000000e+00
];
