%Vec Object:sol 1 MPI processes
%  type: mpi
sol = [
0.0000000000000000e+00
-8.0253540158951694e+01
-3.5903074958228103e+01
-1.6963275610759414e+01
-9.4490475242902683e+00
-5.9394095246473730e+00
-4.0549586538352003e+00
-2.9362203873390071e+00
-2.2200442290758433e+00
-1.7358245304237530e+00
-1.3933931704986149e+00
-1.1425688870196196e+00
-9.5351872341992849e-01
-8.0752501650236874e-01
-6.9249618470635099e-01
-6.0027536619887134e-01
-5.2527507730163858e-01
-4.6345242470046749e-01
-4.1184507753390404e-01
-3.6835088237110403e-01
-3.3138981597324185e-01
-2.9966497336284609e-01
-2.7227527748234170e-01
-2.4847318884877312e-01
-2.2763383013827385e-01
-2.0929384624478187e-01
-1.9308398169598273e-01
-1.7867707949487235e-01
-1.6580610685750558e-01
-1.5427830942353482e-01
-1.4391190088003536e-01
-1.3453765350936212e-01
-1.2605175830936249e-01
-1.1834624589866533e-01
-1.1131317601011401e-01
-1.0488820734565922e-01
-9.9005900353725446e-02
-9.3597991630901753e-02
-8.8618290884168824e-02
-8.4027545313266880e-02
-7.9781286780961511e-02
-7.5843375466679047e-02
-7.2191691931777754e-02
-6.8797034219430023e-02
-6.5631250223824350e-02
-6.2680603481054600e-02
-5.9925617156364068e-02
-5.7343053093841648e-02
-5.4925302758811897e-02
-5.2658824071495948e-02
-5.0525404939502624e-02
-4.8519894030488522e-02
-4.6632822590467062e-02
-4.4850850702770839e-02
-4.3169190638494462e-02
-4.1581583570919074e-02
-4.0078137205836736e-02
-3.8654387867371756e-02
-3.7306272459603516e-02
-3.6026370273700474e-02
-3.4810536447713543e-02
-3.3656215051824770e-02
-3.2557775606182227e-02
-3.1511397769799020e-02
-3.0515559272467824e-02
-2.9565937159683163e-02
-2.8659041907643287e-02
-2.7794055202157348e-02
-2.6967614432977460e-02
-2.6176564510025601e-02
-2.5420559412822757e-02
-2.4696944676744277e-02
-2.4002898733257665e-02
-2.3338384007344889e-02
-2.2701269075658885e-02
-2.2089060602232161e-02
-2.1501913313128656e-02
-2.0938081902300336e-02
-2.0395392448776157e-02
-1.9874109394816274e-02
-1.9372771529064525e-02
-1.8889512778099884e-02
-1.8424648788158929e-02
-1.7976926025709265e-02
-1.7544772822784774e-02
-1.7128514721009080e-02
-1.6727048371244974e-02
-1.6339081850730398e-02
-1.5964921761493955e-02
-1.5603571547121308e-02
-1.5254003704971358e-02
-1.4916486123505265e-02
-1.4590096208785260e-02
-1.4274055319011649e-02
-1.3968579478768360e-02
-1.3672795304904697e-02
-1.3386157620448712e-02
-1.3108822071748585e-02
-1.2839945750204761e-02
-1.2579201792824998e-02
-1.2576885559150996e-02
-1.2832302782596318e-02
-1.3095662966014068e-02
-1.3367650575378946e-02
-1.3647998612920310e-02
-1.3937443896690998e-02
-1.4236645820791941e-02
-1.4545262366383295e-02
-1.4864330621920699e-02
-1.5194479562301353e-02
-1.5535280552876828e-02
-1.5888128939647146e-02
-1.6253497282430508e-02
-1.6631222228839268e-02
-1.7022761571044168e-02
-1.7428500955404078e-02
-1.7848674818965560e-02
-1.8284739420378053e-02
-1.8737009185127898e-02
-1.9206196318158612e-02
-1.9693760081722210e-02
-2.0199939412637070e-02
-2.0726020271442217e-02
-2.1273473962556553e-02
-2.1842462339509316e-02
-2.2434962758974462e-02
-2.3052402792872632e-02
-2.3695081923252346e-02
-2.4365602288175369e-02
-2.5065220246549953e-02
-2.5795048394106582e-02
-2.6557829289169808e-02
-2.7354850032265760e-02
-2.8188227821634732e-02
-2.9060903901982738e-02
-2.9974240876072918e-02
-3.0931604798138737e-02
-3.1936177258933572e-02
-3.2989599672673571e-02
-3.4096672809821600e-02
-3.5260581802708725e-02
-3.6484578361442734e-02
-3.7774097405651665e-02
-3.9132820880766805e-02
-4.0566085094498133e-02
-4.2080221467788191e-02
-4.3679663688324197e-02
-4.5372481906124779e-02
-4.7165903733237292e-02
-4.9066683928138462e-02
-5.1085358556520875e-02
-5.3230662258415176e-02
-5.5513412517742625e-02
-5.7946783201966383e-02
-6.0542107422466331e-02
-6.3315860390909737e-02
-6.6284642455183881e-02
-6.9465275652248956e-02
-7.2880804090341270e-02
-7.6553161392887425e-02
-8.0508899637420056e-02
-8.4779269834102347e-02
-8.9393536678319174e-02
-9.4394460974803931e-02
-9.9825586824865628e-02
-1.0573568111002318e-01
-1.1218573150084579e-01
-1.1924024651742353e-01
-1.2697852306296967e-01
-1.3549291473922712e-01
-1.4488560532349501e-01
-1.5528675717087079e-01
-1.6684252845285802e-01
-1.7972932216433105e-01
-1.9416265769936641e-01
-2.1039239256596276e-01
-2.2873489312650450e-01
-2.4956988697772128e-01
-2.7336483550956758e-01
-3.0071300203276269e-01
-3.3234634833978910e-01
-3.6921179370257873e-01
-4.1250799189527448e-01
-4.6379344149956492e-01
-5.2519857823274785e-01
-5.9954013390807070e-01
-6.9070584558545700e-01
-8.0414436876585271e-01
-9.4760112088914916e-01
-1.1324406755070227e+00
-1.3762443011373651e+00
-1.7063793031685432e+00
-2.1674387652250542e+00
-2.8362195169982720e+00
-3.8499090676169860e+00
-5.4616269205634627e+00
-8.1109814459672229e+00
-1.2111925852928483e+01
-1.4918192840936801e+01
0.0000000000000000e+00
1.3464638167935297e-01
0.0000000000000000e+00
0.0000000000000000e+00
];
