%Vec Object:sol 1 MPI processes
%  type: mpi
sol = [
0.0000000000000000e+00
-4.1212209499879293e+01
-2.4272129341114134e+01
-1.3037546206910820e+01
-7.6477365708426319e+00
-4.9305625553962011e+00
-3.4164250814040114e+00
-2.4973191454457315e+00
-1.9016354185950191e+00
-1.4944151061611659e+00
-1.2047623927735165e+00
-9.9141526520107814e-01
-8.2981908251718917e-01
-7.0466611428025805e-01
-6.0576527206163622e-01
-5.2627431458091989e-01
-4.6148506096253472e-01
-4.0797614375963742e-01
-3.6323174010565062e-01
-3.2549090936301578e-01
-2.9335582860121751e-01
-2.6572664888286984e-01
-2.4184338867571725e-01
-2.2106432460358580e-01
-2.0285167261692574e-01
-1.8680657574437118e-01
-1.7261091428040931e-01
-1.5998208344342679e-01
-1.4868913924621932e-01
-1.3856568941433456e-01
-1.2945429347858309e-01
-1.2120790657894630e-01
-1.1373689562605932e-01
-1.0694754501147097e-01
-1.0074573244723584e-01
-9.5075804610486397e-02
-8.9880893180471169e-02
-8.5101344165622761e-02
-8.0697014335109424e-02
-7.6633824851470120e-02
-7.2873054681601671e-02
-6.9383918017186269e-02
-6.6146107073620758e-02
-6.3134065278933352e-02
-6.0323058345202588e-02
-5.7701304649200605e-02
-5.5251759551627228e-02
-5.2953870302650551e-02
-5.0801222191638892e-02
-4.8781962183581058e-02
-4.6879907256305087e-02
-4.5090749230805090e-02
-4.3406206045731748e-02
-4.1814396938474704e-02
-4.0311246687526822e-02
-3.8891308996082077e-02
-3.7545755799278449e-02
-3.6270729772361697e-02
-3.5062729048640918e-02
-3.3915119668179103e-02
-3.2824273345379497e-02
-3.1788025525314907e-02
-3.0801334927587770e-02
-2.9860820519455652e-02
-2.8965236043176985e-02
-2.8110705459291205e-02
-2.7294115312218436e-02
-2.6514847300147588e-02
-2.5769842102601036e-02
-2.5056263551214698e-02
-2.4373828456424385e-02
-2.3720272780562296e-02
-2.3093035243569600e-02
-2.2492185780830287e-02
-2.1915803940548848e-02
-2.1361611770529480e-02
-2.0829847673442724e-02
-2.0318935488237530e-02
-1.9826877782282724e-02
-1.9354006775576652e-02
-1.8898998635006600e-02
-1.8460130387508624e-02
-1.8037774927792315e-02
-1.7630791597179642e-02
-1.7237723539349725e-02
-1.6858946507552607e-02
-1.6493450743066858e-02
-1.6140035502560164e-02
-1.5799052824630549e-02
-1.5469584223567374e-02
-1.5150674041542654e-02
-1.4842632139384204e-02
-1.4544601146142668e-02
-1.4255858834391023e-02
-1.3976660470192881e-02
-1.3706186926090555e-02
-1.3443937575984603e-02
-1.3190104874373984e-02
-1.2943890509309126e-02
-1.2705003599197309e-02
-1.2726747224492654e-02
-1.3009909475288000e-02
-1.3302260316497082e-02
-1.3604546401694933e-02
-1.3916563518482831e-02
-1.4239117028129984e-02
-1.4572941480548137e-02
-1.4917764389210922e-02
-1.5274708775200945e-02
-1.5644493133057397e-02
-1.6026765640866431e-02
-1.6423031400042431e-02
-1.6833865944227495e-02
-1.7259198482445455e-02
-1.7700620788166001e-02
-1.8158636801588603e-02
-1.8633598510048262e-02
-1.9127122465655351e-02
-1.9639659022452790e-02
-2.0172073557385675e-02
-2.0726015819270884e-02
-2.1301880670252005e-02
-2.1901157037572033e-02
-2.2525541710201123e-02
-2.3175375886713569e-02
-2.3852907568279742e-02
-2.4559827805348142e-02
-2.5296654469306942e-02
-2.6066340245873895e-02
-2.6870441889427058e-02
-2.7710377004508634e-02
-2.8589307827770118e-02
-2.9508877057541742e-02
-3.0471625939216193e-02
-3.1481001286084609e-02
-3.2538790880791167e-02
-3.3648947978000165e-02
-3.4815265077403110e-02
-3.6039909500509962e-02
-3.7328480531012391e-02
-3.8684881745583696e-02
-4.0113123852361383e-02
-4.1619629073061930e-02
-4.3208970733863691e-02
-4.4887568716845974e-02
-4.6662993711619638e-02
-4.8540806748387677e-02
-5.0530615332348108e-02
-5.2641191286718771e-02
-5.4880866072011779e-02
-5.7262231898687906e-02
-5.9796004951663269e-02
-6.2495312716921672e-02
-6.5376032755998542e-02
-6.8452139624008618e-02
-7.1743486834852530e-02
-7.5270258740631535e-02
-7.9053078393403739e-02
-8.3119766231311468e-02
-8.7497156396710754e-02
-9.2217553512896858e-02
-9.7319060954065728e-02
-1.0283962976096699e-01
-1.0882929943494800e-01
-1.1534125225348653e-01
-1.2243514684654198e-01
-1.3018521148637080e-01
-1.3867042967257018e-01
-1.4798754402707312e-01
-1.5824927542779366e-01
-1.6958077130884852e-01
-1.8214075109930442e-01
-1.9610449053595533e-01
-2.1168238859475069e-01
-2.2914336484150183e-01
-2.4879238584004676e-01
-2.7101480256113153e-01
-2.9627346587503112e-01
-3.2513804297069276e-01
-3.5833078584697364e-01
-3.9674308536931352e-01
-4.4152690143232654e-01
-4.9415973090536097e-01
-5.5655969238514891e-01
-6.3125699112727929e-01
-7.2161964507801379e-01
-8.3241357137451277e-01
-9.7023237240074645e-01
-1.1445020902683736e+00
-1.3688478197661309e+00
-1.6643510400306651e+00
-2.0640710014201851e+00
-2.6213355603468171e+00
-3.4281835788500152e+00
-4.6493442756590015e+00
-6.5908793080306820e+00
-9.8010012683321186e+00
-1.4785144518570899e+01
-1.8532866228656655e+01
0.0000000000000000e+00
2.4055929233035767e-01
0.0000000000000000e+00
0.0000000000000000e+00
];
