%Vec Object:sol 1 MPI processes
%  type: mpi
sol = [
0.0000000000000000e+00
-4.2178147721524759e+01
-2.4586924468643502e+01
-1.3126266219820051e+01
-7.6823126180320127e+00
-4.9466933773173452e+00
-3.4254222882308012e+00
-2.5033106722018457e+00
-1.9052089023546968e+00
-1.4970812128953863e+00
-1.2067722649704224e+00
-9.9269360495133074e-01
-8.3076839173467176e-01
-7.0541478895355125e-01
-6.0635794976419111e-01
-5.2674367874932371e-01
-4.6183791506813926e-01
-4.0820484891753217e-01
-3.6336531996251970e-01
-3.2555090736198244e-01
-2.9337182360769676e-01
-2.6571557252202244e-01
-2.4180965401099241e-01
-2.2101155361207395e-01
-2.0278280866842896e-01
-1.8672408274204125e-01
-1.7251687293911902e-01
-1.5987822572868524e-01
-1.4857691802518305e-01
-1.3844635979437483e-01
-1.2932892055523765e-01
-1.2107738449490468e-01
-1.1360200976687118e-01
-1.0680896983558689e-01
-1.0060404104160335e-01
-9.4931500642876504e-02
-8.9734413589897047e-02
-8.4953120883998978e-02
-8.0545846614784450e-02
-7.6479976902311772e-02
-7.2717000604731796e-02
-6.9226069545817170e-02
-6.5986819453659876e-02
-6.2973647413476316e-02
-6.0161782216541330e-02
-5.7539403027847366e-02
-5.5089434974302139e-02
-5.2791305900422580e-02
-5.0638571332078754e-02
-4.8619357823760347e-02
-4.6717473499132037e-02
-4.4928587522405528e-02
-4.3244403434873659e-02
-4.1653036495489966e-02
-4.0150395865823134e-02
-3.8731023787496786e-02
-3.7386090911847324e-02
-3.6111729830321002e-02
-3.4904428772855621e-02
-3.3757553907392109e-02
-3.2667471230241239e-02
-3.1632007075481958e-02
-3.0646121013276906e-02
-2.9706429617927490e-02
-2.8811677957571596e-02
-2.7957991229094179e-02
-2.7142252157366400e-02
-2.6363831508485654e-02
-2.5619711656591156e-02
-2.4907052571598878e-02
-2.4225644342608502e-02
-2.3573101798570726e-02
-2.2946867956905332e-02
-2.2347005669023222e-02
-2.1771596725514583e-02
-2.1218368019203571e-02
-2.0687550902787073e-02
-2.0177571314898019e-02
-1.9686436874160863e-02
-1.9214472908641079e-02
-1.8760357652474028e-02
-1.8322373094667756e-02
-1.7900885505235487e-02
-1.7494756363577779e-02
-1.7102533426739307e-02
-1.6724586193646827e-02
-1.6359907211566417e-02
-1.6007299780265712e-02
-1.5667110141012779e-02
-1.5338422368270297e-02
-1.5020284083312671e-02
-1.4712999887852574e-02
-1.4415715304578931e-02
-1.4127710457295356e-02
-1.3849235957088386e-02
-1.3579475974260227e-02
-1.3317931165207415e-02
-1.3064789990841402e-02
-1.2819257902248395e-02
-1.2581044108310848e-02
-1.2600946326645298e-02
-1.2879644431255015e-02
-1.3167366288202106e-02
-1.3464848063480767e-02
-1.3771882993422803e-02
-1.4089265031644373e-02
-1.4417717477902570e-02
-1.4756965429632363e-02
-1.5108116675157397e-02
-1.5471877643293538e-02
-1.5847894294783674e-02
-1.6237651704573534e-02
-1.6641713661458588e-02
-1.7060003763673171e-02
-1.7494091431711878e-02
-1.7944468467819850e-02
-1.8411476052639719e-02
-1.8896706454240405e-02
-1.9400597202002330e-02
-1.9923996210265010e-02
-2.0468526701795258e-02
-2.1034569900373452e-02
-2.1623588763565928e-02
-2.2237250900351627e-02
-2.2875882834454919e-02
-2.3541695791314578e-02
-2.4236349262763929e-02
-2.4960342457211772e-02
-2.5716580173267806e-02
-2.6506586419094987e-02
-2.7331746952445259e-02
-2.8195169956246387e-02
-2.9098461178938297e-02
-3.0044112882321974e-02
-3.1035509996288631e-02
-3.2074397771660879e-02
-3.3164658120383821e-02
-3.4310012138318392e-02
-3.5512575111290814e-02
-3.6777847652648188e-02
-3.8109654382686736e-02
-3.9511923644462627e-02
-4.0990960290296863e-02
-4.2551242347543983e-02
-4.4199066553648921e-02
-4.5941860967278640e-02
-4.7785068497571082e-02
-4.9738118216116275e-02
-5.1809610595498039e-02
-5.4007707803731812e-02
-5.6344766496301407e-02
-5.8831288608558970e-02
-6.1480146629918256e-02
-6.4306915601904477e-02
-6.7325288583021267e-02
-7.0554742044243085e-02
-7.4015068840750112e-02
-7.7726484543863883e-02
-8.1716281320683856e-02
-8.6010767794806126e-02
-9.0641625622531821e-02
-9.5646229440610769e-02
-1.0106054097667447e-01
-1.0693299763525094e-01
-1.1331709781750925e-01
-1.2027125105540057e-01
-1.2786815509879679e-01
-1.3618513232128601e-01
-1.4531691149526044e-01
-1.5537386152391089e-01
-1.6647848590978584e-01
-1.7878619427127612e-01
-1.9247199338192153e-01
-2.0774694544998709e-01
-2.2486870400621692e-01
-2.4413649361315115e-01
-2.6592847085614940e-01
-2.9069888374998526e-01
-3.1900687875675532e-01
-3.5156147316347464e-01
-3.8923783745746166e-01
-4.3316715618378393e-01
-4.8474560541173850e-01
-5.4588535440452857e-01
-6.1910498048404439e-01
-7.0776075701093710e-01
-8.1648122544941504e-01
-9.5174843070354465e-01
-1.1225725656499597e+00
-1.3427221753454943e+00
-1.6329291489125666e+00
-2.0250490465646287e+00
-2.5726189928380885e+00
-3.3650822309169111e+00
-4.5650816153980704e+00
-6.4726904623779227e+00
-9.6273155431392858e+00
-1.4514031409762250e+01
-1.8167593835840279e+01
0.0000000000000000e+00
2.4055929233035767e-01
0.0000000000000000e+00
0.0000000000000000e+00
];
