%Vec Object:sol 1 MPI processes
%  type: mpi
sol = [
0.0000000000000000e+00
-4.1844596592193732e+01
-2.4478876861740009e+01
-1.3096420920484521e+01
-7.6710172253551194e+00
-4.9411248482855594e+00
-3.4223834294242224e+00
-2.5012347856507842e+00
-1.9039665346249968e+00
-1.4961536726770925e+00
-1.2060937117848898e+00
-9.9226779593797809e-01
-8.3043452669150075e-01
-7.0515088032707685e-01
-6.0614844414665414e-01
-5.2657718884559590e-01
-4.6172367503944745e-01
-4.0815360489499486e-01
-3.6333086264516212e-01
-3.2553026338989566e-01
-2.9336262473115887e-01
-2.6571594997419340e-01
-2.4181805598590167e-01
-2.2102670622278212e-01
-2.0280367639800959e-01
-1.8674979853574455e-01
-1.7254670432062336e-01
-1.5991156274599255e-01
-1.4861324882491736e-01
-1.3848524192003370e-01
-1.2936997831443323e-01
-1.2112030240996419e-01
-1.1364651043996186e-01
-1.0685481489082355e-01
-1.0065102783787176e-01
-9.4979450864576306e-02
-8.9783172364392677e-02
-8.5002499700109535e-02
-8.0597259245824227e-02
-7.6533344786957169e-02
-7.2772011661166952e-02
-6.9282454534586049e-02
-6.6044345937854604e-02
-6.3032116402994900e-02
-6.0221061773855375e-02
-5.7598537176479600e-02
-5.5148263811335502e-02
-5.2849812292325313e-02
-5.0696743429291001e-02
-4.8677186201933974e-02
-4.6774947646331236e-02
-4.4985701392359752e-02
-4.3301152855298085e-02
-4.1709415895870607e-02
-4.0206402734186859e-02
-3.8786657451251004e-02
-3.7441349251581046e-02
-3.6166612564389772e-02
-3.4958937553126540e-02
-3.3811689026293931e-02
-3.2721233793876946e-02
-3.1685400262448191e-02
-3.0699146783374081e-02
-2.9759089922732868e-02
-2.8863976956232208e-02
-2.8009932011955303e-02
-2.7193837175479255e-02
-2.6415065525066731e-02
-2.5670598504472116e-02
-2.4957594975560677e-02
-2.4275847409673292e-02
-2.3622969818433700e-02
-2.2996403789887401e-02
-2.2396214585843427e-02
-2.1820483259038858e-02
-2.1266935082291927e-02
-2.0735803805782563e-02
-2.0225514674097455e-02
-1.9734073611449722e-02
-1.9261808289128858e-02
-1.8807396254740150e-02
-1.8369117829207984e-02
-1.7947341534904276e-02
-1.7540928137953851e-02
-1.7148423842243229e-02
-1.6770200273446747e-02
-1.6405249206425151e-02
-1.6052372578430750e-02
-1.5711918602591940e-02
-1.5382970492896478e-02
-1.5064574765096244e-02
-1.4757037810282434e-02
-1.4459504175953583e-02
-1.4171253193527227e-02
-1.3892537058581041e-02
-1.3622538827658704e-02
-1.3360758726259333e-02
-1.3107386575362564e-02
-1.2861626553031561e-02
-1.2623187841115772e-02
-1.2643720010409649e-02
-1.2923939970557520e-02
-1.3213239963955315e-02
-1.3512359734450233e-02
-1.3821093400647792e-02
-1.4140238808184612e-02
-1.4470523096981150e-02
-1.4811672202799312e-02
-1.5164799109594502e-02
-1.5530614367097122e-02
-1.5908764709105426e-02
-1.6300742040388436e-02
-1.6707114165338936e-02
-1.7127806612131233e-02
-1.7564396427529487e-02
-1.8017379567198549e-02
-1.8487100913107912e-02
-1.8975161022434170e-02
-1.9482001816280160e-02
-2.0008477180259190e-02
-2.0556219395923156e-02
-2.1125614361024104e-02
-2.1718133906728096e-02
-2.2335455611882608e-02
-2.2977911033263715e-02
-2.3647723957734009e-02
-2.4346564665758685e-02
-2.5074938764501769e-02
-2.5835767409093047e-02
-2.6630585810928340e-02
-2.7460790627409425e-02
-2.8329508511973543e-02
-2.9238357860377828e-02
-3.0189847686376513e-02
-3.1187384074312107e-02
-3.2232726839041770e-02
-3.3329782282625488e-02
-3.4482295919718180e-02
-3.5692400858009128e-02
-3.6965631440475315e-02
-3.8305839304672608e-02
-3.9716980981221436e-02
-4.1205401458374244e-02
-4.2775611383402412e-02
-4.4433949622525455e-02
-4.6187893025079349e-02
-4.8042924943250367e-02
-5.0008535484379613e-02
-5.2093383759698478e-02
-5.4305689891811323e-02
-5.6657891125733398e-02
-5.9160562740867111e-02
-6.1826664503810372e-02
-6.4671874987032890e-02
-6.7709983638109691e-02
-7.0960595972992535e-02
-7.4443638901742118e-02
-7.8179467474676273e-02
-8.2195554722248543e-02
-8.6518389232261309e-02
-9.1179865979317515e-02
-9.6217609101385895e-02
-1.0166908139602054e-01
-1.0758369658159643e-01
-1.1401396439096922e-01
-1.2101879270549455e-01
-1.2867069867168282e-01
-1.3704420768103867e-01
-1.4623801552748242e-01
-1.5636329475096600e-01
-1.6754337432849409e-01
-1.7993469803701845e-01
-1.9371343970146682e-01
-2.0909206092723703e-01
-2.2632991324314033e-01
-2.4572819000821403e-01
-2.6766751471746414e-01
-2.9260508589864354e-01
-3.2110365896168469e-01
-3.5387679177471604e-01
-3.9180522123782946e-01
-4.3602726307804623e-01
-4.8800335794582972e-01
-5.4955664876624755e-01
-6.2326332120528027e-01
-7.1250417169360025e-01
-8.2193556749807895e-01
-9.5807791384179430e-01
-1.1301179642343562e+00
-1.3516715317811863e+00
-1.6436970185250099e+00
-2.0384246498713599e+00
-2.5893562157191514e+00
-3.3867328556133063e+00
-4.5940118214242824e+00
-6.5133000761812800e+00
-9.6870641412873226e+00
-1.4607411797091105e+01
-1.8293465401432385e+01
0.0000000000000000e+00
2.4055929233035767e-01
0.0000000000000000e+00
0.0000000000000000e+00
];
