%Vec Object:sol 1 MPI processes
%  type: mpi
sol = [
0.0000000000000000e+00
-4.4409273949907579e+01
-2.5176756633789950e+01
-1.3225377743386661e+01
-7.6723824653686581e+00
-4.9102812049538000e+00
-3.3814968843446960e+00
-2.4585909450114549e+00
-1.8626614741649994e+00
-1.4567107728588629e+00
-1.1687971056534996e+00
-9.5736135842551306e-01
-7.9775989576026396e-01
-6.7442602298185017e-01
-5.7722780210868918e-01
-4.9931533228595304e-01
-4.3598033284350945e-01
-3.8380958034479928e-01
-3.4029895298152218e-01
-3.0369335399478836e-01
-2.7261752714321219e-01
-2.4597480292574428e-01
-2.2298882473854642e-01
-2.0303846956538724e-01
-1.8559640138801922e-01
-1.7026870642558611e-01
-1.5674112816669511e-01
-1.4473640544738198e-01
-1.3402834529766516e-01
-1.2445247361184020e-01
-1.1585472932648722e-01
-1.0809260853669926e-01
-1.0107712489520547e-01
-9.4716852388521955e-02
-8.8921268847208787e-02
-8.3635291965511713e-02
-7.8803485017472086e-02
-7.4368697603202250e-02
-7.0291739571482492e-02
-6.6539237382394228e-02
-6.3074193243583931e-02
-5.9867033543005578e-02
-5.6897660817964678e-02
-5.4141683478235801e-02
-5.1575742046898833e-02
-4.9187931214642933e-02
-4.6961967921127883e-02
-4.4878768791288576e-02
-4.2931571227895662e-02
-4.1109055575563401e-02
-3.9396359612166504e-02
-3.7788872007858729e-02
-3.6278671601365255e-02
-3.4854895962111228e-02
-3.3513381602805314e-02
-3.2248858431162569e-02
-3.1053286423476736e-02
-2.9922873273483034e-02
-2.8854161332789497e-02
-2.7841129097065372e-02
-2.6880319093770887e-02
-2.5969518384377263e-02
-2.5104164687259019e-02
-2.4281116522215485e-02
-2.3499016340779059e-02
-2.2754366098359919e-02
-2.2044328205179160e-02
-2.1368130015699840e-02
-2.0723054357406442e-02
-2.0106557937112714e-02
-1.9518263262323997e-02
-1.8956028748208207e-02
-1.8417595421531065e-02
-1.7902846893629809e-02
-1.7410066823003612e-02
-1.6937269475100204e-02
-1.6484504629781658e-02
-1.6050370188330394e-02
-1.5633141596906295e-02
-1.5232967240552764e-02
-1.4848676649547980e-02
-1.4478793568896614e-02
-1.4123517057948934e-02
-1.3781846438736096e-02
-1.3452540466309549e-02
-1.3135814879869147e-02
-1.2830792248233363e-02
-1.2536452885571895e-02
-1.2253005345247720e-02
-1.1979660280006273e-02
-1.1715606243771617e-02
-1.1461028021466887e-02
-1.1215197669945174e-02
-1.0977498960715891e-02
-1.0748081693502724e-02
-1.0526259125768198e-02
-1.0311597744182367e-02
-1.0104204878353017e-02
-9.9034196096407269e-03
-9.7089791499352183e-03
-9.7141799404613163e-03
-9.9189255297985231e-03
-1.0130489884811505e-02
-1.0349452103372890e-02
-1.0575658634453993e-02
-1.0809736468596490e-02
-1.1052257687588718e-02
-1.1303021676439807e-02
-1.1562902693617311e-02
-1.1832464412974669e-02
-1.2111452463718198e-02
-1.2401038220938472e-02
-1.2701682004152689e-02
-1.3013353475319669e-02
-1.3337296325025467e-02
-1.3673925034446345e-02
-1.4023543462748912e-02
-1.4387422306470705e-02
-1.4765950202332578e-02
-1.5159831390642411e-02
-1.5570381837058767e-02
-1.5997956991686078e-02
-1.6443761516668001e-02
-1.6909158627728234e-02
-1.7394491634239662e-02
-1.7901561735917882e-02
-1.8431756181363231e-02
-1.8985581831842371e-02
-1.9565407419179146e-02
-2.0172501617225193e-02
-2.0808081275020651e-02
-2.1474773007106481e-02
-2.2174011060866469e-02
-2.2907932045161152e-02
-2.3679383675914715e-02
-2.4489975878995932e-02
-2.5342992983750104e-02
-2.6241628400228010e-02
-2.7187869693327191e-02
-2.8186357809178029e-02
-2.9240483579331508e-02
-3.0353763840253740e-02
-3.1531611307428063e-02
-3.2778083174521196e-02
-3.4098713095986846e-02
-3.5499993175410353e-02
-3.6986952499202363e-02
-3.8567821035784232e-02
-4.0250293713333031e-02
-4.2041837669366491e-02
-4.3953343416751278e-02
-4.5994402486581487e-02
-4.8176637497314510e-02
-5.0514004850984458e-02
-5.3019194772563449e-02
-5.5709726593322892e-02
-5.8603671670308409e-02
-6.1719759960246770e-02
-6.5082749495013442e-02
-6.8717056645074256e-02
-7.2651899053575927e-02
-7.6921671930104907e-02
-8.1561303977391156e-02
-8.6616120455014711e-02
-9.2134878379150270e-02
-9.8172563084875875e-02
-1.0479713510458621e-01
-1.1208186457993030e-01
-1.2011613347573594e-01
-1.2900442347258170e-01
-1.3886381304399117e-01
-1.4984189335217943e-01
-1.6210640368095863e-01
-1.7585987795811978e-01
-1.9134978860838642e-01
-2.0886566248255115e-01
-2.2877279334473288e-01
-2.5151231404443386e-01
-2.7762897226989441e-01
-3.0781433501954347e-01
-3.4289715297526002e-01
-3.8400554989621233e-01
-4.3256567804984669e-01
-4.9043430920452546e-01
-5.6010195154184539e-01
-6.4490590706059225e-01
-7.4945953974519319e-01
-8.8019394563036524e-01
-1.0462293395300017e+00
-1.2614163288205054e+00
-1.5466190792168009e+00
-1.9340635519908009e+00
-2.4781039573582699e+00
-3.2696765681808575e+00
-4.4747972128446767e+00
-6.4011651224544366e+00
-9.6050567668932576e+00
-1.4612969956969403e+01
-1.8451625278425077e+01
0.0000000000000000e+00
2.4055929233035767e-01
0.0000000000000000e+00
0.0000000000000000e+00
];
