%Vec Object:sol 1 MPI processes
%  type: mpi
sol = [
0.0000000000000000e+00
-7.3112399864641546e+01
-3.4881851241077264e+01
-1.6837725424953700e+01
-9.4498083734420302e+00
-5.9571544165793844e+00
-4.0740144699630019e+00
-2.9530416915121829e+00
-2.2346753088794249e+00
-1.7481693420251374e+00
-1.4040620883413004e+00
-1.1518752409209085e+00
-9.6162671254101006e-01
-8.1472214612889926e-01
-6.9894328087570790e-01
-6.0609806909311092e-01
-5.3057224772796796e-01
-4.6830304182489013e-01
-4.1629930071888627e-01
-3.7247172202438988e-01
-3.3522135520819546e-01
-3.0324315880192110e-01
-2.7563002194680231e-01
-2.5162967916493867e-01
-2.3061345628251873e-01
-2.1211487192114084e-01
-1.9576211508158048e-01
-1.8122590795737484e-01
-1.6823743880332356e-01
-1.5660250005499635e-01
-1.4613805360423246e-01
-1.3667375638801002e-01
-1.2810495143820350e-01
-1.2032289325701076e-01
-1.1321890129791486e-01
-1.0672810798529186e-01
-1.0078457936759533e-01
-9.5319554389089442e-02
-9.0286475599160143e-02
-8.5645784846198392e-02
-8.1352959780938608e-02
-7.7371006865764036e-02
-7.3677724453478088e-02
-7.0243868724340561e-02
-6.7041049956987495e-02
-6.4055422538487727e-02
-6.1267347005246095e-02
-5.8653373623964861e-02
-5.6205842994471497e-02
-5.3911098108717609e-02
-5.1750747000960821e-02
-4.9719611290057066e-02
-4.7808141470500047e-02
-4.6002857407832394e-02
-4.4298942349064160e-02
-4.2690087324288833e-02
-4.1166290113519986e-02
-3.9723054142481277e-02
-3.8356289069245507e-02
-3.7058487634943342e-02
-3.5825467919379766e-02
-3.4654663815261721e-02
-3.3540376296531935e-02
-3.2478744516584182e-02
-3.1468248630208556e-02
-3.0504510996554855e-02
-2.9583999273018902e-02
-2.8705906658493138e-02
-2.7866826483243980e-02
-2.7063559668449266e-02
-2.6295778150279590e-02
-2.5560791475494400e-02
-2.4855734115060528e-02
-2.4180590753373608e-02
-2.3533199968120970e-02
-2.2911025622404060e-02
-2.2314247340722838e-02
-2.1741094130283509e-02
-2.1189351499022620e-02
-2.0659310048463091e-02
-2.0149485806516657e-02
-1.9657975299716208e-02
-1.9185120519797851e-02
-1.8729646965871961e-02
-1.8289949596006726e-02
-1.7866379579876471e-02
-1.7457813446508642e-02
-1.7062930655633999e-02
-1.6682062014473944e-02
-1.6314190912681593e-02
-1.5958266639709891e-02
-1.5614579258408749e-02
-1.5282185526891317e-02
-1.4960289552291915e-02
-1.4649127035821488e-02
-1.4347802799263830e-02
-1.4055760848816106e-02
-1.3773173616916904e-02
-1.3499174792081313e-02
-1.3233433550187683e-02
-1.3239437367596701e-02
-1.3516979396380311e-02
-1.3803296367519514e-02
-1.4099126647190834e-02
-1.4404216305506895e-02
-1.4719360909793739e-02
-1.5045277693046042e-02
-1.5381637246163381e-02
-1.5729555072847897e-02
-1.6089722271069543e-02
-1.6461722115350474e-02
-1.6847052967357043e-02
-1.7246248091770566e-02
-1.7659173753651353e-02
-1.8087402796687801e-02
-1.8531383940762314e-02
-1.8991408156303798e-02
-1.9469056911669856e-02
-1.9964711725206311e-02
-2.0479175740712924e-02
-2.1014045347164410e-02
-2.1569631427948096e-02
-2.2147354800749312e-02
-2.2748838155734901e-02
-2.3374321522629176e-02
-2.4025972906899947e-02
-2.4705384447329101e-02
-2.5412955312533892e-02
-2.6151535969836347e-02
-2.6922554910316317e-02
-2.7727292952657582e-02
-2.8568774130368010e-02
-2.9448481088472495e-02
-3.0368788442143205e-02
-3.1332961212172133e-02
-3.2342588695914297e-02
-3.3401410955756917e-02
-3.4512985252893945e-02
-3.5679231781705574e-02
-3.6905468505307577e-02
-3.8195299506079666e-02
-3.9552414729558352e-02
-4.0982867580108988e-02
-4.2490848830946636e-02
-4.4082348099828521e-02
-4.5764452669228059e-02
-4.7542230784344254e-02
-4.9424698649460953e-02
-5.1419998625473397e-02
-5.3535794782172776e-02
-5.5783876983104788e-02
-5.8174131667397676e-02
-6.0718744095537319e-02
-6.3432508326342119e-02
-6.6328279934582207e-02
-6.9424558217158053e-02
-7.2740055626659805e-02
-7.6293803586894152e-02
-8.0111695158058605e-02
-8.4218519987290325e-02
-8.8644213785825945e-02
-9.3424073265144764e-02
-9.8590787900009219e-02
-1.0419265706755844e-01
-1.1027890334468697e-01
-1.1690458269265658e-01
-1.2413838911146301e-01
-1.3205316491660193e-01
-1.4073830439548327e-01
-1.5029793055476207e-01
-1.6084741024711288e-01
-1.7253340593997879e-01
-1.8552080664229384e-01
-2.0000853401053248e-01
-2.1623950147703783e-01
-2.3449552298888882e-01
-2.5513307425218068e-01
-2.7858012805824911e-01
-3.0536345003463267e-01
-3.3615121579306079e-01
-3.7176786779964083e-01
-4.1327947805341358e-01
-4.6200423983568556e-01
-5.1974349197716552e-01
-5.8887113624465759e-01
-6.7255166157040647e-01
-7.7515030227767678e-01
-9.0278167369306039e-01
-1.0639897925829134e+00
-1.2717205238747809e+00
-1.5455717054860587e+00
-1.9157844912857380e+00
-2.4328032734974632e+00
-3.1814752745232147e+00
-4.3156054426470734e+00
-6.1191400031617329e+00
-9.0959798140234369e+00
-1.3672906854736551e+01
-1.7023243372189107e+01
0.0000000000000000e+00
1.3464638167935297e-01
0.0000000000000000e+00
0.0000000000000000e+00
];
