%Vec Object:sol 1 MPI processes
%  type: mpi
sol = [
0.0000000000000000e+00
-4.0853853272622459e+01
-2.4153810860722899e+01
-1.3002466154244789e+01
-7.6341711414693210e+00
-4.9245097480574165e+00
-3.4126448014977684e+00
-2.4951080023221857e+00
-1.9001488598674188e+00
-1.4934430263597378e+00
-1.2040193245789581e+00
-9.9083657330438635e-01
-8.2948211102611014e-01
-7.0440192664544321e-01
-6.0555763461856882e-01
-5.2611134251399194e-01
-4.6135780517357372e-01
-4.0787780809895779e-01
-3.6315710823769637e-01
-3.2543582160471363e-01
-2.9333043431753369e-01
-2.6573312737022198e-01
-2.4186401462836105e-01
-2.2109156772883448e-01
-2.0288448795342132e-01
-1.8684408928991253e-01
-1.7265238877417760e-01
-1.6002690592191005e-01
-1.4873679609272783e-01
-1.3861573768872501e-01
-1.2950635790806583e-01
-1.2126167239011426e-01
-1.1379208710378302e-01
-1.0700392590195920e-01
-1.0080310210014599e-01
-9.5133987340209378e-02
-8.9939737052199265e-02
-8.5160718130118940e-02
-8.0756804040380589e-02
-7.6693931040792071e-02
-7.2933390815737451e-02
-6.9444408171011010e-02
-6.6206685847217020e-02
-6.3194675402624204e-02
-6.0383648555297105e-02
-5.7761831814841909e-02
-5.5312186133941482e-02
-5.3014161138843621e-02
-5.0861349075739318e-02
-4.8841900889202636e-02
-4.6939633776902537e-02
-4.5150245275636866e-02
-4.3465456317555468e-02
-4.1873385632967275e-02
-4.0369961991871130e-02
-3.8949741775952937e-02
-3.7603896091426184e-02
-3.6328570136292981e-02
-3.5120264634430451e-02
-3.3972344691615419e-02
-3.2881183347162474e-02
-3.1844618645172240e-02
-3.0857608398813671e-02
-2.9916771900205679e-02
-2.9020865562913421e-02
-2.8166012563936402e-02
-2.7349095076319298e-02
-2.6569495008079199e-02
-2.5824192665552165e-02
-2.5110345049631409e-02
-2.4427753235859145e-02
-2.3774030010737347e-02
-2.3146613740152280e-02
-2.2545578063614173e-02
-2.1969002739297774e-02
-2.1414608954301025e-02
-2.0882638570695965e-02
-2.0371515443705739e-02
-1.9879240975000202e-02
-1.9406150615611045e-02
-1.8950920376974281e-02
-1.8511825981664683e-02
-1.8089243329272656e-02
-1.7682031440093511e-02
-1.7288732154259658e-02
-1.6909723995637505e-02
-1.6543996714762591e-02
-1.6190348381496824e-02
-1.5849133560032265e-02
-1.5519433095218756e-02
-1.5200290357969472e-02
-1.4892017474557104e-02
-1.4593756211731720e-02
-1.4304783662483708e-02
-1.4025357080289243e-02
-1.3754657148793585e-02
-1.3492185803728496e-02
-1.3238132969578993e-02
-1.2991679501065509e-02
-1.2752555519273366e-02
-1.2775003147180509e-02
-1.3059867826841189e-02
-1.3353983751547529e-02
-1.3658101568513084e-02
-1.3972018007884170e-02
-1.4296542774244723e-02
-1.4632414696344090e-02
-1.4979362173388643e-02
-1.5338514029597577e-02
-1.5710593342828698e-02
-1.6095249095109433e-02
-1.6493994019421816e-02
-1.6907408100397391e-02
-1.7335422645219964e-02
-1.7779637938162382e-02
-1.8240562511108942e-02
-1.8718552431180969e-02
-1.9215233486733152e-02
-1.9731060875318739e-02
-2.0266906589984951e-02
-2.0824430457949336e-02
-2.1404032483465719e-02
-2.2007211449127435e-02
-2.2635675219189549e-02
-2.3289770515769855e-02
-2.3971759307212185e-02
-2.4683344607426355e-02
-2.5425051317650466e-02
-2.6199850311294647e-02
-2.7009310735683901e-02
-2.7854862237902730e-02
-2.8739687565861958e-02
-2.9665443387516432e-02
-3.0634689502005420e-02
-3.1650896184545772e-02
-3.2715867283104591e-02
-3.3833583095662936e-02
-3.5007863169665018e-02
-3.6240894473664478e-02
-3.7538313701063510e-02
-3.8904054299608082e-02
-4.0342158128951248e-02
-4.1859091876014609e-02
-4.3459464895591056e-02
-4.5149743679959192e-02
-4.6937552915484265e-02
-4.8828498262349515e-02
-5.0832254782010804e-02
-5.2957659110491710e-02
-5.5213106694260973e-02
-5.7611278891922614e-02
-6.0162972868795662e-02
-6.2881412530702993e-02
-6.5782589856621707e-02
-6.8880585743397602e-02
-7.2195396283966082e-02
-7.5747353792871910e-02
-7.9557235245656305e-02
-8.3653060768863197e-02
-8.8061862988468381e-02
-9.2816181858019944e-02
-9.7954396062472887e-02
-1.0351473697089696e-01
-1.0954760352324182e-01
-1.1610656414029491e-01
-1.2325171099415397e-01
-1.3105780429397354e-01
-1.3960439910846356e-01
-1.4898893069743341e-01
-1.5932492502359868e-01
-1.7073842628275276e-01
-1.8338927730160806e-01
-1.9745752457556703e-01
-2.1316029534114550e-01
-2.3076277554654848e-01
-2.5055733401036695e-01
-2.7294246166793762e-01
-2.9838564014929497e-01
-3.2746049619082079e-01
-3.6089426128053537e-01
-3.9958442573056546e-01
-4.4469075857328810e-01
-4.9770067557917208e-01
-5.6054503298178004e-01
-6.3580855775809852e-01
-7.2686029524751894e-01
-8.3843535279233827e-01
-9.7721478369854498e-01
-1.1526832485649148e+00
-1.3787101869179337e+00
-1.6762031039006227e+00
-2.0787750636978570e+00
-2.6396637249558288e+00
-3.4519217700020550e+00
-4.6809979406868125e+00
-6.6352033401727750e+00
-9.8659742669417518e+00
-1.4886292578407280e+01
-1.8668999710367789e+01
0.0000000000000000e+00
2.4055929233035767e-01
0.0000000000000000e+00
0.0000000000000000e+00
];
