%Vec Object:sol 1 MPI processes
%  type: mpi
sol = [
0.0000000000000000e+00
-4.0928011527975066e+01
-2.4178362297419362e+01
-1.3009751583447583e+01
-7.6369870814742127e+00
-4.9257943838455418e+00
-3.4134279631830164e+00
-2.4955660739604006e+00
-1.9004785213264370e+00
-1.4936440910349027e+00
-1.2041729959922727e+00
-9.9095622077693124e-01
-8.2955162151332207e-01
-7.0445638361225282e-01
-6.0560039433803148e-01
-5.2614486279496908e-01
-4.6138393710442183e-01
-4.0789795768083370e-01
-3.6317235479972804e-01
-3.2544702602373737e-01
-2.9333828050440142e-01
-2.6573647352366858e-01
-2.4185951304775455e-01
-2.2108570785093001e-01
-2.0287748478870007e-01
-1.8683612267635005e-01
-1.7264361040829931e-01
-1.6001744192087550e-01
-1.4872675213002493e-01
-1.3860520488161118e-01
-1.2949541344432802e-01
-1.2125038101531135e-01
-1.1378050550907214e-01
-1.0699210265372329e-01
-1.0079107844932689e-01
-9.5121799386822914e-02
-8.9927416004051727e-02
-8.5148290906440605e-02
-8.0744294119311236e-02
-7.6681358786984885e-02
-7.2920773983691664e-02
-6.9431762333761915e-02
-6.6194024402270304e-02
-6.3182010078780909e-02
-6.0370989854686884e-02
-5.7749188554175962e-02
-5.5299565981124274e-02
-5.3001571287408865e-02
-5.0848795273928250e-02
-4.8829388067176217e-02
-4.6927166835042590e-02
-4.5137827926223159e-02
-4.3453091656723980e-02
-4.1861076873902892e-02
-4.0357711519276793e-02
-3.8937551421284897e-02
-3.7591767867052019e-02
-3.6316505532191054e-02
-3.5108264603883388e-02
-3.3960410401604184e-02
-3.2869315665189060e-02
-3.1832817912644785e-02
-3.0845875150413201e-02
-2.9905106604934822e-02
-2.9009268135984066e-02
-2.8154483099272452e-02
-2.7337633758040637e-02
-2.6558101456073936e-02
-2.5812866661273470e-02
-2.5099086581139459e-02
-2.4416561720698230e-02
-2.3762905012998058e-02
-2.3135555111541313e-02
-2.2534585085856273e-02
-2.1958074830581004e-02
-2.1403745870218868e-02
-2.0871839504920966e-02
-2.0360779722112581e-02
-1.9868568283413397e-02
-1.9395540096411912e-02
-1.8940371307365776e-02
-1.8501337992108704e-02
-1.8078815525649432e-02
-1.7671663077262402e-02
-1.7278422639899010e-02
-1.6899472451280342e-02
-1.6533802843405953e-02
-1.6180211976485087e-02
-1.5839053655778427e-02
-1.5509408864962212e-02
-1.5190321315528792e-02
-1.4882077137628263e-02
-1.4583810846199185e-02
-1.4294836175279652e-02
-1.4015409802592577e-02
-1.3744711516935281e-02
-1.3482240068308372e-02
-1.3228189435587609e-02
-1.2981760151368987e-02
-1.2742661299227586e-02
-1.2764956912381132e-02
-1.3049467493081382e-02
-1.3343216295015810e-02
-1.3646953134999988e-02
-1.3960474548252661e-02
-1.4284589336288966e-02
-1.4620035438352831e-02
-1.4966541070736021e-02
-1.5325233850924325e-02
-1.5696835904195076e-02
-1.6080996046892965e-02
-1.6479225424964151e-02
-1.6892103098362296e-02
-1.7319559939398235e-02
-1.7763194462763220e-02
-1.8223514246708740e-02
-1.8700874511374366e-02
-1.9196899125026888e-02
-1.9712042279615153e-02
-2.0247174593731890e-02
-2.0803953799872339e-02
-2.1382778834979736e-02
-2.1985146433695740e-02
-2.2612762158802285e-02
-2.3265971586232500e-02
-2.3947033781590080e-02
-2.4657649273239358e-02
-2.5398341503562454e-02
-2.6172077565986603e-02
-2.6980424033878323e-02
-2.7824808053467657e-02
-2.8708408110490111e-02
-2.9632877971967734e-02
-3.0600773582885089e-02
-3.1615560343913045e-02
-3.2679038767458077e-02
-3.3795183533037627e-02
-3.4967808569408391e-02
-3.6199096766232300e-02
-3.7494677044495384e-02
-3.8858476648175898e-02
-4.0294530967613103e-02
-4.1809297452652508e-02
-4.3407377976521125e-02
-4.5095229350421998e-02
-4.6880465045107088e-02
-4.8768681454012329e-02
-5.0769539606327976e-02
-5.2891862677970192e-02
-5.5144032828803383e-02
-5.7538712901552297e-02
-6.0086683246013371e-02
-6.2801147744978206e-02
-6.5698074615908819e-02
-6.8791522675915803e-02
-7.2101458408836513e-02
-7.5648183405144995e-02
-7.9452442681665944e-02
-8.3542214898751799e-02
-8.7944491472590675e-02
-9.2691763495026683e-02
-9.7822352487776806e-02
-1.0337443162264620e-01
-1.0939832521136678e-01
-1.1594752150914418e-01
-1.2308202268606221e-01
-1.3087647851907258e-01
-1.3941032542838516e-01
-1.4878085489148526e-01
-1.5910142575186154e-01
-1.7049789607000207e-01
-1.8312987555901758e-01
-1.9717714742668335e-01
-2.1285652343729716e-01
-2.3042740329212275e-01
-2.5019063791086554e-01
-2.7254197996344515e-01
-2.9794684727675885e-01
-3.2697804510390743e-01
-3.6036177190231833e-01
-3.9899425274215494e-01
-4.4403363687262098e-01
-4.9696528287572073e-01
-5.5971740546948989e-01
-6.3487123731284678e-01
-7.2577196667780464e-01
-8.3718491156912900e-01
-9.7576500035724467e-01
-1.1509847428096986e+00
-1.3766626745229227e+00
-1.6737428640319965e+00
-2.0757289559288301e+00
-2.6358604547264655e+00
-3.4469971635572527e+00
-4.6744334714566476e+00
-6.6260148037734101e+00
-9.8525127284485272e+00
-1.4865348514030373e+01
-1.8640818295556176e+01
0.0000000000000000e+00
2.4055929233035767e-01
0.0000000000000000e+00
0.0000000000000000e+00
];
