%Vec Object:sol 1 MPI processes
%  type: mpi
sol = [
0.0000000000000000e+00
-4.2554417962520070e+01
-2.4705405634009754e+01
-1.3159854890626411e+01
-7.6950656829925919e+00
-4.9529998768363201e+00
-3.4288768186926997e+00
-2.5056771038691426e+00
-1.9066305531897405e+00
-1.4981440743501133e+00
-1.2074100687367491e+00
-9.9318874990327555e-01
-8.3115761126889798e-01
-7.0572339390212913e-01
-6.0660384582843430e-01
-5.2691099693107413e-01
-4.6192768893770753e-01
-4.0827062632575911e-01
-3.6341142503169654e-01
-3.2558080819342672e-01
-2.9338828266757616e-01
-2.6572077061308358e-01
-2.4180540173334800e-01
-2.2099933766793592e-01
-2.0276383819427699e-01
-1.8669937044241833e-01
-1.7248727464735775e-01
-1.5984445456165522e-01
-1.4853957274109456e-01
-1.3840595828581764e-01
-1.2928590297240120e-01
-1.2103208519034450e-01
-1.1355331522063433e-01
-1.0675567325758832e-01
-1.0054689595275194e-01
-9.4871144912713437e-02
-8.9671386118368709e-02
-8.4887823121098605e-02
-8.0480198284861415e-02
-7.6414332958518502e-02
-7.2651421636427585e-02
-6.9160608205245847e-02
-6.5921520065850031e-02
-6.2908548291664340e-02
-6.0096917573900226e-02
-5.7474800380639478e-02
-5.5025117691111215e-02
-5.2727296390945345e-02
-5.0574885994623550e-02
-4.8556010090800940e-02
-4.6654477641859586e-02
-4.4865952754957174e-02
-4.3182136700730560e-02
-4.1591146023634645e-02
-4.0088886395210549e-02
-3.8669897889674856e-02
-3.7325352569133129e-02
-3.6051380896288183e-02
-3.4844468872640581e-02
-3.3697984030435266e-02
-3.2608291381122263e-02
-3.1573214905225376e-02
-3.0587715417242933e-02
-2.9648409426652381e-02
-2.8754039517573042e-02
-2.7900731990864399e-02
-2.7085370214931879e-02
-2.6307322368714994e-02
-2.5563571795634309e-02
-2.4851279637373356e-02
-2.4170233326471426e-02
-2.3518048549552487e-02
-2.2892169860153789e-02
-2.2292657427143810e-02
-2.1717593820784583e-02
-2.1164707688920242e-02
-2.0634227719174322e-02
-2.0124580588809116e-02
-1.9633775760841528e-02
-1.9162135960219845e-02
-1.8708340157000118e-02
-1.8270672161585962e-02
-1.7849495742492373e-02
-1.7443673148986427e-02
-1.7051753837570467e-02
-1.6674104945214520e-02
-1.6309719857971298e-02
-1.5957403368399174e-02
-1.5617499527526587e-02
-1.5289093348912553e-02
-1.4971233665692191e-02
-1.4664223091454875e-02
-1.4367208217364610e-02
-1.4079470035212911e-02
-1.3801257394873355e-02
-1.3531755690647273e-02
-1.3270466048731331e-02
-1.3017575417436386e-02
-1.2772290650119143e-02
-1.2534320979646622e-02
-1.2553519598474451e-02
-1.2830524996459336e-02
-1.3116491447286211e-02
-1.3412151134964486e-02
-1.3717296299815789e-02
-1.4032716563558088e-02
-1.4359130949482764e-02
-1.4696263605518704e-02
-1.5045216538783190e-02
-1.5406691586304484e-02
-1.5780333829144216e-02
-1.6167620743707384e-02
-1.6569111639452020e-02
-1.6984727948482044e-02
-1.7416030603178957e-02
-1.7863506768908539e-02
-1.8327493490306147e-02
-1.8809573805002210e-02
-1.9310180335794905e-02
-1.9830154335758871e-02
-2.0371108935175519e-02
-2.0933420132106622e-02
-2.1518540992695290e-02
-2.2128128013155328e-02
-2.2762502086051583e-02
-2.3423860439640839e-02
-2.4113850533817358e-02
-2.4832964420494430e-02
-2.5584088672579237e-02
-2.6368734794689257e-02
-2.7188276375190328e-02
-2.8045801008474931e-02
-2.8942900320634294e-02
-2.9882047885450208e-02
-3.0866605041811511e-02
-3.1898300773730980e-02
-3.2980989792272659e-02
-3.4118365952518527e-02
-3.5312524631917204e-02
-3.6568928829138696e-02
-3.7891373009503571e-02
-3.9283754050714950e-02
-4.0752332033892100e-02
-4.2301548565516774e-02
-4.3937653370970858e-02
-4.5668020063868026e-02
-4.7498046395545404e-02
-4.9437093346452105e-02
-5.1493695945851035e-02
-5.3675951540514071e-02
-5.5996126953826796e-02
-5.8464642996924263e-02
-6.1094270879060324e-02
-6.3900473470001301e-02
-6.6896839442445233e-02
-7.0102628268482486e-02
-7.3536274551741776e-02
-7.7218787380636630e-02
-8.1177332596903698e-02
-8.5437979040727668e-02
-9.0032124590558565e-02
-9.4996811296158806e-02
-1.0036890045686074e-01
-1.0619704040711797e-01
-1.1253290974238740e-01
-1.1943447231493769e-01
-1.2697387906728128e-01
-1.3522786467566106e-01
-1.4429044572732527e-01
-1.5427116322047862e-01
-1.6529159827537193e-01
-1.7750600499110769e-01
-1.9108808583981146e-01
-2.0624733890539740e-01
-2.2323951965568270e-01
-2.4236165137690710e-01
-2.6398913226221998e-01
-2.8857291046971623e-01
-3.1666809546378838e-01
-3.4897862406743496e-01
-3.8636658331362339e-01
-4.2992097080963043e-01
-4.8110689003072427e-01
-5.4178923003030310e-01
-6.1446468848015867e-01
-7.0246661570919666e-01
-8.1039237369156802e-01
-9.4459894832252123e-01
-1.1141484762043445e+00
-1.3327276296471122e+00
-1.6208243665707629e+00
-2.0101051877194669e+00
-2.5536925290826824e+00
-3.3408759681101290e+00
-4.5326405439995439e+00
-6.4272277067132917e+00
-9.5603486952914434e+00
-1.4409240974390146e+01
-1.8026288194071515e+01
0.0000000000000000e+00
2.4055929233035767e-01
0.0000000000000000e+00
0.0000000000000000e+00
];
