%Vec Object:sol 1 MPI processes
%  type: mpi
sol = [
0.0000000000000000e+00
-4.1185555950242460e+01
-2.4263357357046864e+01
-1.3034948452340474e+01
-7.6467319134091820e+00
-4.9301167879875401e+00
-3.4161447591533736e+00
-2.4971550758368046e+00
-1.9015382359896003e+00
-1.4943427203264799e+00
-1.2047070396327233e+00
-9.9137213787135381e-01
-8.2979389062980657e-01
-7.0464634374904811e-01
-6.0574971394400556e-01
-5.2626208385658679e-01
-4.6147549125198456e-01
-4.0796872901169812e-01
-3.6322609191208310e-01
-3.2548671794988088e-01
-2.9335595596914588e-01
-2.6572748726736101e-01
-2.4184482056889148e-01
-2.2106625363027743e-01
-2.0285402052674553e-01
-1.8680927708451062e-01
-1.7261391383142985e-01
-1.5998533529001854e-01
-1.4869260491061687e-01
-1.3856933570470670e-01
-1.2945809226771671e-01
-1.2121183427323985e-01
-1.1374093154945314e-01
-1.0695167144138050e-01
-1.0074993433248117e-01
-9.5080068763895242e-02
-8.9885208191911870e-02
-8.5105700193520581e-02
-8.0701402786558379e-02
-7.6638238261379860e-02
-7.2877486540675412e-02
-6.9388362612587087e-02
-6.6150559476964438e-02
-6.3138521172942885e-02
-6.0327513866704083e-02
-5.7705756539303370e-02
-5.5256204971340886e-02
-5.2958306597472131e-02
-5.0805647222410932e-02
-4.8786374109770610e-02
-4.6884304260701816e-02
-4.5095129919333822e-02
-4.3410569248620828e-02
-4.1818741453600448e-02
-4.0315571608786890e-02
-3.8895613617217786e-02
-3.7550039356521840e-02
-3.6274991689593479e-02
-3.5066968942296106e-02
-3.3919337093361070e-02
-3.2828467946350089e-02
-3.1792197144127177e-02
-3.0805483341424869e-02
-2.9864945526521643e-02
-2.8969337648393871e-02
-2.8114783679508575e-02
-2.7298165819597188e-02
-2.6518864211873140e-02
-2.5773871730791934e-02
-2.5060324450550963e-02
-2.4377984456912211e-02
-2.3724468567158093e-02
-2.3097201172699245e-02
-2.2496322375866872e-02
-2.1919911657535221e-02
-2.1365690923978893e-02
-2.0833898777359736e-02
-2.0322958994039488e-02
-1.9830873994743443e-02
-1.9357976194557241e-02
-1.8902941699233001e-02
-1.8464047392207934e-02
-1.8041666355740563e-02
-1.7634657868411691e-02
-1.7241564940845586e-02
-1.6862763503325804e-02
-1.6497243729974111e-02
-1.6143804761005298e-02
-1.5802798799080951e-02
-1.5473307284369388e-02
-1.5154374464698646e-02
-1.4846310349604179e-02
-1.4548257484803638e-02
-1.4259493575157918e-02
-1.3980274018260557e-02
-1.3709779592058702e-02
-1.3447509633291709e-02
-1.3193656709217612e-02
-1.2947422400275644e-02
-1.2708515821687808e-02
-1.2730311027753731e-02
-1.3013599137737659e-02
-1.3306080473349840e-02
-1.3608501983520213e-02
-1.3920659525981649e-02
-1.4243358783212038e-02
-1.4577334621645448e-02
-1.4922314620760291e-02
-1.5279422230767536e-02
-1.5649376285331223e-02
-1.6031825022589815e-02
-1.6428274108256747e-02
-1.6839299405475398e-02
-1.7264830278981146e-02
-1.7706459131680716e-02
-1.8164690243803492e-02
-1.8639875904932303e-02
-1.9133633350372579e-02
-1.9646413292989259e-02
-2.0179081599489206e-02
-2.0733288764379357e-02
-2.1309430030853640e-02
-2.1908995055489783e-02
-2.2533681446856794e-02
-2.3183830812989522e-02
-2.3861692188538744e-02
-2.4568957509498703e-02
-2.5306145168284576e-02
-2.6076209196408840e-02
-2.6880707265869434e-02
-2.7721057873100939e-02
-2.8600424772687000e-02
-2.9520451697612617e-02
-3.0483681266860296e-02
-3.1493562030396056e-02
-3.2551882960907177e-02
-3.3662599314895403e-02
-3.4829505594448924e-02
-3.6054770576629418e-02
-3.7343996314175378e-02
-3.8701088595782154e-02
-4.0130060436615288e-02
-4.1637337350231660e-02
-4.3227495331183544e-02
-4.4906957712883555e-02
-4.6683299182984105e-02
-4.8562084077628076e-02
-5.0552924903995614e-02
-5.2664598285113620e-02
-5.4905440420814473e-02
-5.7288050122878423e-02
-5.9823149574280352e-02
-6.2523873402046196e-02
-6.5406107641338460e-02
-6.8483834724761911e-02
-7.1776918725827629e-02
-7.5305554956243026e-02
-7.9090377870517814e-02
-8.3159222697297863e-02
-8.7538938282895537e-02
-9.2261846683400497e-02
-9.7366071667686155e-02
-1.0288958504609026e-01
-1.0888245294782292e-01
-1.1539788625991107e-01
-1.2249557573534975e-01
-1.3024978905856277e-01
-1.3873955208307318e-01
-1.4806165875543462e-01
-1.5832888961322836e-01
-1.6966645855072257e-01
-1.8223316828860017e-01
-1.9620646928444033e-01
-2.1179285502972878e-01
-2.2926333359646053e-01
-2.4892303192289778e-01
-2.7115750190419552e-01
-2.9642983458674582e-01
-3.2530999079289730e-01
-3.5852059181988821e-01
-3.9695348095253113e-01
-4.4176119737203456e-01
-4.9442197383293607e-01
-5.5685487407646606e-01
-6.3159746308287523e-01
-7.2200781478104081e-01
-8.3285965736304157e-01
-9.7074969523821231e-01
-1.1451083243340987e+00
-1.3695786764529505e+00
-1.6652295301043551e+00
-2.0651615805910697e+00
-2.6226946665223561e+00
-3.4299443534594891e+00
-4.6516930804261207e+00
-6.5941697527536665e+00
-9.8058277721661646e+00
-1.4792663492510863e+01
-1.8542988767766701e+01
0.0000000000000000e+00
2.4055929233035767e-01
0.0000000000000000e+00
0.0000000000000000e+00
];
