%Vec Object:sol 1 MPI processes
%  type: mpi
sol = [
0.0000000000000000e+00
-4.0593799908674391e+01
-2.4067426024806270e+01
-1.2976790390889644e+01
-7.6242371296440954e+00
-4.9195434498360147e+00
-3.4098923356775361e+00
-2.4935009424790588e+00
-1.8989935176262465e+00
-1.4927401811599197e+00
-1.2034827532080474e+00
-9.9041928340982666e-01
-8.2918115022719252e-01
-7.0421377488301895e-01
-6.0541022437828729e-01
-5.2599609701235051e-01
-4.6126826758072009e-01
-4.0780907605319566e-01
-3.6310541978503369e-01
-3.2539817783013852e-01
-2.9330445213537965e-01
-2.6571692381350653e-01
-2.4186658608146860e-01
-2.2111360532901006e-01
-2.0291046388202624e-01
-1.8687337914812735e-01
-1.7268446614680147e-01
-1.6006133337099140e-01
-1.4877320725715207e-01
-1.3865381688835532e-01
-1.2954583788221102e-01
-1.2130232903329621e-01
-1.1383372438233626e-01
-1.0704637600373663e-01
-1.0084622251997638e-01
-9.5177653521969927e-02
-8.9983841430192529e-02
-8.5205167944286467e-02
-8.0801518485397308e-02
-7.6738840141202552e-02
-7.2978433591929542e-02
-6.9489531178292790e-02
-6.6251843232190244e-02
-6.3239827058530443e-02
-6.0428758559231660e-02
-5.7806870149996192e-02
-5.5357126743742324e-02
-5.3058979510330478e-02
-5.0906025782413676e-02
-4.8886419326274230e-02
-4.6983977337980418e-02
-4.5194401539177025e-02
-4.3509414991188440e-02
-4.1917135932380313e-02
-4.0413496042321424e-02
-3.8993053627110447e-02
-3.7646979095614749e-02
-3.6371419471491959e-02
-3.5162877356324534e-02
-3.4014717131015990e-02
-3.2923312722251366e-02
-3.1886504098486333e-02
-3.0899248357019460e-02
-2.9958165001316307e-02
-2.9062012396211069e-02
-2.8206913061989143e-02
-2.7389748833278618e-02
-2.6609903609664028e-02
-2.5864357106992582e-02
-2.5150265577914891e-02
-2.4467432113840643e-02
-2.3813468968016071e-02
-2.3185813473597085e-02
-2.2584541285328618e-02
-2.2007731666798404e-02
-2.1453104598269979e-02
-2.0920903929223234e-02
-2.0409553036285506e-02
-1.9917052037446873e-02
-1.9443738314733908e-02
-1.8988287392366809e-02
-1.8548973716601518e-02
-1.8126175035143268e-02
-1.7718749848212735e-02
-1.7325238800485771e-02
-1.6946022155732526e-02
-1.6580089088102955e-02
-1.6226236615547941e-02
-1.5884820911545482e-02
-1.5554922166643365e-02
-1.5235582897462883e-02
-1.4927116688235684e-02
-1.4628664555137493e-02
-1.4339502986165934e-02
-1.4059890528312923e-02
-1.3789006120071310e-02
-1.3526348500195637e-02
-1.3272112933162045e-02
-1.3025498822348840e-02
-1.2786215394126686e-02
-1.2809208576053964e-02
-1.3095340950869278e-02
-1.3390772813225331e-02
-1.3696257890119730e-02
-1.4011593838460493e-02
-1.4337593725189250e-02
-1.4674999722839081e-02
-1.5023541166810303e-02
-1.5384351356718026e-02
-1.5758157005146357e-02
-1.6144608033193279e-02
-1.6545223051351959e-02
-1.6960585671176684e-02
-1.7390629151045552e-02
-1.7836960399000609e-02
-1.8300091778676635e-02
-1.8780382853353792e-02
-1.9279466670273394e-02
-1.9797802615900660e-02
-2.0336268602746291e-02
-2.0896532231582842e-02
-2.1478996218770415e-02
-2.2085168195893425e-02
-2.2716658231233412e-02
-2.3373881010444388e-02
-2.4059140978806754e-02
-2.4774149917472472e-02
-2.5519437864737152e-02
-2.6297989033692386e-02
-2.7111381646815900e-02
-2.7961054166508410e-02
-2.8850204378490112e-02
-2.9780499175773259e-02
-3.0754511949113269e-02
-3.1775730168143126e-02
-3.2845969434885304e-02
-3.3969229864686992e-02
-3.5149350819465193e-02
-3.6388533639490711e-02
-3.7692442434397351e-02
-3.9065032522210476e-02
-4.0510368567059071e-02
-4.2034949831432841e-02
-4.3643412040038659e-02
-4.5342255817737619e-02
-4.7139145396209246e-02
-4.9039719091708546e-02
-5.1053701443068915e-02
-5.3189976533666160e-02
-5.5456986635687142e-02
-5.7867478386551846e-02
-6.0432308214384702e-02
-6.3164770599270934e-02
-6.6080941276706981e-02
-6.9194978946079136e-02
-7.2526984063061115e-02
-7.6097397217142093e-02
-7.9927107992774929e-02
-8.4044282653228608e-02
-8.8476099022353996e-02
-9.3255269219409742e-02
-9.8420373345945208e-02
-1.0400984778541052e-01
-1.1007435441157329e-01
-1.1666774404496358e-01
-1.2385042588057177e-01
-1.3169754913039081e-01
-1.4028908673107965e-01
-1.4972298033557399e-01
-1.6011334444358435e-01
-1.7158687865265396e-01
-1.8430424700599099e-01
-1.9844642219916564e-01
-2.1423164226157701e-01
-2.3192629364166931e-01
-2.5183979388496686e-01
-2.7435491350816166e-01
-2.9993311652890320e-01
-3.2916182921514597e-01
-3.6277191901762201e-01
-4.0166532876242433e-01
-4.4700752699461804e-01
-5.0029316685582959e-01
-5.6346239590208036e-01
-6.3911223148898400e-01
-7.3069624388739507e-01
-8.4284207980739001e-01
-9.8232322655526905e-01
-1.1586670301184754e+00
-1.3859229377219555e+00
-1.6848676248874870e+00
-2.0893605671404742e+00
-2.6530556946299169e+00
-3.4692584101282518e+00
-4.7040997259555670e+00
-6.6675262731079474e+00
-9.9132978678531742e+00
-1.4959869111200582e+01
-1.8767971489578233e+01
0.0000000000000000e+00
2.4055929233035767e-01
0.0000000000000000e+00
0.0000000000000000e+00
];
