%Vec Object:sol 1 MPI processes
%  type: mpi
sol = [
0.0000000000000000e+00
-7.1668797107376164e+01
-3.4654353972140704e+01
-1.6805810230078201e+01
-9.4449664757094745e+00
-5.9598347277251520e+00
-4.0773149583138473e+00
-2.9560784450715381e+00
-2.2370966883301788e+00
-1.7505132839437545e+00
-1.4060757526331460e+00
-1.1535020959009794e+00
-9.6313909839691214e-01
-8.1619315422061156e-01
-7.0024139094373405e-01
-6.0723662394384215e-01
-5.3158435798667225e-01
-4.6921309724566451e-01
-4.1713954650773277e-01
-3.7327772368531975e-01
-3.3599335727823271e-01
-3.0398219390547659e-01
-2.7633751559342551e-01
-2.5230251365476553e-01
-2.3124428144203735e-01
-2.1270870722304139e-01
-1.9632316725600879e-01
-1.8175772802779819e-01
-1.6874304532481482e-01
-1.5708448794297084e-01
-1.4659866165916879e-01
-1.3711491582860894e-01
-1.2852836140866147e-01
-1.2073004606416995e-01
-1.1361109838888420e-01
-1.0710651410851105e-01
-1.0115023412149898e-01
-9.5673375346475756e-02
-9.0629289943508273e-02
-8.5978344069413543e-02
-8.1675876661864613e-02
-7.7686314407189580e-02
-7.3985958931830381e-02
-7.0545347353931476e-02
-6.7336062389079479e-02
-6.4344255789212365e-02
-6.1550271004170591e-02
-5.8930627749504354e-02
-5.6477669624809074e-02
-5.4177726767456524e-02
-5.2012378209073104e-02
-4.9976449309936166e-02
-4.8060381278948745e-02
-4.6250670299059236e-02
-4.4542499950002361e-02
-4.2929556181084426e-02
-4.1401817552779392e-02
-3.9954784964890015e-02
-3.8584366368128523e-02
-3.7283038967930907e-02
-3.6046616023808604e-02
-3.4872532356722184e-02
-3.3755076380869865e-02
-3.2690380706428296e-02
-3.1676928416491279e-02
-3.0710331679418147e-02
-2.9787050418570552e-02
-2.8906282217067484e-02
-2.8064612074951034e-02
-2.7258832436189356e-02
-2.6488620645989659e-02
-2.5751279353082464e-02
-2.5043934210033432e-02
-2.4366575968703647e-02
-2.3717037387344774e-02
-2.3092773525818591e-02
-2.2493970329259105e-02
-2.1918851791063933e-02
-2.1365194373768867e-02
-2.0833295802704915e-02
-2.0321670453951505e-02
-1.9828403443946513e-02
-1.9353839413605637e-02
-1.8896700952150468e-02
-1.8455293346044056e-02
-1.8030065678339393e-02
-1.7619889871143029e-02
-1.7223438879274557e-02
-1.6841048903871610e-02
-1.6471698768101277e-02
-1.6114332499496585e-02
-1.5769245097962955e-02
-1.5435488642901755e-02
-1.5112263336334289e-02
-1.4799809254339356e-02
-1.4497226300899672e-02
-1.4203956032435690e-02
-1.3920174607371993e-02
-1.3645010452924792e-02
-1.3378131837293148e-02
-1.3385943145317613e-02
-1.3668342822238834e-02
-1.3959697947094904e-02
-1.4260758588867901e-02
-1.4571273402289919e-02
-1.4892050696380469e-02
-1.5223820211801813e-02
-1.5566254965099705e-02
-1.5920487494288784e-02
-1.6287222272618768e-02
-1.6666044776187321e-02
-1.7058475762157198e-02
-1.7465061457762492e-02
-1.7885674172055988e-02
-1.8321911686188536e-02
-1.8774236094109602e-02
-1.9242950259248989e-02
-1.9729662683836077e-02
-2.0234769013472004e-02
-2.0759091744674562e-02
-2.1304256751774987e-02
-2.1870589953362791e-02
-2.2459541020365997e-02
-2.3072765052435180e-02
-2.3710518285924572e-02
-2.4375009620379612e-02
-2.5067866236205945e-02
-2.5789507987908061e-02
-2.6542838595035208e-02
-2.7329322923264964e-02
-2.8150277196908602e-02
-2.9008785555993011e-02
-2.9906371745328692e-02
-3.0845464889600417e-02
-3.1829398850301706e-02
-3.2859810320005255e-02
-3.3940518771366016e-02
-3.5075160967159860e-02
-3.6265715193423330e-02
-3.7517609260898900e-02
-3.8834535308897529e-02
-4.0220275214409455e-02
-4.1681013173292127e-02
-4.3221046418247068e-02
-4.4846501995797219e-02
-4.6564626327946002e-02
-4.8380619846672045e-02
-5.0303697896881633e-02
-5.2342194363359254e-02
-5.4503962830134804e-02
-5.6801056306951835e-02
-5.9243601151607983e-02
-6.1844068039796980e-02
-6.4617589508858930e-02
-6.7577336883148278e-02
-7.0742231590779039e-02
-7.4131424952071964e-02
-7.7764405788265156e-02
-8.1667659303446064e-02
-8.5866565396566785e-02
-9.0391759257023835e-02
-9.5279416604597697e-02
-1.0056538352614842e-01
-1.0629717585165183e-01
-1.1252514801336184e-01
-1.1930573979545442e-01
-1.2670934048993432e-01
-1.3481063154981299e-01
-1.4370123636062035e-01
-1.5348788035745539e-01
-1.6428885425815606e-01
-1.7625447993988411e-01
-1.8955381437144284e-01
-2.0438786199222092e-01
-2.2099865573347846e-01
-2.3968187273799543e-01
-2.6080214701957205e-01
-2.8479722019695630e-01
-3.1220581841975098e-01
-3.4371117695283715e-01
-3.8015622569672120e-01
-4.2263064106556558e-01
-4.7253198617962333e-01
-5.3167462677028687e-01
-6.0248817213995864e-01
-6.8810994074401577e-01
-7.9306049277864921e-01
-9.2359176870076598e-01
-1.0886310868361584e+00
-1.3012242106810370e+00
-1.5811388981177663e+00
-1.9600174312444405e+00
-2.4881950205601080e+00
-3.2535407227011275e+00
-4.4122839912166896e+00
-6.2553956427393498e+00
-9.2979879217004182e+00
-1.3990578893263011e+01
-1.7450851387767347e+01
0.0000000000000000e+00
1.3464638167935297e-01
0.0000000000000000e+00
0.0000000000000000e+00
];
