%Vec Object:sol 1 MPI processes
%  type: mpi
sol = [
0.0000000000000000e+00
-7.3363352154421548e+01
-3.4920807572204950e+01
-1.6843145924226668e+01
-9.4506170507333351e+00
-5.9566843351392151e+00
-4.0734426192951538e+00
-2.9524471790771241e+00
-2.2342595480271967e+00
-1.7477271695819840e+00
-1.4037177559182366e+00
-1.1515972090740871e+00
-9.6132397002476666e-01
-8.1446581812663787e-01
-6.9872208090568610e-01
-6.0590411665320132e-01
-5.3039989285640798e-01
-4.6814839150114379e-01
-4.1612824860909770e-01
-3.7231597727247945e-01
-3.3507850048742815e-01
-3.0311127444825781e-01
-2.7550756791852615e-01
-2.5151540317737475e-01
-2.3050632863683862e-01
-2.1201403794317333e-01
-1.9566685852141358e-01
-1.8113562407258521e-01
-1.6815161342817325e-01
-1.5652069132003540e-01
-1.4605988025921982e-01
-1.3659888941382911e-01
-1.2803310151932812e-01
-1.2025380630595717e-01
-1.1315235562629895e-01
-1.0666390537309266e-01
-1.0072254045484343e-01
-9.5259210964723062e-02
-9.0225911555414248e-02
-8.5585190630796296e-02
-8.1292433785410373e-02
-7.7312105517191906e-02
-7.3620526245884013e-02
-7.0188267791541498e-02
-6.6986951542626419e-02
-6.4002737420312220e-02
-6.1215993582045977e-02
-5.8603279756940421e-02
-5.6156939284670020e-02
-5.3863320437455064e-02
-5.1704039049773755e-02
-4.9673918279805739e-02
-4.7763412277113441e-02
-4.5959046873963183e-02
-4.4256006785100090e-02
-4.2647985317352317e-02
-4.1124984856837452e-02
-3.9682510347137601e-02
-3.8316472718119422e-02
-3.7019368292174434e-02
-3.5787016757753608e-02
-3.4616852545315165e-02
-3.3503179435059295e-02
-3.2442138272062049e-02
-3.1432209215604995e-02
-3.0469016843756806e-02
-2.9549030557350368e-02
-2.8671443179932189e-02
-2.7832849815439591e-02
-2.7030053145687159e-02
-2.6262724464785003e-02
-2.5528174758078764e-02
-2.4823540235057725e-02
-2.4148804760664541e-02
-2.3501808103809710e-02
-2.2880015805490105e-02
-2.2283606561980772e-02
-2.1710810394008895e-02
-2.1159414389658297e-02
-2.0629708169102930e-02
-2.0120208652722866e-02
-1.9629013816413125e-02
-1.9156464660477095e-02
-1.8701287501197924e-02
-1.8261878584994368e-02
-1.7838588115665372e-02
-1.7430293401962241e-02
-1.7035675005061056e-02
-1.6655062819464803e-02
-1.6287441007894241e-02
-1.5931759751130339e-02
-1.5588308275944327e-02
-1.5256144132775502e-02
-1.4934472090508360e-02
-1.4623527108920920e-02
-1.4322414842939207e-02
-1.4030579714039083e-02
-1.3748193522725938e-02
-1.3474390849245189e-02
-1.3208841023349802e-02
-1.3214535733655181e-02
-1.3491250114373332e-02
-1.3776708604741119e-02
-1.4071647573173727e-02
-1.4375812638750422e-02
-1.4689997193350710e-02
-1.5014916332956681e-02
-1.5350240222497898e-02
-1.5697081458461402e-02
-1.6056128851456908e-02
-1.6426965285842136e-02
-1.6811085301798128e-02
-1.7209019943356749e-02
-1.7620634429800861e-02
-1.8047497346911367e-02
-1.8490055120152962e-02
-1.8948596676370531e-02
-1.9424698864399657e-02
-1.9918740775649250e-02
-2.0431522237119144e-02
-2.0964634595214582e-02
-2.1518386146703806e-02
-2.2094192770093952e-02
-2.2693671608248821e-02
-2.3317059898633339e-02
-2.3966518650383250e-02
-2.4643633998342143e-02
-2.5348801548649647e-02
-2.6084862657939235e-02
-2.6853239576157376e-02
-2.7655207042757271e-02
-2.8493778800040743e-02
-2.9370430434657029e-02
-3.0287527214531422e-02
-3.1248322364856317e-02
-3.2254397036507204e-02
-3.3309477682651766e-02
-3.4417107931490949e-02
-3.5579197987904161e-02
-3.6801046992030198e-02
-3.8086243909059854e-02
-3.9438462897678765e-02
-4.0863734934809569e-02
-4.2366232504898557e-02
-4.3951921640329239e-02
-4.5627862316904917e-02
-4.7399100057898463e-02
-4.9274616898754647e-02
-5.1262522310045147e-02
-5.3370447793699184e-02
-5.5610138045298178e-02
-5.7991438274443731e-02
-6.0526484710682588e-02
-6.3230013279139241e-02
-6.6114825270618779e-02
-6.9199347448620316e-02
-7.2502216159717386e-02
-7.6042386679189264e-02
-7.9845192926666197e-02
-8.3934367717540273e-02
-8.8340844349071190e-02
-9.3099792492398983e-02
-9.8246023788810324e-02
-1.0382573480712011e-01
-1.0988785268392434e-01
-1.1648720774939342e-01
-1.2369221727581674e-01
-1.3157542564951952e-01
-1.4022586614598956e-01
-1.4974724179867099e-01
-1.6025445086988535e-01
-1.7189356897193314e-01
-1.8482882167260253e-01
-1.9925833450476052e-01
-2.1542405419258762e-01
-2.3360667178313801e-01
-2.5416125535514872e-01
-2.7751409132508520e-01
-3.0418987967038297e-01
-3.3485419415603190e-01
-3.7032828141994739e-01
-4.1164889934643034e-01
-4.6017326633222899e-01
-5.1768020223955391e-01
-5.8653105706209197e-01
-6.6987846613195279e-01
-7.7207150706401972e-01
-8.9919900176565981e-01
-1.0597187809183728e+00
-1.2666432858740604e+00
-1.5394467195188668e+00
-1.9081592578603428e+00
-2.4232512124370622e+00
-3.1690367973912092e+00
-4.2988979832461274e+00
-6.0955361334354565e+00
-9.0609419506524826e+00
-1.3617655897960436e+01
-1.6948849267900155e+01
0.0000000000000000e+00
1.3464638167935297e-01
0.0000000000000000e+00
0.0000000000000000e+00
];
