%Vec Object:sol 1 MPI processes
%  type: mpi
sol = [
0.0000000000000000e+00
-4.1706589928120358e+01
-2.4433969608371328e+01
-1.3083994656492909e+01
-7.6662902574770211e+00
-4.9388080582620528e+00
-3.4211191962698915e+00
-2.5003712066740866e+00
-1.9034498234814454e+00
-1.4957679322300306e+00
-1.2057980079973214e+00
-9.9209103623290917e-01
-8.3029603579777644e-01
-7.0504150181985381e-01
-6.0606170120534808e-01
-5.2650833960987176e-01
-4.6166914966079459e-01
-4.0811975583605348e-01
-3.6331701133935274e-01
-3.2552213117321632e-01
-2.9335922946526249e-01
-2.6571651666628998e-01
-2.4182194123190703e-01
-2.2103338192879979e-01
-2.0281271330725742e-01
-1.8676083729323062e-01
-1.7255944142487850e-01
-1.5992574549054539e-01
-1.4862866516706183e-01
-1.3850170863875311e-01
-1.2938733986693618e-01
-1.2113842817319800e-01
-1.1366528562794202e-01
-1.0687414084159033e-01
-1.0067082076380775e-01
-9.4999637038757079e-02
-8.9803687780393007e-02
-8.5023289107901009e-02
-8.0618274201286422e-02
-7.6554542984096793e-02
-7.2793356158696781e-02
-6.9303912747188487e-02
-6.6065890264392677e-02
-6.3053720443396494e-02
-6.0242660214098125e-02
-5.7620916377808779e-02
-5.5171434727868736e-02
-5.2873671854560558e-02
-5.0721130919477699e-02
-4.8701426238748770e-02
-4.6799036014971547e-02
-4.5009635747308499e-02
-4.3324931622434747e-02
-4.1733036892349196e-02
-4.0229865054254882e-02
-3.8809960951150448e-02
-3.7464493165075066e-02
-3.6189596889720968e-02
-3.4981763093126901e-02
-3.3834356002514998e-02
-3.2743742763063646e-02
-3.1707752646068982e-02
-3.0721343483755333e-02
-2.9781131833355248e-02
-2.8885865893010104e-02
-2.8031669336748204e-02
-2.7215423977540058e-02
-2.6436503860483063e-02
-2.5691890034862670e-02
-2.4978740894325328e-02
-2.4296849906666862e-02
-2.3643830737535655e-02
-2.3017124372976393e-02
-2.2416797083094124e-02
-2.1840929608782381e-02
-2.1287246541768823e-02
-2.0755982635080331e-02
-2.0245562840429727e-02
-1.9753992370466798e-02
-1.9281599876503075e-02
-1.8827062616900654e-02
-1.8388660212638130e-02
-1.7966762127939427e-02
-1.7560228828878872e-02
-1.7167605868016671e-02
-1.6789265760148872e-02
-1.6424199955673072e-02
-1.6071209820708070e-02
-1.5730644392559164e-02
-1.5401586524187919e-02
-1.5083082268050206e-02
-1.4775438762964704e-02
-1.4477800147667542e-02
-1.4189445421507425e-02
-1.3910627441992186e-02
-1.3640528799194411e-02
-1.3378649537881268e-02
-1.3125180047039763e-02
-1.2879323971903325e-02
-1.2640790482544699e-02
-1.2661584935873596e-02
-1.2942439658154297e-02
-1.3232397864273602e-02
-1.3532200789486620e-02
-1.3841642917190722e-02
-1.4161523715311141e-02
-1.4492571923978794e-02
-1.4834513824851108e-02
-1.5188464567908943e-02
-1.5555136419479721e-02
-1.5934176431389009e-02
-1.6327079355937628e-02
-1.6734414669145485e-02
-1.7156108699631058e-02
-1.7593741672984754e-02
-1.8047811272976173e-02
-1.8518663920701412e-02
-1.9007903627408902e-02
-1.9515974140602525e-02
-2.0043731831379065e-02
-2.0592812754955069e-02
-2.1163604751900926e-02
-2.1757583348634146e-02
-2.2376430275963807e-02
-2.3020479181677770e-02
-2.3691959084799420e-02
-2.4392544757114484e-02
-2.5122744464699087e-02
-2.5885486175626027e-02
-2.6682309762919038e-02
-2.7514616418182383e-02
-2.8385540486273689e-02
-2.9296705623853919e-02
-3.0250627816742492e-02
-3.1250721956057638e-02
-3.2298753913169914e-02
-3.3398640143358284e-02
-3.4554136324369260e-02
-3.5767382974165540e-02
-3.7043928477617498e-02
-3.8387635712588977e-02
-3.9802472935779640e-02
-4.1294801840463309e-02
-4.2869146642174796e-02
-4.4531863736678542e-02
-4.6290450276024853e-02
-4.8150406431527612e-02
-5.0121247709167427e-02
-5.2211657614279337e-02
-5.4429880373415333e-02
-5.6788386763034236e-02
-5.9297782567197289e-02
-6.1971063856360580e-02
-6.4823952271576848e-02
-6.7870277342328630e-02
-7.1129698264059960e-02
-7.4622197660440037e-02
-7.8368188657384139e-02
-8.2395219472777725e-02
-8.6729853525496503e-02
-9.1404074494993270e-02
-9.6455610300362704e-02
-1.0192202947495627e-01
-1.0785288126306515e-01
-1.1430082108069209e-01
-1.2132491592585462e-01
-1.2899866803429069e-01
-1.3740029862641454e-01
-1.4662164364613189e-01
-1.5677535410192620e-01
-1.6798682795143294e-01
-1.8041293874050107e-01
-1.9423034519971299e-01
-2.0965209033548096e-01
-2.2693823108423741e-01
-2.4639077856019312e-01
-2.6839138086445219e-01
-2.9339846178175255e-01
-3.2197627519043415e-01
-3.5484026403421853e-01
-3.9287347564109654e-01
-4.3721718515449476e-01
-4.8933531327273189e-01
-5.5108408061400516e-01
-6.2499314374555137e-01
-7.1447707331346511e-01
-8.2420377329398931e-01
-9.6070954759052785e-01
-1.1332550183796029e+00
-1.3553913443641419e+00
-1.6481713885719638e+00
-2.0439816143795917e+00
-2.5962884616815178e+00
-3.3957216605058442e+00
-4.6060173953053196e+00
-6.5301431693796488e+00
-9.7118242120509208e+00
-1.4646074153107239e+01
-1.8345562911437881e+01
0.0000000000000000e+00
2.4055929233035767e-01
0.0000000000000000e+00
0.0000000000000000e+00
];
