%Vec Object:sol 1 MPI processes
%  type: mpi
sol = [
0.0000000000000000e+00
-7.2988085027957624e+01
-3.4862473683999369e+01
-1.6835014968484366e+01
-9.4493973566319731e+00
-5.9573814263860783e+00
-4.0742939722994622e+00
-2.9533338256910890e+00
-2.2348794313057483e+00
-1.7483872731808507e+00
-1.4042317967170452e+00
-1.1520123041041435e+00
-9.6177633707656118e-01
-8.1484887322530497e-01
-6.9905268314734170e-01
-6.0619403664416893e-01
-5.3065756911140116e-01
-4.6837977143572734e-01
-4.1638268737236528e-01
-3.7254897736469295e-01
-3.3529223162617589e-01
-3.0330860701062706e-01
-2.7569080427528303e-01
-2.5168641525363783e-01
-2.3066665546819504e-01
-2.1216495685819292e-01
-1.9580943990758334e-01
-1.8127077163284847e-01
-1.6828009548211614e-01
-1.5664316815331403e-01
-1.4617692157162301e-01
-1.3671098684496766e-01
-1.2814068740286635e-01
-1.2035726034341032e-01
-1.1325200910576493e-01
-1.0676005457119594e-01
-1.0081545225224088e-01
-9.5349430852520609e-02
-9.0315425301030997e-02
-8.5673871155927145e-02
-8.1380181150809930e-02
-7.7398841758959613e-02
-7.3706055147099769e-02
-7.0271564783131416e-02
-6.7067998829219960e-02
-6.4081668536826675e-02
-6.1292930656462088e-02
-5.8678330746472038e-02
-5.6230208056985670e-02
-5.3934902958543834e-02
-5.1774019603182543e-02
-4.9742378854952640e-02
-4.7830429394946861e-02
-4.6024688119183456e-02
-4.4320337551960090e-02
-4.2711067595502021e-02
-4.1186873737494079e-02
-3.9743258653279420e-02
-3.8376131372712577e-02
-3.7077982854653913e-02
-3.5844630381326396e-02
-3.4673507582080626e-02
-3.3558914034196294e-02
-3.2496988050854249e-02
-3.1486209788392713e-02
-3.0522200501658037e-02
-2.9601426980889578e-02
-2.8723082615269319e-02
-2.7883759852319574e-02
-2.7080258736811306e-02
-2.6312251527603300e-02
-2.5577047055424882e-02
-2.4871778925428703e-02
-2.4196432232631970e-02
-2.3548844961767811e-02
-2.2926480140044815e-02
-2.2329517856427571e-02
-2.1756186613535129e-02
-2.1204271131973793e-02
-2.0674062503867260e-02
-2.0164076312724932e-02
-1.9672408362858176e-02
-1.9199401141330397e-02
-1.8743779740268061e-02
-1.8303938475719071e-02
-1.7880228999716991e-02
-1.7471527452865551e-02
-1.7076512746032297e-02
-1.6695516142085587e-02
-1.6327520645504807e-02
-1.5971475101621006e-02
-1.5627669990547363e-02
-1.5295161675579160e-02
-1.4973153934160179e-02
-1.4661882837448983e-02
-1.4360452792030623e-02
-1.4068307597278944e-02
-1.3785620000867631e-02
-1.3511523246896993e-02
-1.3245686434715541e-02
-1.3251844056233218e-02
-1.3529798227541728e-02
-1.3816542684507832e-02
-1.4112816787572454e-02
-1.4418366830072882e-02
-1.4733989461977392e-02
-1.5060402979630412e-02
-1.5397278184389527e-02
-1.5745732026943349e-02
-1.6106456743131586e-02
-1.6479035799796891e-02
-1.6864969460741487e-02
-1.7264792094822460e-02
-1.7678370485747174e-02
-1.8107279596220324e-02
-1.8551969286560891e-02
-1.9012731542520155e-02
-1.9491150130964197e-02
-1.9987607776098981e-02
-2.0502909270750807e-02
-2.1038653512355093e-02
-2.1595152669009233e-02
-2.2173830014800947e-02
-2.2776310998831914e-02
-2.3402837037129618e-02
-2.4055579615198261e-02
-2.4736133857049314e-02
-2.5444900700195758e-02
-2.6184735143698797e-02
-2.6957068780655787e-02
-2.7763185450711748e-02
-2.8606114305294247e-02
-2.9487341496788833e-02
-3.0409246286954295e-02
-3.1375099561494452e-02
-3.2386494664921696e-02
-3.3447178425981057e-02
-3.4560714883003850e-02
-3.5729029192588017e-02
-3.6957448676879105e-02
-3.8249584931043468e-02
-3.9609135745654077e-02
-4.1042165674380494e-02
-4.2552874577990306e-02
-4.4147263796772696e-02
-4.5832434186038405e-02
-4.7613465279970922e-02
-4.9499390267071779e-02
-5.1498367853609110e-02
-5.3618078291897180e-02
-5.5870333895814327e-02
-5.8265041591748230e-02
-6.0814411006606520e-02
-6.3533265091649319e-02
-6.6434486396991135e-02
-6.9536610259058079e-02
-7.2858386615128543e-02
-7.6418885972955791e-02
-8.0244051968358501e-02
-8.4358724692310316e-02
-8.8792899587473731e-02
-9.3582003959923082e-02
-9.8761183957564877e-02
-1.0437518790292781e-01
-1.1047342648972473e-01
-1.1711218895620755e-01
-1.2436030667556536e-01
-1.3229076982577614e-01
-1.4099315186295155e-01
-1.5057178419995521e-01
-1.6114226616842156e-01
-1.7285155138973862e-01
-1.8586485794215662e-01
-2.0038150230460444e-01
-2.1664487726115284e-01
-2.3493735339453264e-01
-2.5561610409610236e-01
-2.7910993773970710e-01
-3.0594664314785902e-01
-3.3679568435079377e-01
-3.7248308579289818e-01
-4.1407684773122927e-01
-4.6291386134598028e-01
-5.2076841680661334e-01
-5.9003340858200271e-01
-6.7387919677037833e-01
-7.7667901719674926e-01
-9.0455854592555285e-01
-1.0661101699522495e+00
-1.2742408651744350e+00
-1.5486117442037828e+00
-1.9195689953198005e+00
-2.4375433209200303e+00
-3.1876465824994029e+00
-4.3238930085312077e+00
-6.1308457573322919e+00
-9.1133491131489972e+00
-1.3700285153616210e+01
-1.7060105009845604e+01
0.0000000000000000e+00
1.3464638167935297e-01
0.0000000000000000e+00
0.0000000000000000e+00
];
