%Vec Object:sol 1 MPI processes
%  type: mpi
sol = [
0.0000000000000000e+00
-4.1530287273131364e+01
-2.4376431277088422e+01
-1.3068054139345447e+01
-7.6596711311414527e+00
-4.9358593315088735e+00
-3.4195137776172402e+00
-2.4992751292475428e+00
-1.9027959392755169e+00
-1.4952800048127177e+00
-1.2054241442563074e+00
-9.9186881921776082e-01
-8.3012211019668614e-01
-7.0490431212071702e-01
-6.0595307385473629e-01
-5.2642229039763822e-01
-4.6160117233825315e-01
-4.0806643830302752e-01
-3.6330047268986354e-01
-3.2551316967833310e-01
-2.9335620895320891e-01
-2.6571846226201312e-01
-2.4182804348492282e-01
-2.2104297650600449e-01
-2.0282526031519230e-01
-1.8677588480048748e-01
-1.7257660780240311e-01
-1.5994471306085345e-01
-1.4864916743407344e-01
-1.3852351539887456e-01
-1.2941025576239909e-01
-1.2116228918276502e-01
-1.1368994769695896e-01
-1.0689948025875078e-01
-1.0069673239739652e-01
-9.5026028499536161e-02
-8.9830478918573792e-02
-8.5050410756705594e-02
-8.0645665753487875e-02
-7.6582151581674432e-02
-7.2821135655551109e-02
-6.9331822560294229e-02
-6.6093895136468503e-02
-6.3081789420480455e-02
-6.0270765586944060e-02
-5.7649034817697412e-02
-5.5199547398458476e-02
-5.2901748248449128e-02
-5.0749216543890668e-02
-4.8730095641737213e-02
-4.6828202125388387e-02
-4.5039221801507975e-02
-4.3354877286496313e-02
-4.1763298544448685e-02
-4.0260189650424973e-02
-3.8840107289230645e-02
-3.7494430197740659e-02
-3.6219322259805550e-02
-3.5011278154065253e-02
-3.3863661327192769e-02
-3.2772839338366715e-02
-3.1736642561324753e-02
-3.0750028135767566e-02
-2.9809612591453882e-02
-2.8914145307499150e-02
-2.8059749355036152e-02
-2.7243306181494963e-02
-2.6464191072930885e-02
-2.5719384556664296e-02
-2.5006044410564431e-02
-2.4323965383316874e-02
-2.3670760684105712e-02
-2.3043870512585007e-02
-2.2443362436077665e-02
-2.1867316785227894e-02
-2.1313457265108474e-02
-2.0782019919579803e-02
-2.0271429316199723e-02
-1.9779689743218875e-02
-1.9307131113706761e-02
-1.8852430307782591e-02
-1.8413866038369017e-02
-1.7991808982409069e-02
-1.7585119214748798e-02
-1.7192341443739330e-02
-1.6813849328999618e-02
-1.6448633898973219e-02
-1.6095495779935631e-02
-1.5754785070303069e-02
-1.5425584154549333e-02
-1.5106938485144978e-02
-1.4799156163410220e-02
-1.4501380798600737e-02
-1.4212890959878549e-02
-1.3933940356639142e-02
-1.3663710975526220e-02
-1.3401702626697041e-02
-1.3148106429940366e-02
-1.2902125341951108e-02
-1.2663468516303214e-02
-1.2684599654985139e-02
-1.2966270869681999e-02
-1.3257075708317788e-02
-1.3557757323867528e-02
-1.3868110665352099e-02
-1.4188937286639771e-02
-1.4520967984861789e-02
-1.4863929482375434e-02
-1.5218939714646747e-02
-1.5586713153951152e-02
-1.5966897256235374e-02
-1.6360990435963771e-02
-1.6769564316063388e-02
-1.7192546249845144e-02
-1.7631520550242297e-02
-1.8086987119499697e-02
-1.8559294353578053e-02
-1.9050050703843174e-02
-1.9559702261483215e-02
-2.0089108589570449e-02
-2.0639910592986276e-02
-2.1212498604353234e-02
-2.1808352897607988e-02
-2.2429160537994944e-02
-2.3075257854386282e-02
-2.3748880589118376e-02
-2.4451709282724596e-02
-2.5184255611088384e-02
-2.5949456296995480e-02
-2.6748857198469131e-02
-2.7583865327344324e-02
-2.8457624909821566e-02
-2.9371766355277520e-02
-3.0328814602714659e-02
-3.1332195855106389e-02
-3.2383683755977638e-02
-3.3487207801294119e-02
-3.4646536719913301e-02
-3.5863820538234212e-02
-3.7144625677230009e-02
-3.8492829444671778e-02
-3.9912415149764506e-02
-4.1409765938387307e-02
-4.2989423441536403e-02
-4.4657766561292910e-02
-4.6422318517832621e-02
-4.8288601067248658e-02
-5.0266162327205696e-02
-5.2363717117489078e-02
-5.4589540600779717e-02
-5.6956146603333403e-02
-5.9474180060537257e-02
-6.2156683641700815e-02
-6.5019434272373375e-02
-6.8076312918908338e-02
-7.1347047678518974e-02
-7.4851692714163462e-02
-7.8610735607829912e-02
-8.2651821110571844e-02
-8.7001608663670585e-02
-9.1692195775989097e-02
-9.6761443549736342e-02
-1.0224705616523029e-01
-1.0819875677387106e-01
-1.1466938768483535e-01
-1.2171822577784570e-01
-1.2941903097566229e-01
-1.3785028338612171e-01
-1.4710811562641790e-01
-1.5730457903346706e-01
-1.6855655915551110e-01
-1.8102733800247026e-01
-1.9489438937063502e-01
-2.1037150216956538e-01
-2.2771963829414243e-01
-2.4724185783358421e-01
-2.6932112317410806e-01
-2.9441742961262635e-01
-3.2309695280500556e-01
-3.5607755314636946e-01
-3.9424524060713717e-01
-4.3874508470189616e-01
-4.9104582757616466e-01
-5.5304531099744292e-01
-6.2721405555903020e-01
-7.1700983692828524e-01
-8.2711534098252637e-01
-9.6408723910126914e-01
-1.1372813841578751e+00
-1.3601649287880677e+00
-1.6539122547860545e+00
-2.0511107408956391e+00
-2.6051796287994922e+00
-3.4072479691713653e+00
-4.6214071561131602e+00
-6.5517258825541633e+00
-9.7435333590721758e+00
-1.4695556946870180e+01
-1.8412225458838552e+01
0.0000000000000000e+00
2.4055929233035767e-01
0.0000000000000000e+00
0.0000000000000000e+00
];
