%Vec Object:sol 1 MPI processes
%  type: mpi
sol = [
0.0000000000000000e+00
-7.8310518735267109e+01
-3.5642139763571869e+01
-1.6929399769911395e+01
-9.4506421263006981e+00
-5.9444511528828263e+00
-4.0603785877005576e+00
-2.9405839220771850e+00
-2.2240670751017704e+00
-1.7390623021046017e+00
-1.3964300934387199e+00
-1.1450070624833386e+00
-9.5559880229250205e-01
-8.0944873735234546e-01
-6.9427209907390608e-01
-6.0186055505365432e-01
-5.2667398710936264e-01
-4.6470124503577820e-01
-4.1297126665549705e-01
-3.6940807288335797e-01
-3.3238506316678557e-01
-3.0060401485663013e-01
-2.7316323899613859e-01
-2.4931465941427483e-01
-2.2843291566807103e-01
-2.1005418989673033e-01
-1.9380600201114126e-01
-1.7935877570885017e-01
-1.6645175160198136e-01
-1.5489156438375254e-01
-1.4449592076696760e-01
-1.3509516255344661e-01
-1.2658514193093287e-01
-1.1885759508329981e-01
-1.1180431783629252e-01
-1.0536076877310110e-01
-9.9461329468793463e-02
-9.4037568464580612e-02
-8.9043165310717348e-02
-8.4438762811393550e-02
-8.0180010250115091e-02
-7.6231589853157020e-02
-7.2569970408091752e-02
-6.9165903362940720e-02
-6.5991188327031949e-02
-6.3032069350012862e-02
-6.0269036674767781e-02
-5.7678806497596755e-02
-5.5253762235031686e-02
-5.2980337904891400e-02
-5.0840281094739259e-02
-4.8828436730849301e-02
-4.6935318936569013e-02
-4.5147555662052731e-02
-4.3460354013470565e-02
-4.1867444590461558e-02
-4.0358909465110733e-02
-3.8930278188596866e-02
-3.7577482151975775e-02
-3.6293080184372162e-02
-3.5072919151952389e-02
-3.3914441477514191e-02
-3.2812000290636620e-02
-3.1761765783422498e-02
-3.0762216946431591e-02
-2.9809017625174686e-02
-2.8898668003827579e-02
-2.8030353152941098e-02
-2.7200699740492152e-02
-2.6406541907774611e-02
-2.5647538541756630e-02
-2.4921026357114080e-02
-2.4224172888659759e-02
-2.3556946489155083e-02
-2.2917208333224658e-02
-2.2302454380614199e-02
-2.1712845910483308e-02
-2.1146631238175725e-02
-2.0601626229757562e-02
-2.0078102171022918e-02
-1.9574592162963443e-02
-1.9089220670828980e-02
-1.8622310211729727e-02
-1.8172601980654374e-02
-1.7738515835195565e-02
-1.7320383990261441e-02
-1.6917098008509580e-02
-1.6527358679996471e-02
-1.6151478905723868e-02
-1.5788457031872483e-02
-1.5437259634821648e-02
-1.5098160373178994e-02
-1.4770231380475533e-02
-1.4452689609799568e-02
-1.4145756208599579e-02
-1.3848552206992808e-02
-1.3560529669702793e-02
-1.3281848616843820e-02
-1.3011660122299590e-02
-1.2749636327516724e-02
-1.2749509905327633e-02
-1.3010715401204135e-02
-1.3280083126453594e-02
-1.3558311748275181e-02
-1.3845137906265771e-02
-1.4141313912051794e-02
-1.4447514432678167e-02
-1.4763401009548968e-02
-1.5090031292876812e-02
-1.5428050765332947e-02
-1.5777034270300017e-02
-1.6138404375625363e-02
-1.6512649926833312e-02
-1.6899615400637964e-02
-1.7300790050718929e-02
-1.7716582089330503e-02
-1.8147234982910751e-02
-1.8594219525724428e-02
-1.9057821424916660e-02
-1.9538836168052791e-02
-2.0038748886637175e-02
-2.0557816871200861e-02
-2.1097370405969450e-02
-2.1658920333640638e-02
-2.2242648964779482e-02
-2.2850583436128256e-02
-2.3484194303550206e-02
-2.4143807118145465e-02
-2.4832088846212401e-02
-2.5550340807739241e-02
-2.6299719537918678e-02
-2.7083041072451724e-02
-2.7901643575612693e-02
-2.8757711440587311e-02
-2.9654270415770463e-02
-3.0592742273965960e-02
-3.1576590659965001e-02
-3.2609095179782881e-02
-3.3691969961459504e-02
-3.4830150684303444e-02
-3.6026931727800776e-02
-3.7285679045631924e-02
-3.8611988810636516e-02
-4.0009675552923320e-02
-4.1484245814682588e-02
-4.3042227959096152e-02
-4.4688220859087052e-02
-4.6430541071738482e-02
-4.8276654322800566e-02
-5.0233551908810230e-02
-5.2312096209967213e-02
-5.4521321331796692e-02
-5.6872400352091158e-02
-5.9378928347458379e-02
-6.2052633733565968e-02
-6.4910517572034893e-02
-6.7969728501700674e-02
-7.1247661579085728e-02
-7.4768100158277437e-02
-7.8553718014674673e-02
-8.2631944739871302e-02
-8.7035204971586275e-02
-9.1795497247060251e-02
-9.6955424891754169e-02
-1.0256003723585480e-01
-1.0865979918518719e-01
-1.1531777767550377e-01
-1.2260073701958167e-01
-1.3059070703672021e-01
-1.3938323120227128e-01
-1.4908407622530276e-01
-1.5982788685751639e-01
-1.7176592458966147e-01
-1.8508073576045039e-01
-1.9999532278582316e-01
-2.1676829787513932e-01
-2.3572499620155760e-01
-2.5724616597006816e-01
-2.8182522005731364e-01
-3.1007473969237564e-01
-3.4275044730916393e-01
-3.8082978473938756e-01
-4.2556669701591721e-01
-4.7858960280780516e-01
-5.4208019213317638e-01
-6.1895239044256511e-01
-7.1316410319582790e-01
-8.3031211618577261e-01
-9.7848077743986595e-01
-1.1695733629696916e+00
-1.4213977508866362e+00
-1.7622220092172372e+00
-2.2384341452235317e+00
-2.9289677704337707e+00
-3.9753308885149918e+00
-5.6389702563853747e+00
-8.3778450046614150e+00
-1.2537323975032086e+01
-1.5491497495060246e+01
0.0000000000000000e+00
1.3464638167935297e-01
0.0000000000000000e+00
0.0000000000000000e+00
];
