%Vec Object:sol 1 MPI processes
%  type: mpi
sol = [
0.0000000000000000e+00
-4.1921148949007936e+01
-2.4503736914239486e+01
-1.3103295824703446e+01
-7.6736198218167777e+00
-4.9424079892317030e+00
-3.4230837383974033e+00
-2.5017131932338277e+00
-1.9042529206807628e+00
-1.4963675174767308e+00
-1.2062576904850546e+00
-9.9236594160993352e-01
-8.3051146845772872e-01
-7.0521169094856218e-01
-6.0619671156853316e-01
-5.2661553949121409e-01
-4.6175408707527266e-01
-4.0816537982543283e-01
-3.6333876414453636e-01
-3.2553497813732646e-01
-2.9336469957638900e-01
-2.6571581642139663e-01
-2.4181607225929477e-01
-2.2102316634732264e-01
-2.0279881937294691e-01
-1.8674382444582194e-01
-1.7253978216155022e-01
-1.5990383323662807e-01
-1.4860483004567798e-01
-1.3847623591469665e-01
-1.2936047172005991e-01
-1.2111036798333175e-01
-1.1363621213237445e-01
-1.0684420762242633e-01
-1.0064015835476191e-01
-9.4968360260289389e-02
-8.9771896323088546e-02
-8.4991069080925435e-02
-8.0585701003291210e-02
-7.6521682520169526e-02
-7.2760265127117876e-02
-6.9270643572928850e-02
-6.6032564405291025e-02
-6.3019542375918405e-02
-6.0207472835297350e-02
-5.7584873150339444e-02
-5.5134671050630149e-02
-5.2836294723330311e-02
-5.0683303755040529e-02
-4.8663826567643606e-02
-4.6761670454507118e-02
-4.4972508012102126e-02
-4.3288044224396104e-02
-4.1696393279363121e-02
-4.0193466690074307e-02
-3.8773808113436510e-02
-3.7428587091210073e-02
-3.6153937628308985e-02
-3.4946349441900018e-02
-3.3799187656664856e-02
-3.2708818895267874e-02
-3.1673071085625788e-02
-3.0686902862216547e-02
-2.9746930793787135e-02
-2.8851901646100117e-02
-2.7997939795279023e-02
-2.7181927475359705e-02
-2.6403237230468210e-02
-2.5658850720139507e-02
-2.4945927062900494e-02
-2.4264258179809185e-02
-2.3611458271926244e-02
-2.2984969258076814e-02
-2.2384855843339400e-02
-2.1809199251381934e-02
-2.1255725129704212e-02
-2.0724666674800229e-02
-2.0214449291976477e-02
-1.9723079297150576e-02
-1.9250883820552504e-02
-1.8796540568677425e-02
-1.8358330247958608e-02
-1.7936620860761580e-02
-1.7530273338202854e-02
-1.7137834243030507e-02
-1.6759674709987727e-02
-1.6394786692511761e-02
-1.6041972442620393e-02
-1.5701579718321524e-02
-1.5372691932463781e-02
-1.5054355856156628e-02
-1.4746877467549767e-02
-1.4449401539428676e-02
-1.4161207586233465e-02
-1.3882547437939222e-02
-1.3612604408304895e-02
-1.3350878822378365e-02
-1.3097560187377264e-02
-1.2851852975277973e-02
-1.2613466374252558e-02
-1.2633853459247751e-02
-1.2913722611164490e-02
-1.3202658830072827e-02
-1.3501401035367922e-02
-1.3809743143212542e-02
-1.4128482102422468e-02
-1.4458344168181670e-02
-1.4799055084098513e-02
-1.5151726636821135e-02
-1.5517068426839059e-02
-1.5894727011030008e-02
-1.6286192720190006e-02
-1.6692032434055541e-02
-1.7112171237245125e-02
-1.7548184419234801e-02
-1.8000566979544615e-02
-1.8469662948338558e-02
-1.8957070973048811e-02
-1.9463231964046930e-02
-1.9988998432009884e-02
-2.0536000571765096e-02
-2.1104623205645472e-02
-2.1696336121106861e-02
-2.2312814600762849e-02
-2.2954389043655321e-02
-2.3623280343243964e-02
-2.4321156295657110e-02
-2.5048521036018477e-02
-2.5808291951889516e-02
-2.6602001675516133e-02
-2.7431044355378662e-02
-2.8298542390976743e-02
-2.9206111266961324e-02
-3.0156256140046186e-02
-3.1152378223196834e-02
-3.2196233979433192e-02
-3.3291724094512379e-02
-3.4442588460757838e-02
-3.5650956084556297e-02
-3.6922353541703992e-02
-3.8260626250407354e-02
-3.9669724252798820e-02
-4.1155983295879495e-02
-4.2723906518644057e-02
-4.4379823088594644e-02
-4.6131198622310840e-02
-4.7983507163936866e-02
-4.9946224768762003e-02
-5.2027997049899119e-02
-5.4237030790876141e-02
-5.6585744684045730e-02
-5.9084697127497171e-02
-6.1746827798308902e-02
-6.4587791437563935e-02
-6.7621355308823738e-02
-7.0867095224461829e-02
-7.4344907218570871e-02
-7.8075114282546806e-02
-8.2085147797547026e-02
-8.6401454934426553e-02
-9.1055881573340866e-02
-9.6085994487776785e-02
-1.0152919780575807e-01
-1.0743483030397190e-01
-1.1385532322468962e-01
-1.2084911270343113e-01
-1.2848588374274861e-01
-1.3684632854937442e-01
-1.4602585512533708e-01
-1.5613540291781242e-01
-1.6729811096145389e-01
-1.7967018506660673e-01
-1.9342753053172315e-01
-2.0878228698347157e-01
-2.2599341527730724e-01
-2.4536165582590197e-01
-2.6726706458482846e-01
-2.9216616132452200e-01
-3.2062087126535638e-01
-3.5334370780987018e-01
-3.9121412747462542e-01
-4.3536880626198859e-01
-4.8725643015137715e-01
-5.4871146419472627e-01
-6.2230610552922061e-01
-7.1141238973324961e-01
-8.2068029112967866e-01
-9.5662140279252472e-01
-1.1283817181305578e+00
-1.3496125336115805e+00
-1.6412200478027730e+00
-2.0353481342956181e+00
-2.5855175885415846e+00
-3.3817546387284811e+00
-4.5873613108329598e+00
-6.5039672729205726e+00
-9.6733388922370231e+00
-1.4585970772789132e+01
-1.8264568690876985e+01
0.0000000000000000e+00
2.4055929233035767e-01
0.0000000000000000e+00
0.0000000000000000e+00
];
