%Vec Object:sol 1 MPI processes
%  type: mpi
sol = [
0.0000000000000000e+00
-4.1251491841126082e+01
-2.4285049119502101e+01
-1.3041371187389091e+01
-7.6492157016683011e+00
-4.9312187887839940e+00
-3.4168377452004743e+00
-2.4975606546576921e+00
-1.9017784541844922e+00
-1.4945216401279253e+00
-1.2048438552514358e+00
-9.9147873185578173e-01
-8.2985614611275449e-01
-7.0469519945822368e-01
-6.0578815821746501e-01
-5.2629230426787077e-01
-4.6149913500719719e-01
-4.0798704673895902e-01
-3.6324004355516598e-01
-3.2549705389144601e-01
-2.9335562988549235e-01
-2.6572540413409695e-01
-2.4184127077920339e-01
-2.2106147536876072e-01
-2.0284820719103275e-01
-1.8680259044812231e-01
-1.7260649037795606e-01
-1.5997728850635229e-01
-1.4868402989984839e-01
-1.3856031450473977e-01
-1.2944869439707221e-01
-1.2120211804328158e-01
-1.1373094805996177e-01
-1.0694146449122796e-01
-1.0073954111668738e-01
-9.5069521870044318e-02
-8.9874535814946713e-02
-8.5094926657345971e-02
-8.0690549315987584e-02
-7.6627323299966493e-02
-7.2866526169537288e-02
-6.9377370944341793e-02
-6.6139548685438476e-02
-6.3127501921649939e-02
-6.0316495697016706e-02
-5.7694747499133350e-02
-5.5245212070958991e-02
-5.2947336391490338e-02
-5.0794704991805044e-02
-4.8775464397657030e-02
-4.6873431552899802e-02
-4.5084297655944405e-02
-4.3399780315549925e-02
-4.1807998817067898e-02
-4.0304877503488830e-02
-3.8884969784072049e-02
-3.7539447678905706e-02
-3.6264453587229739e-02
-3.5056485359073616e-02
-3.3908909120786930e-02
-3.2818096464778714e-02
-3.1781882531662059e-02
-3.0795226189328364e-02
-2.9854746370140507e-02
-2.8959194961527331e-02
-2.8104701136555756e-02
-2.7288163684442954e-02
-2.6508777879136320e-02
-2.5763652524622992e-02
-2.5049996242820585e-02
-2.4367606270546110e-02
-2.3714095053136427e-02
-2.3086901497090379e-02
-2.2486095243119005e-02
-2.1909755938712583e-02
-2.1355605840021351e-02
-2.0823883056109677e-02
-2.0313011518157301e-02
-1.9820994009496187e-02
-1.9348162462974015e-02
-1.8893193135508451e-02
-1.8454363265394506e-02
-1.8032045471273496e-02
-1.7625099186837676e-02
-1.7232067751738377e-02
-1.6853326658668719e-02
-1.6487866247801766e-02
-1.6134485947225271e-02
-1.5793537554136115e-02
-1.5464102691917204e-02
-1.5145225841705233e-02
-1.4837216645426228e-02
-1.4539217854832580e-02
-1.4250507342224057e-02
-1.3971340180061824e-02
-1.3700897380159057e-02
-1.3438678371146031e-02
-1.3184875441590544e-02
-1.2938690437960799e-02
-1.2699832483364218e-02
-1.2721500161995919e-02
-1.3004477103795419e-02
-1.3296635810714301e-02
-1.3598722501411035e-02
-1.3910532860194154e-02
-1.4232871775327402e-02
-1.4566473330660966e-02
-1.4911064942418244e-02
-1.5267768999777519e-02
-1.5637303497924596e-02
-1.6019316526441167e-02
-1.6415312355827851e-02
-1.6825866034530068e-02
-1.7250906542162308e-02
-1.7692024725396948e-02
-1.8149724023668976e-02
-1.8624355979238057e-02
-1.9117536138117289e-02
-1.9629714326003508e-02
-2.0161755198535549e-02
-2.0715307406496998e-02
-2.1290765250878942e-02
-2.1889616584881894e-02
-2.2513556990570577e-02
-2.3162927063454037e-02
-2.3839973282870353e-02
-2.4546385395207169e-02
-2.5282680504460878e-02
-2.6051809314647116e-02
-2.6855327228768908e-02
-2.7694650537932762e-02
-2.8572939243444666e-02
-2.9491834519979641e-02
-3.0453875590102236e-02
-3.1462506709712873e-02
-3.2519513908843146e-02
-3.3628847494229758e-02
-3.4794297016710017e-02
-3.6018027654223211e-02
-3.7305634612733195e-02
-3.8661018211256885e-02
-4.0088185760500002e-02
-4.1593554634500644e-02
-4.3181694229657931e-02
-4.4859019345433161e-02
-4.6633094783641110e-02
-4.8509476705797229e-02
-5.0497765250888615e-02
-5.2606725173414290e-02
-5.4844680954185418e-02
-5.7224215082111625e-02
-5.9756034908607980e-02
-6.2453257402757471e-02
-6.5331747647024180e-02
-6.8405468594927812e-02
-7.1694258208925624e-02
-7.5218284700215715e-02
-7.8998154327724154e-02
-8.3061665746608698e-02
-8.7435631443459200e-02
-9.2152330366277541e-02
-9.7249835866533782e-02
-1.0276606836699308e-01
-1.0875102816357576e-01
-1.1525785539558585e-01
-1.2234616137879628e-01
-1.3009011633493306e-01
-1.3856864137802435e-01
-1.4787840353006590e-01
-1.5813203578929599e-01
-1.6945458768885860e-01
-1.8200466149955935e-01
-1.9595431781431222e-01
-2.1151971579444503e-01
-2.2896669751111570e-01
-2.4859999329571200e-01
-2.7080465815595617e-01
-2.9604318917361738e-01
-3.2488482099616556e-01
-3.5805126161573309e-01
-3.9643323542812287e-01
-4.4118184898022411e-01
-4.9377351500483502e-01
-5.5612495970544928e-01
-6.3075556248235076e-01
-7.2104795893133955e-01
-8.3175657382921631e-01
-9.6947043896116414e-01
-1.1436091812053377e+00
-1.3677713507849030e+00
-1.6630570755857983e+00
-2.0624646091962520e+00
-2.6193335256806014e+00
-3.4255897446658463e+00
-4.6458839574799482e+00
-6.5860313515432907e+00
-9.7938892887927036e+00
-1.4774063645346644e+01
-1.8517947635138210e+01
0.0000000000000000e+00
2.4055929233035767e-01
0.0000000000000000e+00
0.0000000000000000e+00
];
