%Vec Object:sol 1 MPI processes
%  type: mpi
sol = [
0.0000000000000000e+00
-4.8064284902470270e+01
-2.5908174936280577e+01
-1.3192765963968041e+01
-7.5054522438481790e+00
-4.7250433372691383e+00
-3.2039052906664525e+00
-2.2942468653163046e+00
-1.7115052484481583e+00
-1.3181771060303094e+00
-1.0411844798971310e+00
-8.3940887686870602e-01
-6.8837785519000738e-01
-5.7267728826459374e-01
-4.8219074024835784e-01
-4.1021258646632486e-01
-3.5217964987049455e-01
-3.0477033490138961e-01
-2.6556366554674610e-01
-2.3285356728333040e-01
-2.0531680311130560e-01
-1.8191211266265858e-01
-1.6190135714291953e-01
-1.4468131656379102e-01
-1.2975679082193045e-01
-1.1675550104467565e-01
-1.0537996895212676e-01
-9.5373785957286822e-02
-8.6528907501282865e-02
-7.8688987125198631e-02
-7.1712590224410774e-02
-6.5473393508363398e-02
-5.9885381348140712e-02
-5.4865379819607006e-02
-5.0335314058856939e-02
-4.6242400057855480e-02
-4.2536251419519153e-02
-3.9168237182272539e-02
-3.6102519344526567e-02
-3.3308202118642202e-02
-3.0754083446783310e-02
-2.8414686314583826e-02
-2.6270679054776414e-02
-2.4301556122858132e-02
-2.2488529006624139e-02
-2.0819327729349701e-02
-1.9280199216367182e-02
-1.7856905808235370e-02
-1.6541585433521137e-02
-1.5324676601997475e-02
-1.4195691925454588e-02
-1.3149015988902125e-02
-1.2178020750720558e-02
-1.1275107209928008e-02
-1.0435954404791933e-02
-9.6558809483162401e-03
-8.9294681500136103e-03
-8.2532037860941765e-03
-7.6238785866307402e-03
-7.0375208323925076e-03
-6.4912604536071731e-03
-5.9830383858955494e-03
-5.5096688983862826e-03
-5.0691789854594880e-03
-4.6598497067843912e-03
-4.2796131582206326e-03
-3.9266616809797549e-03
-3.5999671707040164e-03
-3.2979396185111110e-03
-3.0191362371535194e-03
-2.7628837879568103e-03
-2.5279630203457531e-03
-2.3131509228598761e-03
-2.1179604119669453e-03
-1.9413420678786382e-03
-1.7821130059098142e-03
-1.6397650678905535e-03
-1.5131859151627522e-03
-1.4010403195661412e-03
-1.3026243703754606e-03
-1.2166306345460748e-03
-1.1415470684086012e-03
-1.0765219761023589e-03
-1.0201937685129052e-03
-9.7112129912268216e-04
-9.2857073828993004e-04
-8.9140594266407826e-04
-8.5852561807152588e-04
-8.2949506651522147e-04
-8.0352021473931114e-04
-7.7989459326162250e-04
-7.5845698485486716e-04
-7.3868928271776874e-04
-7.2019025565560617e-04
-7.0296172361684699e-04
-6.8665067848871651e-04
-6.7105787323185593e-04
-6.5625461226923227e-04
-6.4197119692016808e-04
-6.2814022208561087e-04
-6.2726318686141889e-04
-6.3906341897198302e-04
-6.5115694648343867e-04
-6.6365475054415814e-04
-6.7632534196184228e-04
-6.8929279325695371e-04
-7.0264335298384211e-04
-7.1610318565161067e-04
-7.2988279177283453e-04
-7.4403581209832564e-04
-7.5823544177899458e-04
-7.7279204399497759e-04
-7.8767547342679782e-04
-8.0262291936498108e-04
-8.1793236047598278e-04
-8.3350660501119449e-04
-8.4918462546884491e-04
-8.6522088813364940e-04
-8.8144659298249463e-04
-8.9782038897071406e-04
-9.1454407969928481e-04
-9.3136269378868452e-04
-9.4837628657667950e-04
-9.6572319326158082e-04
-9.8304427841988304e-04
-1.0006084219528729e-03
-1.0184512983959833e-03
-1.0361645658227270e-03
-1.0541433950443677e-03
-1.0722471091918222e-03
-1.0902390202559777e-03
-1.1084372236776735e-03
-1.1265625655372535e-03
-1.1445936896369061e-03
-1.1627587423924616e-03
-1.1806165009471533e-03
-1.1984344763300795e-03
-1.2163473491792185e-03
-1.2338296248136016e-03
-1.2515916918578931e-03
-1.2697453263928284e-03
-1.2886093973413927e-03
-1.3098589735104770e-03
-1.3354279788921918e-03
-1.3699355467549981e-03
-1.4221263918886987e-03
-1.5061401545296900e-03
-1.6462097256849061e-03
-1.8739653224376903e-03
-2.2219195080063971e-03
-2.7147535039307594e-03
-3.3628861278789442e-03
-4.1686291325435752e-03
-5.1316511031009550e-03
-6.2531657377140060e-03
-7.5383927568500571e-03
-8.9959147125390597e-03
-1.0636661916734522e-02
-1.2477095019739041e-02
-1.4535258506688242e-02
-1.6834181301814796e-02
-1.9400845825039401e-02
-2.2265869702820924e-02
-2.5466559028358843e-02
-2.9045510239242060e-02
-3.3051947317387635e-02
-3.7545099707366469e-02
-4.2592353099364551e-02
-4.8274488150319761e-02
-5.4687041998845762e-02
-6.1940725456525236e-02
-7.0171686682850121e-02
-7.9539624670473569e-02
-9.0237777510023418e-02
-1.0250264033291991e-01
-1.1661734882090756e-01
-1.3293659456692536e-01
-1.5189552138353124e-01
-1.7403613336520815e-01
-2.0004810108809309e-01
-2.3079933597278354e-01
-2.6741611531434456e-01
-3.1136164415465145e-01
-3.6455919758974031e-01
-4.2960088409514302e-01
-5.0999430176831240e-01
-6.1061694510368236e-01
-7.3824296392404121e-01
-9.0287680621367083e-01
-1.1193488317213569e+00
-1.4103484043657046e+00
-1.8113377804400919e+00
-2.3819825618114727e+00
-3.2236692397129376e+00
-4.5217795105859340e+00
-6.6249618581481124e+00
-1.0176847843129828e+01
-1.5890678508941429e+01
-2.0632320602597868e+01
0.0000000000000000e+00
2.4055929233035767e-01
0.0000000000000000e+00
0.0000000000000000e+00
];
