%Vec Object:sol 1 MPI processes
%  type: mpi
sol = [
0.0000000000000000e+00
-4.2537985173931112e+01
-2.4700324237993481e+01
-1.3158394670320259e+01
-7.6945142199510794e+00
-4.9527295364930444e+00
-3.4287306669344884e+00
-2.5055725985721220e+00
-1.9065719408904291e+00
-1.4981004702652996e+00
-1.2073844990032572e+00
-9.9316907940662269e-01
-8.3114231504672920e-01
-7.0571142100049356e-01
-6.0659445296257830e-01
-5.2690695840409540e-01
-4.6192484166786635e-01
-4.0826873985777218e-01
-3.6341032233395726e-01
-3.2558034745836195e-01
-2.9338835114543121e-01
-2.6572127946668522e-01
-2.4180627738161986e-01
-2.2100051985911448e-01
-2.0276527805568870e-01
-1.8670102716285564e-01
-1.7248911388552904e-01
-1.5984644778643622e-01
-1.4854169608348342e-01
-1.3840819120350722e-01
-1.2928822772926574e-01
-1.2103452298460797e-01
-1.1355649595048307e-01
-1.0675886485380107e-01
-1.0055009300988320e-01
-9.4874342792884842e-02
-8.9674580903015250e-02
-8.4891011478802514e-02
-8.0483377386680002e-02
-7.6417500441857855e-02
-7.2654575481309006e-02
-6.9163746683836722e-02
-6.5924641793527763e-02
-6.2911652096955151e-02
-6.0100002410273010e-02
-5.7477865488313656e-02
-5.5028162458814166e-02
-5.2730320196160800e-02
-5.0577888481027733e-02
-4.8558991008644893e-02
-4.6657436659019558e-02
-4.4868889763944084e-02
-4.3185051677318086e-02
-4.1594038852725009e-02
-4.0091757112584517e-02
-3.8672746616576374e-02
-3.7328179338651603e-02
-3.6054185829302379e-02
-3.4847252182844950e-02
-3.3700745851492984e-02
-3.2611031882191222e-02
-3.1575934356986357e-02
-3.0590414020139629e-02
-2.9651087375069964e-02
-2.8756697115292627e-02
-2.7903369480977748e-02
-2.7087987802931909e-02
-2.6309920375374281e-02
-2.5566150489497588e-02
-2.4853839226210116e-02
-2.4172774137218089e-02
-2.3520570863701015e-02
-2.2894673882792000e-02
-2.2295143484137931e-02
-2.1720062197345791e-02
-2.1167158584885420e-02
-2.0636661454547740e-02
-2.0126997445762615e-02
-1.9636175933036449e-02
-1.9164519758721361e-02
-1.8710707855906100e-02
-1.8273023948378615e-02
-1.7851831917425478e-02
-1.7445993974370088e-02
-1.7054059495397383e-02
-1.6676395723852235e-02
-1.6311996005182964e-02
-1.5959665061668692e-02
-1.5619747042847148e-02
-1.5291326917489087e-02
-1.4973453461764831e-02
-1.4666429378515866e-02
-1.4369401208598932e-02
-1.4081649902862486e-02
-1.3803424390093636e-02
-1.3533910007520208e-02
-1.3272607858813599e-02
-1.3019704959866502e-02
-1.2774408099167384e-02
-1.2536426507496394e-02
-1.2555655923360158e-02
-1.2832736645296508e-02
-1.3118781196577162e-02
-1.3414521938202370e-02
-1.3719751152133612e-02
-1.4035258652534003e-02
-1.4361763652316813e-02
-1.4698990338449024e-02
-1.5048040975217145e-02
-1.5409617602676206e-02
-1.5783365337256203e-02
-1.6170761993545845e-02
-1.6572367078087347e-02
-1.6988102115660153e-02
-1.7419528415724143e-02
-1.7867133346856343e-02
-1.8331254134142508e-02
-1.8813474224331512e-02
-1.9314226454479087e-02
-1.9834352370393743e-02
-2.0375465548701236e-02
-2.0937942214708655e-02
-2.1523235870796395e-02
-2.2133003503496403e-02
-2.2767566249237731e-02
-2.3429121954673910e-02
-2.4119318608917702e-02
-2.4838648574685689e-02
-2.5589999229694176e-02
-2.6374882626925274e-02
-2.7194672887402009e-02
-2.8052458512714758e-02
-2.8949831747846804e-02
-2.9889266987171040e-02
-3.0874126609753454e-02
-3.1906140309761244e-02
-3.2989163991006994e-02
-3.4126892679807404e-02
-3.5321422720414337e-02
-3.6578219498786299e-02
-3.7901076961056608e-02
-3.9293894389774806e-02
-4.0762934109151813e-02
-4.2312638183949237e-02
-4.3949259722232951e-02
-4.5680174328733163e-02
-4.7510782213434320e-02
-4.9450447301618364e-02
-5.1507708630875851e-02
-5.3690662853795063e-02
-5.6011574992211439e-02
-5.8480879478545231e-02
-6.1111383827246582e-02
-6.3918451104106683e-02
-6.6915828331036237e-02
-7.0122717121244363e-02
-7.3557870699591424e-02
-7.7241602329275877e-02
-8.1201459589023472e-02
-8.5463520203745910e-02
-9.0059192593102175e-02
-9.5025531142128430e-02
-1.0039940969169700e-01
-1.0622949267950918e-01
-1.1256747598525103e-01
-1.1947134285937604e-01
-1.2701326805902360e-01
-1.3527001182432344e-01
-1.4433562173287837e-01
-1.5431967479594780e-01
-1.6534379222106330e-01
-1.7756227835445576e-01
-1.9114889233356411e-01
-2.0631320018695692e-01
-2.2331103981988393e-01
-2.4243953005218555e-01
-2.6407418879990063e-01
-2.8866610734973286e-01
-3.1677057025715288e-01
-3.4909173472736688e-01
-3.8649428263324315e-01
-4.3006311520136087e-01
-4.8126591917311901e-01
-5.4196815269581256e-01
-6.1466726642941427e-01
-7.0269760266326775e-01
-8.1065787211207296e-01
-9.4491205783222232e-01
-1.1145152199607695e+00
-1.3331624618636777e+00
-1.6213554879321086e+00
-2.0107542591363776e+00
-2.5545138771534690e+00
-3.3419257466297974e+00
-4.5340602150413938e+00
-6.4291954396351789e+00
-9.5632453045159611e+00
-1.4413770350389733e+01
-1.8032389848532638e+01
0.0000000000000000e+00
2.4055929233035767e-01
0.0000000000000000e+00
0.0000000000000000e+00
];
