%Vec Object:sol 1 MPI processes
%  type: mpi
sol = [
0.0000000000000000e+00
-7.8152900622403379e+01
-3.5621866480728443e+01
-1.6926965560082408e+01
-9.4509331764694053e+00
-5.9448349911617342e+00
-4.0607714859316584e+00
-2.9409657189051774e+00
-2.2244330854433261e+00
-1.7393341902823900e+00
-1.3966395380107661e+00
-1.1452261388947047e+00
-9.5577941987318360e-01
-8.0960106780264629e-01
-6.9440303528071567e-01
-6.0200052392670378e-01
-5.2679739228300548e-01
-4.6481128777948011e-01
-4.1307036507099426e-01
-3.6949807943161089e-01
-3.3246742445054772e-01
-3.0067988007898133e-01
-2.7323352867510919e-01
-2.4938012132237028e-01
-2.2849416478929338e-01
-2.1011174915762756e-01
-1.9386313203737421e-01
-1.7941765925423447e-01
-1.6650745801033012e-01
-1.5494441763140845e-01
-1.4454619994126286e-01
-1.3514310834236662e-01
-1.2663096541810448e-01
-1.1890148127367814e-01
-1.1184642813792524e-01
-1.0540124707317337e-01
-9.9500303835354076e-02
-9.4075151967409162e-02
-8.9079459566413388e-02
-8.4473859740238230e-02
-8.0213991934616924e-02
-7.6264530204536982e-02
-7.2601937431022529e-02
-6.9196958482807353e-02
-6.6021386631260393e-02
-6.3061462459092193e-02
-6.0297671782211362e-02
-5.7706725499344712e-02
-5.5281005187240835e-02
-5.3006941787317234e-02
-5.0866278556464146e-02
-4.8853859332899194e-02
-4.6960196098500939e-02
-4.5171913490108795e-02
-4.3484217650379214e-02
-4.1890837817176507e-02
-4.0381853503204397e-02
-3.8952793325154264e-02
-3.7599587882216054e-02
-3.6314794012400280e-02
-3.5094257633877406e-02
-3.3935420795894206e-02
-3.2832635065650345e-02
-3.1782069667462158e-02
-3.0782203522925700e-02
-2.9828699241063496e-02
-2.8918056025491787e-02
-2.8049459096948632e-02
-2.7219534134189635e-02
-2.6425114298446864e-02
-2.5665858782427085e-02
-2.4939103498124490e-02
-2.4242015018434149e-02
-2.3574562107047548e-02
-2.2934605273957850e-02
-2.2319639553544823e-02
-2.1729826702520143e-02
-2.1163414471133221e-02
-2.0618217855321717e-02
-2.0094508653513549e-02
-1.9590819469805707e-02
-1.9105273971564047e-02
-1.8638195199264865e-02
-1.8188323893766484e-02
-1.7754079203032385e-02
-1.7335793855727529e-02
-1.6932358982138414e-02
-1.6542474764853918e-02
-1.6166454593248711e-02
-1.5803296385666969e-02
-1.5451966225901127e-02
-1.5112738222043412e-02
-1.4784684069833997e-02
-1.4467020355402730e-02
-1.4159968626400106e-02
-1.3862649453063076e-02
-1.3574514668529823e-02
-1.3295724635242119e-02
-1.3025429934691558e-02
-1.2763302620312495e-02
-1.2763350930010660e-02
-1.3025019616059589e-02
-1.3294867989929883e-02
-1.3573595847961827e-02
-1.3860940107079474e-02
-1.4157654306912138e-02
-1.4464414331771244e-02
-1.4780881993985012e-02
-1.5108116679427882e-02
-1.5446765121198308e-02
-1.5796402373278409e-02
-1.6158453061481521e-02
-1.6533407183009028e-02
-1.6921110112537240e-02
-1.7323052402770663e-02
-1.7739637899916449e-02
-1.8171117410886881e-02
-1.8618982904732143e-02
-1.9083568187942750e-02
-1.9565611729532084e-02
-2.0066612105226134e-02
-2.0586829135169106e-02
-2.1127587348825364e-02
-2.1690414585829786e-02
-2.2275483827087095e-02
-2.2884780770316471e-02
-2.3519791377572128e-02
-2.4180841967096935e-02
-2.4870581052341151e-02
-2.5590361734863069e-02
-2.6341344126066722e-02
-2.7126350272583765e-02
-2.7946722493682498e-02
-2.8804650664888267e-02
-2.9703167438723307e-02
-3.0643699396335326e-02
-3.1629718153678321e-02
-3.2664511314650931e-02
-3.3749798912869972e-02
-3.4890527650337559e-02
-3.6090000804889839e-02
-3.7351593631435004e-02
-3.8680915463526179e-02
-4.0081791619759999e-02
-4.1559742517802797e-02
-4.3121312577899862e-02
-4.4771114103406277e-02
-4.6517483744138825e-02
-4.8367906616380761e-02
-5.0329393258320421e-02
-5.2412832645155824e-02
-5.4627283244850403e-02
-5.6983947080552440e-02
-5.9496453527739641e-02
-6.2176563139480369e-02
-6.5041319788187377e-02
-6.8107916716670144e-02
-7.1393795564797705e-02
-7.4922799842527685e-02
-7.8717663482528802e-02
-8.2805887330106007e-02
-8.7219979381367385e-02
-9.1992023529892317e-02
-9.7164732149682048e-02
-1.0278327217654633e-01
-1.0889824083921774e-01
-1.1557286724060252e-01
-1.2287409072466601e-01
-1.3088415314020777e-01
-1.3969884485575840e-01
-1.4942420862055550e-01
-1.6019523466664981e-01
-1.7216357588897430e-01
-1.8551224865185267e-01
-2.0046482652945391e-01
-2.1728058718864612e-01
-2.3628774272136918e-01
-2.5787271261831535e-01
-2.8251551720816698e-01
-3.1083829217074738e-01
-3.4359868113780845e-01
-3.8177659288713378e-01
-4.2662911923676494e-01
-4.7978873865839211e-01
-5.4344253535598430e-01
-6.2051158226140712e-01
-7.1499103030794242e-01
-8.3243947716396660e-01
-9.8098523273591753e-01
-1.1725597484204442e+00
-1.4250622285544354e+00
-1.7667345645779848e+00
-2.2441857193998369e+00
-2.9363992776898642e+00
-3.9853779826402409e+00
-5.6532772448984110e+00
-8.3993175935145228e+00
-1.2571392203357846e+01
-1.5537510372988717e+01
0.0000000000000000e+00
1.3464638167935297e-01
0.0000000000000000e+00
0.0000000000000000e+00
];
