%Vec Object:sol 1 MPI processes
%  type: mpi
sol = [
0.0000000000000000e+00
-4.1604032605243219e+01
-2.4400527489573150e+01
-1.3074735964975140e+01
-7.6624479342062628e+00
-4.9370965283160615e+00
-3.4201874287977860e+00
-2.4997349642994893e+00
-1.9030702734222176e+00
-1.4954846604300214e+00
-1.2055809167373408e+00
-9.9196199567238985e-01
-8.3019501310859523e-01
-7.0496179590477348e-01
-6.0599857167311910e-01
-5.2645831545341915e-01
-4.6162961652283624e-01
-4.0808873878111307e-01
-3.6330758770100302e-01
-3.2551687552546194e-01
-2.9335742477525545e-01
-2.6571759716831034e-01
-2.4182543707682430e-01
-2.2103890745027169e-01
-2.0281995505497952e-01
-1.8676953284990735e-01
-1.7256936916187093e-01
-1.5993672090228273e-01
-1.4864053346050862e-01
-1.3851433607782423e-01
-1.2940061294705041e-01
-1.2115225159373000e-01
-1.1367957567146042e-01
-1.0688882562023001e-01
-1.0068583915598381e-01
-9.5014935333878586e-02
-8.9819219376320758e-02
-8.5039013769677971e-02
-8.0634156701060125e-02
-7.6570552575425860e-02
-7.2809465997878173e-02
-6.9320099224067858e-02
-6.6082132860410883e-02
-6.3070001143976553e-02
-6.0258962879780512e-02
-5.7637227550604686e-02
-5.5187744209283171e-02
-5.2889957160046228e-02
-5.0737444143226354e-02
-4.8718346826622475e-02
-4.6816484803784440e-02
-4.5027564844006593e-02
-4.3342793843851792e-02
-4.1750777251050177e-02
-4.0247483098160369e-02
-3.8827456782848643e-02
-3.7481866399068996e-02
-3.6206847701405316e-02
-3.4998892249662933e-02
-3.3851363819726331e-02
-3.2760629797799909e-02
-3.1724520095403136e-02
-3.0737992144113910e-02
-2.9797662485993765e-02
-2.8902280004885064e-02
-2.8047968025883167e-02
-2.7231608150551759e-02
-2.6452575144439276e-02
-2.5707849754652304e-02
-2.4994590018110451e-02
-2.4312590146221117e-02
-2.3659463540311128e-02
-2.3032650730558036e-02
-2.2432218740169371e-02
-2.1856248072409917e-02
-2.1302462804850354e-02
-2.0771098439920026e-02
-2.0260579706759842e-02
-1.9768911281840461e-02
-1.9296422549029094e-02
-1.8841790547469869e-02
-1.8403294371365047e-02
-1.7981304189038323e-02
-1.7574680239758351e-02
-1.7181967586277939e-02
-1.6803539408117577e-02
-1.6438386910962621e-02
-1.6085311031657591e-02
-1.5744661423644328e-02
-1.5415520668121680e-02
-1.5096934469396736e-02
-1.4789210525210175e-02
-1.4491492667076404e-02
-1.4203059644730199e-02
-1.3924164810396307e-02
-1.3653990403957020e-02
-1.3392036334083424e-02
-1.3138493414187833e-02
-1.2892564889857371e-02
-1.2653959921688043e-02
-1.2674950036652565e-02
-1.2956279059675958e-02
-1.3246729078505874e-02
-1.3547042442533642e-02
-1.3857013906133614e-02
-1.4177444149102858e-02
-1.4509063106709118e-02
-1.4851597317197665e-02
-1.5206163548786582e-02
-1.5573475349567897e-02
-1.5953180006809085e-02
-1.6346774400321656e-02
-1.6754829253762399e-02
-1.7177271491691126e-02
-1.7615683714334439e-02
-1.8070564894833569e-02
-1.8542262602202410e-02
-1.9032383427439094e-02
-1.9541372480323206e-02
-2.0070087986955445e-02
-2.0620168820431169e-02
-2.1192004269991641e-02
-2.1787072620783342e-02
-2.2407058703376760e-02
-2.3052297724267413e-02
-2.3725022609158673e-02
-2.4426911482206416e-02
-2.5158474591804734e-02
-2.5922644993057197e-02
-2.6720966037406521e-02
-2.7554842299289856e-02
-2.8427413865564681e-02
-2.9340308317768914e-02
-3.0296046844971568e-02
-3.1298050911903970e-02
-3.2348090907630453e-02
-3.3450090865841269e-02
-3.4607814049061700e-02
-3.5823406502360558e-02
-3.7102427091900779e-02
-3.8448747082355988e-02
-3.9866343479259429e-02
-4.1361590443274601e-02
-4.2939022312452738e-02
-4.4605008563124500e-02
-4.6367061497817982e-02
-4.8230693834285764e-02
-5.0205440031956199e-02
-5.2300001796842410e-02
-5.4522641337229935e-02
-5.6885854450209140e-02
-5.9400269676680495e-02
-6.2078910172160419e-02
-6.4937529710689820e-02
-6.7989987720765491e-02
-7.1255983446190635e-02
-7.4755541106511322e-02
-7.8509117082351518e-02
-8.2544315714358205e-02
-8.6887756238235456e-02
-9.1571488500524392e-02
-9.6633317818092604e-02
-1.0211089161556579e-01
-1.0805386020976265e-01
-1.1451498766045443e-01
-1.2155346297528510e-01
-1.2924293827722863e-01
-1.3766177779062680e-01
-1.4690597259053373e-01
-1.5708299352266408e-01
-1.6831789518215068e-01
-1.8076996478672597e-01
-1.9461622269450682e-01
-2.1007014549046005e-01
-2.2739231615135286e-01
-2.4688535556366339e-01
-2.6893167583194577e-01
-2.9399061429592688e-01
-3.2262754203078303e-01
-3.5555930735416913e-01
-3.9367068005191619e-01
-4.3810514097636716e-01
-4.9032941415344677e-01
-5.5222387680784524e-01
-6.2628388452199957e-01
-7.1594908910506383e-01
-8.2589598982856149e-01
-9.6267273450944035e-01
-1.1355952386241381e+00
-1.3581659744753265e+00
-1.6515083985270176e+00
-2.0481256939966279e+00
-2.6014571307826859e+00
-3.4024225807140920e+00
-4.6149650763013748e+00
-6.5426926297721799e+00
-9.7302643592543330e+00
-1.4674854658598099e+01
-1.8384337871114923e+01
0.0000000000000000e+00
2.4055929233035767e-01
0.0000000000000000e+00
0.0000000000000000e+00
];
