%Vec Object:sol 1 MPI processes
%  type: mpi
sol = [
0.0000000000000000e+00
-8.0760493320905169e+01
-3.5972126881016628e+01
-1.6969608360835974e+01
-9.4491012041779996e+00
-5.9378486022281756e+00
-4.0535119918957081e+00
-2.9348791615767360e+00
-2.2191092659711504e+00
-1.7348912176830678e+00
-1.3926694590911568e+00
-1.1419873512131438e+00
-9.5290815001553775e-01
-8.0701002526351251e-01
-6.9205353117235846e-01
-5.9988880595530247e-01
-5.2493295607299728e-01
-4.6313228231662473e-01
-4.1151406604868207e-01
-3.6804968407994998e-01
-3.3111437047666370e-01
-2.9941141819205397e-01
-2.7204051817901920e-01
-2.4825471053941423e-01
-2.2742956366360123e-01
-2.0910207544405673e-01
-1.9290327026232643e-01
-1.7850621443181078e-01
-1.6564405645322164e-01
-1.5412418920470075e-01
-1.4376494803088960e-01
-1.3439720829779456e-01
-1.2591724296422271e-01
-1.1821715008088138e-01
-1.1118864358314841e-01
-1.0476563294358351e-01
-9.8885367833386903e-02
-9.3479555136949527e-02
-8.8501977579072258e-02
-8.3913365951664556e-02
-7.9669466946520856e-02
-7.5735044037050850e-02
-7.2086620736113424e-02
-6.8695017085502005e-02
-6.5532102109339407e-02
-6.2584151125418278e-02
-5.9831702134666334e-02
-5.7251534575401344e-02
-5.4836046272054816e-02
-5.2571705474730702e-02
-5.0440314440584479e-02
-4.8436725656691437e-02
-4.6551477578971642e-02
-4.4771241265074348e-02
-4.3091232329221137e-02
-4.1505196564272012e-02
-4.0003250151706096e-02
-3.8580932611617130e-02
-3.7234183574782656e-02
-3.5955588926703835e-02
-3.4741007003399424e-02
-3.3587883214806429e-02
-3.2490592254099844e-02
-3.1445317016707088e-02
-3.0450535558355838e-02
-2.9501929018387482e-02
-2.8596011128452229e-02
-2.7731963172029819e-02
-2.6906425814049621e-02
-2.6116247201100659e-02
-2.5361080392024161e-02
-2.4638273579337434e-02
-2.3945008358799962e-02
-2.3281245883260204e-02
-2.2644856928602561e-02
-2.2033351194145640e-02
-2.1446881909505982e-02
-2.0883705636744253e-02
-2.0341651302909148e-02
-1.9820981733484969e-02
-1.9320237357405342e-02
-1.8837554708832600e-02
-1.8373247776983168e-02
-1.7926064524214462e-02
-1.7494435599488736e-02
-1.7078684913859919e-02
-1.6677710538789674e-02
-1.6290222534073077e-02
-1.5916525949354485e-02
-1.5555625629805531e-02
-1.5206495680912292e-02
-1.4869402561241446e-02
-1.4543425107091099e-02
-1.4227785876508893e-02
-1.3922699620413466e-02
-1.3627294454050040e-02
-1.3341025961846435e-02
-1.3064048701352637e-02
-1.2795521363449042e-02
-1.2535117381158287e-02
-1.2532243324613982e-02
-1.2786172351758350e-02
-1.3047988160004876e-02
-1.3318371577085035e-02
-1.3597054702732115e-02
-1.3884770388736367e-02
-1.4182174121668101e-02
-1.4488923007576463e-02
-1.4806048843758106e-02
-1.5134176404442284e-02
-1.5472876223193431e-02
-1.5823536696990770e-02
-1.6186626274207826e-02
-1.6561979577532498e-02
-1.6951046633936859e-02
-1.7354208813213881e-02
-1.7771696714265890e-02
-1.8204958139217797e-02
-1.8654302960524685e-02
-1.9120437225982459e-02
-1.9604810931175887e-02
-2.0107658127456182e-02
-2.0630255656604670e-02
-2.1174064587907358e-02
-2.1739241464500281e-02
-2.2327750760619443e-02
-2.2941008916969589e-02
-2.3579308651937567e-02
-2.4245235327186584e-02
-2.4940033653418858e-02
-2.5664804841498769e-02
-2.6422272430273178e-02
-2.7213710289306456e-02
-2.8041218216409914e-02
-2.8907715578392473e-02
-2.9814549646264957e-02
-3.0765061209117976e-02
-3.1762406478236464e-02
-3.2808208029254771e-02
-3.3907231709272505e-02
-3.5062634359068263e-02
-3.6277638104877163e-02
-3.7557636119801827e-02
-3.8906276015958065e-02
-4.0328850027736569e-02
-4.1831638589112596e-02
-4.3419032617956821e-02
-4.5099038476615859e-02
-4.6878822134042805e-02
-4.8765077119214191e-02
-5.0768254967165555e-02
-5.2897012364281744e-02
-5.5162080694293868e-02
-5.7576466401287302e-02
-6.0150603399178167e-02
-6.2901556857021812e-02
-6.5845767799932980e-02
-6.8999889897881125e-02
-7.2386752373170091e-02
-7.6028070127834857e-02
-7.9950137621099093e-02
-8.4184051250521613e-02
-8.8760443040756490e-02
-9.3720175073204209e-02
-9.9106412389790913e-02
-1.0496749539120580e-01
-1.1136388902035563e-01
-1.1835953765778431e-01
-1.2603305475726667e-01
-1.3447599806663119e-01
-1.4378966161334575e-01
-1.5410309393569044e-01
-1.6556119138022574e-01
-1.7833884147522125e-01
-1.9264972181810458e-01
-2.0874154608990655e-01
-2.2692799173362338e-01
-2.4758555870399276e-01
-2.7117774822769525e-01
-2.9829282868255702e-01
-3.2965662920105809e-01
-3.6618132817595211e-01
-4.0908314303416526e-01
-4.5992749583346115e-01
-5.2080596817087088e-01
-5.9451217243941423e-01
-6.8490222165999126e-01
-7.9738086566348365e-01
-9.3952045443406318e-01
-1.1228020809784234e+00
-1.3645712140305262e+00
-1.6918012847091592e+00
-2.1490730776253262e+00
-2.8121682405794397e+00
-3.8173520209707772e+00
-5.4155981175499024e+00
-8.0415646156746323e+00
-1.2000824817704698e+01
-1.4768880863006677e+01
0.0000000000000000e+00
1.3464638167935297e-01
0.0000000000000000e+00
0.0000000000000000e+00
];
