%Vec Object:sol 1 MPI processes
%  type: mpi
sol = [
0.0000000000000000e+00
-4.2754678827191668e+01
-2.4767235914306639e+01
-1.3177644852304741e+01
-7.7018128462932216e+00
-4.9563300534641366e+00
-3.4306960064556598e+00
-2.5067235267740009e+00
-1.9073765621873733e+00
-1.4986996684298965e+00
-1.2077410768924604e+00
-9.9344425425238636e-01
-8.3135719250936502e-01
-7.0588051982232958e-01
-6.0672810006545042e-01
-5.2696887845888873e-01
-4.6197011997243032e-01
-4.0830058342670145e-01
-3.6343119277952063e-01
-3.2559221436276292e-01
-2.9339277992987239e-01
-2.6571950373259468e-01
-2.4179931862711365e-01
-2.2098921482968117e-01
-2.0275030590897403e-01
-1.8668295530001058e-01
-1.7246842044002800e-01
-1.5982353025569998e-01
-1.4851688707382116e-01
-1.3838179206600176e-01
-1.2925697798245606e-01
-1.2099842311136758e-01
-1.1351721431303481e-01
-1.0671933034294834e-01
-1.0051038466357777e-01
-9.4834528935882026e-02
-8.9634719676395802e-02
-8.4851152423609688e-02
-8.0443562950038142e-02
-7.6377766546935386e-02
-7.2614952983800607e-02
-6.9124262177596332e-02
-6.5885317168403248e-02
-6.2872506077722948e-02
-6.0061051695925995e-02
-5.7439122938899259e-02
-5.4989638748762566e-02
-5.2692025790017583e-02
-5.0539830350223247e-02
-4.8521174564391374e-02
-4.6619868094772067e-02
-4.4831572335961141e-02
-4.3147987440064060e-02
-4.1557230829683767e-02
-4.0055206330932909e-02
-3.8636452919192973e-02
-3.7292143556662175e-02
-3.6018407606259517e-02
-3.4811729913421713e-02
-3.3665478851998665e-02
-3.2576018955157923e-02
-3.1541172963589652e-02
-3.0555902444118727e-02
-2.9616823924250052e-02
-2.8722678667202819e-02
-2.7869593632346302e-02
-2.7054452585501269e-02
-2.6276622322238236e-02
-2.5533086758395988e-02
-2.4821007713666712e-02
-2.4140171195638119e-02
-2.3488193393175670e-02
-2.2862519729125039e-02
-2.2263208931100800e-02
-2.1688344022036576e-02
-2.1135654631621675e-02
-2.0605368014589343e-02
-2.0095911273040650e-02
-1.9605294894636433e-02
-1.9133840204493661e-02
-1.8680226591711393e-02
-1.8242738873807982e-02
-1.7821739474429887e-02
-1.7416091076775306e-02
-1.7024344074047189e-02
-1.6646864334013314e-02
-1.6282645711053288e-02
-1.5930493818923318e-02
-1.5590751532532532e-02
-1.5262504385560828e-02
-1.4944801877436633e-02
-1.4637945555050698e-02
-1.4341082597502277e-02
-1.4053494474629721e-02
-1.3775429092352779e-02
-1.3506072514948658e-02
-1.3244926129839405e-02
-1.2992176075664687e-02
-1.2747029970227393e-02
-1.2509197065709996e-02
-1.2528022771859141e-02
-1.2804123660008384e-02
-1.3089152167449811e-02
-1.3383838350920671e-02
-1.3687973934178258e-02
-1.4002346225353041e-02
-1.4327671966078830e-02
-1.4663674815568007e-02
-1.5011453691560274e-02
-1.5371707984324422e-02
-1.5744082327153713e-02
-1.6130050134759332e-02
-1.6530168335617660e-02
-1.6944357226193932e-02
-1.7374173205709560e-02
-1.7820100979619037e-02
-1.8282475403468394e-02
-1.8762874590768440e-02
-1.9261728566279352e-02
-1.9779875044425087e-02
-2.0318921777711954e-02
-2.0879242002624886e-02
-2.1462283521850794e-02
-2.2069696916991614e-02
-2.2701800110902566e-02
-2.3360782877453166e-02
-2.4048286281619698e-02
-2.4764798599447881e-02
-2.5513196697037610e-02
-2.6294985446749627e-02
-2.7111531989526146e-02
-2.7965912964661502e-02
-2.8859712518842586e-02
-2.9795394304347838e-02
-3.0776307123987164e-02
-3.1804171354048359e-02
-3.2882827248186156e-02
-3.4015954173978173e-02
-3.5205637075613472e-02
-3.6457319639236686e-02
-3.7774778524420162e-02
-3.9161894915903953e-02
-4.0624905404700255e-02
-4.2168231246891966e-02
-4.3798098586797410e-02
-4.5521851869924745e-02
-4.7344865413449254e-02
-4.9276464295031325e-02
-5.1325148659159235e-02
-5.3498984369743728e-02
-5.5810194223807563e-02
-5.8268620990739151e-02
-6.0887007951047442e-02
-6.3681120525755100e-02
-6.6664468030273497e-02
-6.9856284304151986e-02
-7.3276107594112488e-02
-7.6943885568203765e-02
-8.0886566628581194e-02
-8.5130111743696210e-02
-8.9705790866360199e-02
-9.4650496370945816e-02
-1.0000093724145123e-01
-1.0580556640402414e-01
-1.1211585259792733e-01
-1.1898952408762932e-01
-1.2649844267961444e-01
-1.3471903248383779e-01
-1.4374493366265337e-01
-1.5368524968977945e-01
-1.6466107444449982e-01
-1.7682605144985900e-01
-1.9035319427564140e-01
-2.0545117490813944e-01
-2.2237474637659699e-01
-2.4141976977796212e-01
-2.6296018683427436e-01
-2.8744520372808974e-01
-3.1542779931824461e-01
-3.4760927131775743e-01
-3.8482010452094667e-01
-4.2819905794316820e-01
-4.7917985446621847e-01
-5.3962044805314913e-01
-6.1200835764914985e-01
-6.9966483710592575e-01
-8.0717079420087101e-01
-9.4079822923622136e-01
-1.1096948553274195e+00
-1.3274447928374322e+00
-1.6143687655706758e+00
-2.0022117153120988e+00
-2.5436983820387695e+00
-3.3280934956776602e+00
-4.5153430075783261e+00
-6.4032325167212010e+00
-9.5249935415124725e+00
-1.4353906484206354e+01
-1.7951706636621193e+01
0.0000000000000000e+00
2.4055929233035767e-01
0.0000000000000000e+00
0.0000000000000000e+00
];
