%Vec Object:sol 1 MPI processes
%  type: mpi
sol = [
0.0000000000000000e+00
-7.4936811370120850e+01
-3.5161606920257711e+01
-1.6876602088263230e+01
-9.4506119497462677e+00
-5.9540649671831671e+00
-4.0701082056652869e+00
-2.9489187285041920e+00
-2.2310244274727120e+00
-1.7450900401940306e+00
-1.4015086768824094e+00
-1.1494420624115465e+00
-9.5951100016233004e-01
-8.1293038443370302e-01
-6.9738161191683845e-01
-6.0463073561839742e-01
-5.2919553734029634e-01
-4.6701112496399944e-01
-4.1509946155800287e-01
-3.7137895881542765e-01
-3.3421874312922784e-01
-3.0231725810295518e-01
-2.7477005922901854e-01
-2.5082689739372094e-01
-2.2986065431132133e-01
-2.1139981012487330e-01
-1.9507677648769597e-01
-1.8056815780750810e-01
-1.6760532807126954e-01
-1.5599423900135131e-01
-1.4555200712282412e-01
-1.3610844692750609e-01
-1.2755901138792741e-01
-1.1979506985559395e-01
-1.1270806721774940e-01
-1.0623321366583488e-01
-1.0030465674378082e-01
-9.4853728799048811e-02
-8.9833935631298364e-02
-8.5205772789511011e-02
-8.0924727828049381e-02
-7.6955349280940721e-02
-7.3274016157276314e-02
-6.9851368384854742e-02
-6.6659093776245348e-02
-6.3683385676008258e-02
-6.0904657883062797e-02
-5.8299526665147268e-02
-5.5860351995642731e-02
-5.3573513787948807e-02
-5.1420674518363151e-02
-4.9396666699792278e-02
-4.7491966398547407e-02
-4.5693135171435501e-02
-4.3995366588353978e-02
-4.2392367619874721e-02
-4.0874168262835922e-02
-3.9436282586374792e-02
-3.8074629154517418e-02
-3.6781725779591497e-02
-3.5553401813227879e-02
-3.4387094906823304e-02
-3.3277125697137915e-02
-3.2219645192918256e-02
-3.1213133563178185e-02
-3.0253228724766781e-02
-2.9336410565996191e-02
-2.8461869625867147e-02
-2.7626211678504084e-02
-2.6826250008878848e-02
-2.6061652012991057e-02
-2.5329737336477521e-02
-2.4627652671046957e-02
-2.3955376907561311e-02
-2.3310756990893387e-02
-2.2691268589983458e-02
-2.2097084764953687e-02
-2.1526441646276106e-02
-2.0977135869744225e-02
-2.0449451093744488e-02
-1.9941909622894622e-02
-1.9452618198627026e-02
-1.8981911794604102e-02
-1.8528521661585345e-02
-1.8090851844059435e-02
-1.7669246670736331e-02
-1.7262588163582403e-02
-1.6869563555109799e-02
-1.6490497184308919e-02
-1.6124377892077667e-02
-1.5770161260131567e-02
-1.5428131422172657e-02
-1.5097350729928282e-02
-1.4777027963427015e-02
-1.4467393568993342e-02
-1.4167558248663304e-02
-1.3876968938764958e-02
-1.3595793582415932e-02
-1.3323172161828828e-02
-1.3058774944143882e-02
-1.3062567906850302e-02
-1.3334215665078704e-02
-1.3614421598479321e-02
-1.3903906918103840e-02
-1.4202415490007506e-02
-1.4510711901051340e-02
-1.4829473259316665e-02
-1.5158402669137830e-02
-1.5498594028724050e-02
-1.5850712346185156e-02
-1.6214347181339961e-02
-1.6590969316717330e-02
-1.6981095773225856e-02
-1.7384584904389298e-02
-1.7802978751983306e-02
-1.8236709160128678e-02
-1.8686051977837750e-02
-1.9152555152482757e-02
-1.9636582252233910e-02
-2.0138912082611270e-02
-2.0661104319658941e-02
-2.1203450596205684e-02
-2.1767335625261619e-02
-2.2354341563321528e-02
-2.2964687517789645e-02
-2.3600490440369843e-02
-2.4263298400334653e-02
-2.4953483873665156e-02
-2.5673830815064528e-02
-2.6425721607985807e-02
-2.7210392003547992e-02
-2.8030790628561907e-02
-2.8888347727215775e-02
-2.9785368929282775e-02
-3.0725032487247415e-02
-3.1708866912621446e-02
-3.2740512010933379e-02
-3.3823424320092964e-02
-3.4959449226148326e-02
-3.6153766014385941e-02
-3.7409866355760692e-02
-3.8731322570958973e-02
-4.0124022127060358e-02
-4.1592019154241044e-02
-4.3141127863417714e-02
-4.4778232588853668e-02
-4.6508230990863333e-02
-4.8339885171393267e-02
-5.0281091618959675e-02
-5.2339269801166190e-02
-5.4525872553015088e-02
-5.6850476333994863e-02
-5.9324898298136843e-02
-6.1963496476693310e-02
-6.4778716140408824e-02
-6.7788511485439518e-02
-7.1011025681511464e-02
-7.4464694073616250e-02
-7.8174641537491318e-02
-8.2164886567510365e-02
-8.6464451393277811e-02
-9.1107624257071876e-02
-9.6128316558180271e-02
-1.0157157272599278e-01
-1.0748507950949182e-01
-1.1392227288860500e-01
-1.2094986030708331e-01
-1.2863854430774208e-01
-1.3707512648585718e-01
-1.4636071317263927e-01
-1.5660730403737519e-01
-1.6795734504143070e-01
-1.8057095648446964e-01
-1.9464133684534773e-01
-2.1040444899305955e-01
-2.2812940720870542e-01
-2.4815596102889459e-01
-2.7090687257625995e-01
-2.9689282024651004e-01
-3.2676162512236229e-01
-3.6131253274677777e-01
-4.0157901221071957e-01
-4.4888672813571634e-01
-5.0495699258787252e-01
-5.7209538119354642e-01
-6.5336907773520958e-01
-7.5291395976139075e-01
-8.7674121149691719e-01
-1.0333339372204702e+00
-1.2352532509911325e+00
-1.5010786281383048e+00
-1.8609530392545146e+00
-2.3632722480244199e+00
-3.0915290951211829e+00
-4.1945505420154827e+00
-5.9486775466618882e+00
-8.8423727659166129e+00
-1.3272073676831852e+01
-1.6483148766796521e+01
0.0000000000000000e+00
1.3464638167935297e-01
0.0000000000000000e+00
0.0000000000000000e+00
];
