%Vec Object:sol 1 MPI processes
%  type: mpi
sol = [
0.0000000000000000e+00
-4.1501543344545468e+01
-2.4367029952692292e+01
-1.3065446107639334e+01
-7.6585873470379902e+00
-4.9353765209788056e+00
-3.4192509548250385e+00
-2.4990957738030382e+00
-1.9026889901562176e+00
-1.4952002522584593e+00
-1.2053630797107475e+00
-9.9183257621592180e-01
-8.3009377824025787e-01
-7.0488199659390294e-01
-6.0593543488354862e-01
-5.2640834721055618e-01
-4.6159018647573768e-01
-4.0805784912335419e-01
-3.6329446935099852e-01
-3.2551183084793817e-01
-2.9335582806833488e-01
-2.6571888207876809e-01
-2.4182913338368303e-01
-2.2104462925675458e-01
-2.0282738876153211e-01
-1.8677841597191899e-01
-1.7257948007126772e-01
-1.5994787512419950e-01
-1.4865257625238162e-01
-1.3852713379364409e-01
-1.2941405218419474e-01
-1.2116623714239655e-01
-1.1369402393374844e-01
-1.0690366479982966e-01
-1.0070100826870897e-01
-9.5030380789403360e-02
-8.9834894694448636e-02
-8.5054878838416614e-02
-8.0650176385565986e-02
-7.6586696242625901e-02
-7.2825706906362198e-02
-6.9336413860043494e-02
-6.6098500808391691e-02
-6.3086404481310296e-02
-6.0275385579806176e-02
-5.7653655944345829e-02
-5.5204166336153541e-02
-5.2906361908445484e-02
-5.0753822392784004e-02
-4.8734691484169021e-02
-4.6832785816841097e-02
-4.5043792440533088e-02
-4.3359433157456960e-02
-4.1767840591959836e-02
-4.0264858697313242e-02
-3.8845031128720162e-02
-3.7499342415064384e-02
-3.6224199361886311e-02
-3.5016120385494058e-02
-3.3868468802318835e-02
-3.2777612238115178e-02
-3.1741381246439618e-02
-3.0754732851795769e-02
-2.9814283578271806e-02
-2.8918782997982884e-02
-2.8064354081976547e-02
-2.7247878216759908e-02
-2.6468730891395582e-02
-2.5723892546690490e-02
-2.5010520858723361e-02
-2.4328410785840408e-02
-2.3675175461684204e-02
-2.3048254956270161e-02
-2.2447717049353527e-02
-2.1871642003749466e-02
-2.1317753378607140e-02
-2.0786287429196956e-02
-2.0275668659644284e-02
-1.9783901206210767e-02
-1.9311315188625083e-02
-1.8856587424635265e-02
-1.8417996477960129e-02
-1.7995913224158458e-02
-1.7589197673661270e-02
-1.7196394396156285e-02
-1.6817877238758439e-02
-1.6452637160503880e-02
-1.6099474666198588e-02
-1.5758740028013106e-02
-1.5429515553449706e-02
-1.5110846596472959e-02
-1.4803041416011811e-02
-1.4505243534381632e-02
-1.4216731450112695e-02
-1.3937759012073024e-02
-1.3667508107894343e-02
-1.3405478509176666e-02
-1.3151861455343110e-02
-1.2905859790154506e-02
-1.2667182664392389e-02
-1.2688368844533879e-02
-1.2970173676417349e-02
-1.3261117062360335e-02
-1.3561942469116704e-02
-1.3872444921577522e-02
-1.4193426314899763e-02
-1.4525617782724267e-02
-1.4868746119149737e-02
-1.5223929715425985e-02
-1.5591883404635564e-02
-1.5972254708428956e-02
-1.6366542640517970e-02
-1.6775319174885069e-02
-1.7198511832090743e-02
-1.7637705593825249e-02
-1.8093400725001083e-02
-1.8565945944337001e-02
-1.9056950429567142e-02
-1.9566860654939452e-02
-2.0096536705449686e-02
-2.0647620279245486e-02
-2.1220502116169174e-02
-2.1816663266598053e-02
-2.2437791668235195e-02
-2.3084224087957881e-02
-2.3758197367816414e-02
-2.4461392991670907e-02
-2.5194323192551483e-02
-2.5959926125214128e-02
-2.6759748626190263e-02
-2.7595198658778030e-02
-2.8469422065262932e-02
-2.9384050358913665e-02
-3.0341609942695455e-02
-3.1345528869417966e-02
-3.2397582053044820e-02
-3.3501701122078280e-02
-3.4661656939434869e-02
-3.5879601085713440e-02
-3.7161102931404913e-02
-3.8510042143500491e-02
-3.9930404492118571e-02
-4.1428576631112525e-02
-4.3009103038618997e-02
-4.4678366296646684e-02
-4.6443893887777976e-02
-4.8311211096695152e-02
-5.0289871373520922e-02
-5.2388594657870699e-02
-5.4615661170050622e-02
-5.6983591775319455e-02
-5.9503037809862061e-02
-6.2187049561705177e-02
-6.5051412995470140e-02
-6.8110017486558469e-02
-7.1382602397685888e-02
-7.4889233587919560e-02
-7.8650410811808680e-02
-8.2693794603361820e-02
-8.7046060102229025e-02
-9.1739323427361116e-02
-9.6811467433145948e-02
-1.0230021851924122e-01
-1.0825532824837357e-01
-1.1472966948433727e-01
-1.2178255341955337e-01
-1.2948778207121847e-01
-1.3792388079951151e-01
-1.4718703705723230e-01
-1.5738948259825461e-01
-1.6864974102989394e-01
-1.8112782033827796e-01
-1.9500298533920082e-01
-2.1048914678295449e-01
-2.2784741438258890e-01
-2.4738101955486683e-01
-2.6947313934434342e-01
-2.9458402569948811e-01
-3.2328016811263266e-01
-3.5627982174389494e-01
-3.9446948031507045e-01
-4.3899483277794743e-01
-4.9132540862647722e-01
-5.5336587765566414e-01
-6.2757704223766198e-01
-7.1742376181787415e-01
-8.2759113466120982e-01
-9.6463915565176639e-01
-1.1379392819865655e+00
-1.3609448312876169e+00
-1.6548500692075783e+00
-2.0522752467859378e+00
-2.6066316889850394e+00
-3.4091300925536490e+00
-4.6239195843808512e+00
-6.5552484171556573e+00
-9.7487066228747921e+00
-1.4703626604035938e+01
-1.8423095031270272e+01
0.0000000000000000e+00
2.4055929233035767e-01
0.0000000000000000e+00
0.0000000000000000e+00
];
