%Vec Object:sol 1 MPI processes
%  type: mpi
sol = [
0.0000000000000000e+00
-6.4534785518793825e+01
-2.6676675415567910e+01
-1.1507450576301080e+01
-5.6831628844733793e+00
-3.0696981583561267e+00
-1.7395376048475799e+00
-9.9991419535475545e-01
-5.6306553759364386e-01
-2.9543665465130481e-01
-1.3056634491091251e-01
-3.8395005687409230e-02
-6.4015655714345825e-03
-1.6697914876503525e-03
-1.2643093375967775e-03
-1.1860176914865088e-03
-1.2024333918078944e-03
-1.2364895639754158e-03
-1.1797200501460145e-03
-1.1792440843160547e-03
-1.2227164626843401e-03
-1.1810573204281422e-03
-1.1701701374744000e-03
-1.1927482781248953e-03
-1.1822321824581184e-03
-1.1665341399686190e-03
-1.1757747717872399e-03
-1.1804983954804673e-03
-1.1643003324791016e-03
-1.1664930586230300e-03
-1.1775981820903345e-03
-1.1631462285960510e-03
-1.1620609725152304e-03
-1.1706874440430366e-03
-1.1627913711359324e-03
-1.1604365787586345e-03
-1.1652644239884967e-03
-1.1630802955739270e-03
-1.1605201858818580e-03
-1.1633022131821423e-03
-1.1641083392956205e-03
-1.1618833549762756e-03
-1.1636570935596642e-03
-1.1659866221082644e-03
-1.1642977511666357e-03
-1.1655983102222998e-03
-1.1685829492655193e-03
-1.1673617923089017e-03
-1.1683328282513748e-03
-1.1709579292888943e-03
-1.1702762921719028e-03
-1.1707520236458311e-03
-1.1723501688888905e-03
-1.1718134261111109e-03
-1.1714309871623603e-03
-1.1717207758418688e-03
-1.1705256518636919e-03
-1.1688716471106855e-03
-1.1675363457895817e-03
-1.1650833745138682e-03
-1.1618238329190800e-03
-1.1586338378216754e-03
-1.1545535167332352e-03
-1.1495045274024934e-03
-1.1443728520310760e-03
-1.1385139196493142e-03
-1.1316509128605364e-03
-1.1246313986020366e-03
-1.1170179063917306e-03
-1.1084463858108628e-03
-1.0997007794183672e-03
-1.0904777122067301e-03
-1.0803900606427207e-03
-1.0701466843515814e-03
-1.0595290148712115e-03
-1.0481635825345698e-03
-1.0366807612535085e-03
-1.0249135808947810e-03
-1.0125229311674934e-03
-1.0000619163399299e-03
-9.8739286363254842e-04
-9.7422122125746650e-04
-9.6102764632695478e-04
-9.4768890124741678e-04
-9.3396281809573578e-04
-9.2026026365977479e-04
-9.0646239356545239e-04
-8.9238067302455256e-04
-8.7836264755695103e-04
-8.6428737147584774e-04
-8.5002023704213651e-04
-8.3585079129026266e-04
-8.2165169964750655e-04
-8.0734137271727636e-04
-7.9315642845614257e-04
-7.7896038276069064e-04
-7.6472306286159096e-04
-7.5063285395688436e-04
-7.3654239495082375e-04
-7.2247093861518982e-04
-7.2288035025486761e-04
-7.3762232377455324e-04
-7.5243332515965630e-04
-7.6741277437983074e-04
-7.8234719946854755e-04
-7.9734196979437395e-04
-8.1246574289569489e-04
-8.2745892973946488e-04
-8.4249769972165876e-04
-8.5761443685681248e-04
-8.7249448357817850e-04
-8.8739867591859059e-04
-9.0227768290398764e-04
-9.1686828662950013e-04
-9.3141590851616443e-04
-9.4580498236783949e-04
-9.5985930401044136e-04
-9.7378198711565609e-04
-9.8738720182519777e-04
-1.0006045077538531e-03
-1.0135879956519917e-03
-1.0260683774744660e-03
-1.0381052659168915e-03
-1.0497961822413106e-03
-1.0607719923152559e-03
-1.0712553427149718e-03
-1.0812535622559377e-03
-1.0903510419393724e-03
-1.0989045218921189e-03
-1.1067629736804751e-03
-1.1136835216618887e-03
-1.1199728978526756e-03
-1.1253585621670500e-03
-1.1298275305374156e-03
-1.1336279499474817e-03
-1.1363337348390631e-03
-1.1382396639554461e-03
-1.1395018020029543e-03
-1.1395458535251920e-03
-1.1390258733492066e-03
-1.1378082668702264e-03
-1.1356471014687807e-03
-1.1331418779583964e-03
-1.1299138708612589e-03
-1.1261682389405415e-03
-1.1223920043175700e-03
-1.1178257053200409e-03
-1.1132987415069611e-03
-1.1088650611993712e-03
-1.1038617053825165e-03
-1.0993310224993043e-03
-1.0946991224801625e-03
-1.0899937908088067e-03
-1.0860233354174648e-03
-1.0814456375038404e-03
-1.0773937969799578e-03
-1.0739197283926943e-03
-1.0697010575537172e-03
-1.0664738189838225e-03
-1.0630511017354434e-03
-1.0595315236228487e-03
-1.0572751510204738e-03
-1.0535641305707056e-03
-1.0508626232661840e-03
-1.0487200479327985e-03
-1.0453363262862214e-03
-1.0436922898306410e-03
-1.0408858331325966e-03
-1.0383552661801395e-03
-1.0378030231882149e-03
-1.0340479385853875e-03
-1.0327860058012518e-03
-1.0310952101457024e-03
-1.0283335015541170e-03
-1.0289564744774143e-03
-1.0252152064280423e-03
-1.0240830742355143e-03
-1.0238460534999481e-03
-1.0204697900083866e-03
-1.0217015004293309e-03
-1.0185415134751554e-03
-1.0172762811663668e-03
-1.0185804772508804e-03
-1.0145031416401832e-03
-1.0161238959461947e-03
-1.0142360610995564e-03
-1.0189614417268553e-03
-1.0956790268759097e-03
-1.9937243049826590e-03
-1.1892055989707153e-02
-7.9258676045272314e-02
-3.0004327600770436e-01
-7.5138250060080725e-01
-1.5642246791941163e+00
-3.0207715552275256e+00
-5.7001888376007344e+00
-1.0791848546577118e+01
-2.0250552033473397e+01
-3.1218945534206600e+01
0.0000000000000000e+00
2.4055929233035767e-01
0.0000000000000000e+00
0.0000000000000000e+00
];
