%Vec Object:sol 1 MPI processes
%  type: mpi
sol = [
0.0000000000000000e+00
-7.9757285920433816e+01
-3.5835037179240146e+01
-1.6954181346868843e+01
-9.4492234562706994e+00
-5.9410854117204606e+00
-4.0564723697643874e+00
-2.9374718912518776e+00
-2.2210088586818846e+00
-1.7367761974675475e+00
-1.3941294199579333e+00
-1.1431590894219708e+00
-9.5407555050517578e-01
-8.0804337514699065e-01
-6.9294068346579551e-01
-6.0066266298972892e-01
-5.2561711753053053e-01
-4.6375801050271631e-01
-4.1212100585309658e-01
-3.6863499841930397e-01
-3.3166350771550374e-01
-2.9991658553877104e-01
-2.7250795399608030e-01
-2.4868948294303816e-01
-2.2783584075328883e-01
-2.0948331294530947e-01
-1.9326235919397070e-01
-1.7884559522614815e-01
-1.6596580392285057e-01
-1.5443008124743712e-01
-1.4405651728663207e-01
-1.3467577977913553e-01
-1.2618397653281010e-01
-1.1847306638344431e-01
-1.1143504504112013e-01
-1.0500552211658304e-01
-9.9119014406880826e-02
-9.3707217665125200e-02
-8.8723909601733680e-02
-8.4129816139858232e-02
-7.9880670148245139e-02
-7.5941223552417864e-02
-7.2287995915482559e-02
-6.8891794689594832e-02
-6.5724473383523066e-02
-6.2772306126703578e-02
-6.0015819549739349e-02
-5.7431779655292808e-02
-5.5012569414864210e-02
-5.2744198545319851e-02
-5.0608779949604027e-02
-4.8601374850288363e-02
-4.6712507267590991e-02
-4.4928826417975222e-02
-4.3245541157630192e-02
-4.1656388016812256e-02
-4.0151466319308368e-02
-3.8726309163741132e-02
-3.7376850695453392e-02
-3.6095663690858114e-02
-3.4878600091838331e-02
-3.3723102588914790e-02
-3.2623535595988393e-02
-3.1576075559975311e-02
-3.0579199838539371e-02
-2.9628581439177692e-02
-2.8720727622431833e-02
-2.7854820425781666e-02
-2.7027494010665964e-02
-2.6235590100162777e-02
-2.5478763541051854e-02
-2.4754357251333969e-02
-2.4059546553642650e-02
-2.3394295090453349e-02
-2.2756469273657612e-02
-2.2143572789522153e-02
-2.1555761806091985e-02
-2.0991289179968425e-02
-2.0447978198844460e-02
-1.9926094868661624e-02
-1.9424176366239634e-02
-1.8940354064067775e-02
-1.8474945214686771e-02
-1.8026694816088193e-02
-1.7594028931751642e-02
-1.7177274686403152e-02
-1.6775327337707063e-02
-1.6386893022058219e-02
-1.6012279850345923e-02
-1.5650489892877963e-02
-1.5300494072683425e-02
-1.4962561669123334e-02
-1.4635768687987829e-02
-1.4319335312504287e-02
-1.4013478806927925e-02
-1.3717324321997132e-02
-1.3430325934464492e-02
-1.3152640350857380e-02
-1.2883423098282564e-02
-1.2622347022424384e-02
-1.2620577338620710e-02
-1.2877451698134727e-02
-1.3142324037849162e-02
-1.3415882385291027e-02
-1.3697860632968734e-02
-1.3988999482184536e-02
-1.4289962153508832e-02
-1.4600407493281077e-02
-1.4921377769512342e-02
-1.5253506072177958e-02
-1.5596364591508009e-02
-1.5951355475329013e-02
-1.6318955314079626e-02
-1.6699002748506459e-02
-1.7092963173368097e-02
-1.7501226430233295e-02
-1.7924030724265537e-02
-1.8362840596373910e-02
-1.8817974941418618e-02
-1.9290152002919111e-02
-1.9780840122206055e-02
-2.0290283035343196e-02
-2.0819775641538755e-02
-2.1370799277179015e-02
-2.1943521016728033e-02
-2.2539930841622514e-02
-2.3161467239691085e-02
-2.3808436342752679e-02
-2.4483456729751517e-02
-2.5187796191219171e-02
-2.5922578501152330e-02
-2.6690564864508354e-02
-2.7493055374226787e-02
-2.8332184302878285e-02
-2.9210914353439893e-02
-3.0130623192828086e-02
-3.1094701659826314e-02
-3.2106356249855160e-02
-3.3167246894280175e-02
-3.4282208620710956e-02
-3.5454454344019844e-02
-3.6687264833362397e-02
-3.7986115977502483e-02
-3.9354723454003128e-02
-4.0798466848930078e-02
-4.2323727643835268e-02
-4.3934981570448624e-02
-4.5640361409009698e-02
-4.7447155333070874e-02
-4.9362178291971107e-02
-5.1396049313918009e-02
-5.3557579241016680e-02
-5.5857676017687506e-02
-5.8309620647164835e-02
-6.0924846864962051e-02
-6.3719963649897779e-02
-6.6711710877577754e-02
-6.9917056454633891e-02
-7.3359232579482306e-02
-7.7060361346060979e-02
-8.1047219051147923e-02
-8.5351466086332040e-02
-9.0004317798703853e-02
-9.5047377533432051e-02
-1.0052461559232838e-01
-1.0648528265025217e-01
-1.1299097473767029e-01
-1.2010463796643979e-01
-1.2790655131881715e-01
-1.3649116106914513e-01
-1.4596152737324886e-01
-1.5644890948309190e-01
-1.6810070858104223e-01
-1.8109482060781171e-01
-1.9564857944339364e-01
-2.1201395512476381e-01
-2.3050996352076189e-01
-2.5151951304212283e-01
-2.7551396807285899e-01
-3.0309151473829438e-01
-3.3499017696966554e-01
-3.7216466295860662e-01
-4.1583990455007735e-01
-4.6759678969597041e-01
-5.2952070233366400e-01
-6.0448816419154439e-01
-6.9641808580351539e-01
-8.1080239788261388e-01
-9.5549982439677261e-01
-1.1419344511301366e+00
-1.3877423176273211e+00
-1.7207417785678150e+00
-2.1855326935731010e+00
-2.8599164805838924e+00
-3.8819837633068612e+00
-5.5069583355055496e+00
-8.1793147646163913e+00
-1.2221259498027635e+01
-1.5065221801920305e+01
0.0000000000000000e+00
1.3464638167935297e-01
0.0000000000000000e+00
0.0000000000000000e+00
];
