%Vec Object:sol 1 MPI processes
%  type: mpi
sol = [
0.0000000000000000e+00
-8.1629795195399268e+01
-3.6088948435085307e+01
-1.6979901856035273e+01
-9.4489095337316069e+00
-5.9349576032843192e+00
-4.0508430507740458e+00
-2.9324144767050617e+00
-2.2172371418650578e+00
-1.7331584086467933e+00
-1.3913060848954026e+00
-1.1406564197803324e+00
-9.5176220364001951e-01
-8.0603485236680039e-01
-6.9120860271434426e-01
-5.9913865193181681e-01
-5.2419666933089504e-01
-4.6243214977231223e-01
-4.1088090785280995e-01
-3.6747250108182850e-01
-3.3058453170796437e-01
-2.9892204473551842e-01
-2.7158606532918977e-01
-2.4783065078298672e-01
-2.2703216156298414e-01
-2.0872821784579185e-01
-1.9255033686098882e-01
-1.7817185853134676e-01
-1.6532001967215298e-01
-1.5381012104034719e-01
-1.4346051380440056e-01
-1.3410205583055324e-01
-1.2563099474133735e-01
-1.1793942761431594e-01
-1.1091949358738269e-01
-1.0450689749928672e-01
-9.8636251712656720e-02
-9.3239356169606311e-02
-8.8270062158548504e-02
-8.3689158331025304e-02
-7.9452452694263070e-02
-7.5524759088992893e-02
-7.1882635813750276e-02
-6.8496943996639220e-02
-6.5339592843744007e-02
-6.2396877563114218e-02
-5.9649363787574100e-02
-5.7073865307216878e-02
-5.4662789902610254e-02
-5.2402625067357989e-02
-5.0275201398897885e-02
-4.8275377110271939e-02
-4.6393704053066136e-02
-4.4616874969313304e-02
-4.2940110980124013e-02
-4.1357166305870316e-02
-3.9858173872132363e-02
-3.8438678875063109e-02
-3.7094625754103473e-02
-3.5818613413015968e-02
-3.4606506156809179e-02
-3.3455751564338117e-02
-3.2360734532530300e-02
-3.1317644177995090e-02
-3.0324958809446773e-02
-2.9378367634849509e-02
-2.8474390747692330e-02
-2.7612208320920779e-02
-2.6788467470289651e-02
-2.6000022721874787e-02
-2.5246525066791509e-02
-2.4525327929429575e-02
-2.3833619166606299e-02
-2.3171357227121440e-02
-2.2536417216996549e-02
-2.1926314847542181e-02
-2.1341200252148647e-02
-2.0779333672059745e-02
-2.0238549672226741e-02
-1.9719107787445206e-02
-1.9219551678130956e-02
-1.8738023032358254e-02
-1.8274832506039208e-02
-1.7828731008877989e-02
-1.7398153759990452e-02
-1.6983421419450494e-02
-1.6583434856605808e-02
-1.6196908032823698e-02
-1.5824142925530686e-02
-1.5464147137532145e-02
-1.5115897931962829e-02
-1.4779658955320282e-02
-1.4454511852937255e-02
-1.4139681533957059e-02
-1.3835380259052328e-02
-1.3540739079494268e-02
-1.3255215069978652e-02
-1.2978960671032734e-02
-1.2711137699229160e-02
-1.2451420169700009e-02
-1.2447527923831208e-02
-1.2698674832461588e-02
-1.2957604496997569e-02
-1.3224990963505993e-02
-1.3500564865787506e-02
-1.3785051674872565e-02
-1.4079099634062908e-02
-1.4382364474523329e-02
-1.4695868119896420e-02
-1.5020227607918263e-02
-1.5355012285675342e-02
-1.5701597538097547e-02
-1.6060444277452384e-02
-1.6431383656855762e-02
-1.6815851336647748e-02
-1.7214221124512326e-02
-1.7626716613178692e-02
-1.8054769401529579e-02
-1.8498681675575657e-02
-1.8959148793927485e-02
-1.9437603388977813e-02
-1.9934269449151370e-02
-2.0450408730361126e-02
-2.0987468258024795e-02
-2.1545590282097234e-02
-2.2126714494154969e-02
-2.2732226854386049e-02
-2.3362410812581898e-02
-2.4019709175197669e-02
-2.4705449724273139e-02
-2.5420716534638989e-02
-2.6168197237773475e-02
-2.6949140783841405e-02
-2.7765614145272115e-02
-2.8620495378241125e-02
-2.9515102861423954e-02
-3.0452729655259126e-02
-3.1436484026039407e-02
-3.2467953004702343e-02
-3.3551836393728461e-02
-3.4691237552374292e-02
-3.5889322659629186e-02
-3.7151405872254219e-02
-3.8481069810486095e-02
-3.9883523217848986e-02
-4.1364949892823730e-02
-4.2929659633968539e-02
-4.4585537776931985e-02
-4.6339633236368673e-02
-4.8198523138964708e-02
-5.0172498514541301e-02
-5.2270068906313805e-02
-5.4501784421180741e-02
-5.6880502113299918e-02
-5.9417257372129786e-02
-6.2128129432567840e-02
-6.5029305339108390e-02
-6.8137174674657255e-02
-7.1474223670998815e-02
-7.5061826555143471e-02
-7.8925873684358508e-02
-8.3096988515863834e-02
-8.7605321789764809e-02
-9.2491117862961589e-02
-9.7796878249669567e-02
-1.0357019828525006e-01
-1.0987062807655112e-01
-1.1676112908718843e-01
-1.2431912285630424e-01
-1.3263478106142476e-01
-1.4180785343093066e-01
-1.5196545203450165e-01
-1.6325028689256513e-01
-1.7583462185551638e-01
-1.8992894813227670e-01
-2.0577728138584264e-01
-2.2368865644123831e-01
-2.4403388873583554e-01
-2.6725337041012376e-01
-2.9393776886099354e-01
-3.2480114011801370e-01
-3.6076679468719636e-01
-4.0301937357684448e-01
-4.5309751157835765e-01
-5.1306312082738592e-01
-5.8567056467392564e-01
-6.7472254275229160e-01
-7.8541748706269288e-01
-9.2543736934911347e-01
-1.1060532301259884e+00
-1.3442946690093140e+00
-1.6666507613723738e+00
-2.1174788124514254e+00
-2.7709972334872197e+00
-3.7618611489727956e+00
-5.3373285860194217e+00
-7.9238277054393933e+00
-1.1814280209212615e+01
-1.4519612494961954e+01
0.0000000000000000e+00
1.3464638167935297e-01
0.0000000000000000e+00
0.0000000000000000e+00
];
