%Vec Object:sol 1 MPI processes
%  type: mpi
sol = [
0.0000000000000000e+00
-4.2944644575451932e+01
-2.4825333656836019e+01
-1.3194095024583270e+01
-7.7078880064124942e+00
-4.9592235026644742e+00
-3.4321979053510829e+00
-2.5075170453989366e+00
-1.9079142140648833e+00
-1.4990750006124973e+00
-1.2079197312183449e+00
-9.9356398261327605e-01
-8.3143470719757595e-01
-7.0592709631305828e-01
-6.0671733398989358e-01
-5.2693725418877491e-01
-4.6193002419915880e-01
-4.0825414854972703e-01
-3.6338000666807013e-01
-3.2553750293146294e-01
-2.9333548293648948e-01
-2.6566033759902397e-01
-2.4173885137652609e-01
-2.2092789159603729e-01
-2.0268847355076974e-01
-1.8662088949302102e-01
-1.7240633839692271e-01
-1.5976163774367788e-01
-1.4845131959490174e-01
-1.3831177704414638e-01
-1.2918707056494366e-01
-1.2092967622341011e-01
-1.1344961903442947e-01
-1.0665287251953831e-01
-1.0044504968621633e-01
-9.4770296802142120e-02
-8.9571567567362009e-02
-8.4789058688181734e-02
-8.0382503949420814e-02
-7.6317716330726995e-02
-7.2555887088090062e-02
-6.9066156778607737e-02
-6.5828145960876841e-02
-6.2816244000872032e-02
-6.0005676328723410e-02
-5.7384608980763890e-02
-5.4935961668718600e-02
-5.2639165244008503e-02
-5.0487762660127736e-02
-4.8469876588919977e-02
-4.6569321162870256e-02
-4.4781754914822045e-02
-4.3098878272414189e-02
-4.1508812390605644e-02
-4.0007459491346140e-02
-3.8589358284624432e-02
-3.7245684808713785e-02
-3.5972567826071181e-02
-3.4766491468102463e-02
-3.3620826621471207e-02
-3.2531938000038348e-02
-3.1497647276375121e-02
-3.0512918064163154e-02
-2.9574367654466863e-02
-2.8680735978407718e-02
-2.7828151666886371e-02
-2.7013499661758360e-02
-2.6236145244351923e-02
-2.5493073705641221e-02
-2.4781448316569109e-02
-2.4101053454977251e-02
-2.3449506458111970e-02
-2.2824254358503496e-02
-2.2225354196901179e-02
-2.1650889979165311e-02
-2.1098593005312225e-02
-2.0568688834605504e-02
-2.0059605439514294e-02
-1.9569354955739204e-02
-1.9098257046398389e-02
-1.8644991903920653e-02
-1.8207845903111419e-02
-1.7787179873160853e-02
-1.7381857272168542e-02
-1.6990429902441550e-02
-1.6613262133750660e-02
-1.6249348600428596e-02
-1.5897496129719232e-02
-1.5558046218277201e-02
-1.5230085212523810e-02
-1.4912663590329021e-02
-1.4606081659920899e-02
-1.4309487469789182e-02
-1.4022163201105151e-02
-1.3744355676160898e-02
-1.3475251905340850e-02
-1.3214353694065411e-02
-1.2961846264745938e-02
-1.2716938274942179e-02
-1.2479339079361227e-02
-1.2497792020286400e-02
-1.2772891977942730e-02
-1.3056883643926279e-02
-1.3350494737911545e-02
-1.3653516622925251e-02
-1.3966734072790265e-02
-1.4290861360471363e-02
-1.4625621855251349e-02
-1.4972111066195087e-02
-1.5331025778478728e-02
-1.5702010427085248e-02
-1.6086533930145128e-02
-1.6485150757903279e-02
-1.6897780242693550e-02
-1.7325973818594895e-02
-1.7770213714355221e-02
-1.8230832646868780e-02
-1.8709403408390956e-02
-1.9206353470687356e-02
-1.9722516918837588e-02
-2.0259495773342292e-02
-2.0817660627445781e-02
-2.1398453766077366e-02
-2.2003519554581907e-02
-2.2633173150657819e-02
-2.3289596431109508e-02
-2.3974423856273470e-02
-2.4688140150497036e-02
-2.5433611896980235e-02
-2.6212337279809157e-02
-2.7025677027775422e-02
-2.7876696313537851e-02
-2.8766971863922360e-02
-2.9698957218306159e-02
-3.0675988219796814e-02
-3.1699776842700769e-02
-3.2774148545271421e-02
-3.3902768350332117e-02
-3.5087709509157558e-02
-3.6334384421765127e-02
-3.7646583032128221e-02
-3.9028154154665935e-02
-4.0485306127313311e-02
-4.2022458559195272e-02
-4.3645780748119742e-02
-4.5362622905170763e-02
-4.7177751386927501e-02
-4.9100894424725504e-02
-5.1140560518761390e-02
-5.3304768953314347e-02
-5.5605679021286547e-02
-5.8053611410155317e-02
-6.0661223147135492e-02
-6.3443833845112277e-02
-6.6414896445942298e-02
-6.9593567840956161e-02
-7.2999307144673106e-02
-7.6651980435498743e-02
-8.0578428903555974e-02
-8.4804508432189174e-02
-8.9361363918151832e-02
-9.4285741253418931e-02
-9.9614202097496246e-02
-1.0539500856774528e-01
-1.1167942601114121e-01
-1.1852495513848331e-01
-1.2600317738236577e-01
-1.3419021819188873e-01
-1.4317935490589073e-01
-1.5307927021893816e-01
-1.6401059230134421e-01
-1.7612637895589420e-01
-1.8959898691590518e-01
-2.0463630140219985e-01
-2.2149212163629980e-01
-2.4046120871708251e-01
-2.6191612490171673e-01
-2.8630443321801569e-01
-3.1417707966070524e-01
-3.4621190255617229e-01
-3.8327365925130896e-01
-4.2648315422131433e-01
-4.7726647319827836e-01
-5.3747513136413028e-01
-6.0958814274293771e-01
-6.9691559181228679e-01
-8.0402343309401314e-01
-9.3710578684767665e-01
-1.1053884933496971e+00
-1.3223621061186723e+00
-1.6081957149535131e+00
-1.9947056397777292e+00
-2.5342572979282245e+00
-3.3159735906679351e+00
-4.4992366960359700e+00
-6.3810612929438726e+00
-9.4923465957362243e+00
-1.4303704679799653e+01
-1.7884602184614636e+01
0.0000000000000000e+00
2.4055929233035767e-01
0.0000000000000000e+00
0.0000000000000000e+00
];
