%Vec Object:sol 1 MPI processes
%  type: mpi
sol = [
0.0000000000000000e+00
-4.0840723399895943e+01
-2.4149461121903293e+01
-1.3001175457416403e+01
-7.6336724022373961e+00
-4.9242615109948655e+00
-3.4125067897943575e+00
-2.4950274382764666e+00
-1.9000909129678252e+00
-1.4934077750323875e+00
-1.2039923943289503e+00
-9.9081561450790612e-01
-8.2946999784065523e-01
-7.0439244596113981e-01
-6.0555019919954955e-01
-5.2610552241237696e-01
-4.6135327660166070e-01
-4.0787432515022881e-01
-3.6315448216397928e-01
-3.2543390187296001e-01
-2.9332910129266798e-01
-2.6573228508978264e-01
-2.4186486032420859e-01
-2.2109265009755891e-01
-2.0288576939305752e-01
-1.8684553835442130e-01
-1.7265397894274540e-01
-1.6002861515167283e-01
-1.4873860591855595e-01
-1.3861763219224801e-01
-1.2950832360847239e-01
-1.2126369798267025e-01
-1.1379416269331866e-01
-1.0700604301459878e-01
-1.0080525353999660e-01
-9.5136166813111003e-02
-8.9941939119762074e-02
-8.5162938102219962e-02
-8.0759037828812205e-02
-7.6696175102382066e-02
-7.2935642062283174e-02
-6.9446663894868810e-02
-6.6208943722283989e-02
-6.3196933393558891e-02
-6.0385904839277929e-02
-5.7764084865458844e-02
-5.5314434625066994e-02
-5.3016403824386917e-02
-5.0863584964542796e-02
-4.8844129132791785e-02
-4.6941853528898188e-02
-4.5152455899443715e-02
-4.3467657284188825e-02
-4.1875576390340778e-02
-4.0372142133998645e-02
-3.8951910993867758e-02
-3.7606054042362315e-02
-3.6330716569354514e-02
-3.5122399393200748e-02
-3.3974467583164032e-02
-3.2883294225524724e-02
-3.1846717460007910e-02
-3.0859695064538690e-02
-2.9918846342236016e-02
-2.9022927804618823e-02
-2.8168062596254189e-02
-2.7351132873595453e-02
-2.6571520644589522e-02
-2.5826206186356268e-02
-2.5112346462595726e-02
-2.4429742649997862e-02
-2.3776007508614267e-02
-2.3148579352839749e-02
-2.2547531923289565e-02
-2.1970944953575280e-02
-2.1416539570510887e-02
-2.0884557735882346e-02
-2.0373423281111202e-02
-1.9881137543682963e-02
-1.9408036071509750e-02
-1.8952794851760262e-02
-1.8513689550320581e-02
-1.8091096145029240e-02
-1.7683873637570471e-02
-1.7290563808208839e-02
-1.6911545268174545e-02
-1.6545807739206751e-02
-1.6192149238301767e-02
-1.5850924410026019e-02
-1.5521214066241809e-02
-1.5202061534335546e-02
-1.4893779013557361e-02
-1.4595508215704800e-02
-1.4306526214130999e-02
-1.4027090338787511e-02
-1.3756383027062601e-02
-1.3493902614934154e-02
-1.3239841088510370e-02
-1.2993392446664819e-02
-1.2754259556861391e-02
-1.2776755661466247e-02
-1.3061713761265812e-02
-1.3355895974950420e-02
-1.3660081418950896e-02
-1.3974067978759329e-02
-1.4298665519266162e-02
-1.4634613027113828e-02
-1.4981638933883320e-02
-1.5340872278025582e-02
-1.5713036306454115e-02
-1.6097780030515846e-02
-1.6496616464940439e-02
-1.6910125758433227e-02
-1.7338239295285801e-02
-1.7782557673921718e-02
-1.8243589595405705e-02
-1.8721691277150121e-02
-1.9218488848321624e-02
-1.9734437684898812e-02
-2.0270410023840418e-02
-2.0828066064157762e-02
-2.1407805999440786e-02
-2.2011128975765792e-02
-2.2639743265884766e-02
-2.3293995795177231e-02
-2.3976149047250983e-02
-2.4687906477093968e-02
-2.5429793244735141e-02
-2.6204780894533375e-02
-2.7014439030521240e-02
-2.7860197743617022e-02
-2.8745240538123520e-02
-2.9671224596765258e-02
-3.0640710402675530e-02
-3.1657169096136174e-02
-3.2722405116993633e-02
-3.3840399760322964e-02
-3.5014973570677274e-02
-3.6248314240384168e-02
-3.7546059842192551e-02
-3.8912144924794126e-02
-4.0350612495731769e-02
-4.1867930881274822e-02
-4.3468710763758210e-02
-4.5159420353430270e-02
-4.6947686326990194e-02
-4.8839115988906487e-02
-5.0843386890820394e-02
-5.2969338057247711e-02
-5.5225367292236045e-02
-5.7624159240147320e-02
-6.0176514050066812e-02
-6.2895659180868493e-02
-6.5797590827958316e-02
-6.8896393805798470e-02
-7.2212069461385295e-02
-7.5764955560861116e-02
-7.9575834750255148e-02
-8.3672734513757674e-02
-8.8082694789055685e-02
-9.2838264199225057e-02
-9.7977831571402663e-02
-1.0353963859986830e-01
-1.0957409746507925e-01
-1.1613479081018885e-01
-1.2328182677424150e-01
-1.3108998515785597e-01
-1.3963884207715552e-01
-1.4902585829801973e-01
-1.5936458942793025e-01
-1.7078111267776278e-01
-1.8343531223615453e-01
-1.9750728126738634e-01
-2.1321420301245950e-01
-2.3082135762132019e-01
-2.5062241078080744e-01
-2.7301353387747085e-01
-2.9846351072373783e-01
-3.2754611378541482e-01
-3.6098875780448170e-01
-3.9968915753090312e-01
-4.4480736931735515e-01
-4.9783117382551112e-01
-5.6069189579831624e-01
-6.3597488200510233e-01
-7.2705341525150080e-01
-8.3865723227961664e-01
-9.7747202530951816e-01
-1.1529846089452196e+00
-1.3790734591067246e+00
-1.6766395715646869e+00
-2.0793090552715219e+00
-2.6403384718313037e+00
-3.4527953413160257e+00
-4.6821622026241911e+00
-6.6368326698017945e+00
-9.8683606653298312e+00
-1.4890004434600661e+01
-1.8673993514650650e+01
0.0000000000000000e+00
2.4055929233035767e-01
0.0000000000000000e+00
0.0000000000000000e+00
];
