%Vec Object:sol 1 MPI processes
%  type: mpi
sol = [
0.0000000000000000e+00
-4.1171299001185233e+01
-2.4258663331176720e+01
-1.3033558115873838e+01
-7.6461941880676285e+00
-4.9298781892951649e+00
-3.4159947151621957e+00
-2.4970672556160340e+00
-1.9014862163972948e+00
-1.4943039736605472e+00
-1.2046774104037601e+00
-9.9134905208776436e-01
-8.2978040498155614e-01
-7.0463576007037454e-01
-6.0574138511653564e-01
-5.2625553614721743e-01
-4.6147036808596748e-01
-4.0796475936543064e-01
-3.6322306787802611e-01
-3.2548447336680825e-01
-2.9335602308670683e-01
-2.6572793505925352e-01
-2.4184558612488327e-01
-2.2106728535406064e-01
-2.0285527652501631e-01
-1.8681072231564022e-01
-1.7261551873266542e-01
-1.5998707527951717e-01
-1.4869445938821346e-01
-1.3857128690041487e-01
-1.2946012512288338e-01
-1.2121393615608217e-01
-1.1374309139038605e-01
-1.0695387975197151e-01
-1.0075218305426337e-01
-9.5082350836471263e-02
-8.9887517506253858e-02
-8.5108031501454018e-02
-8.0703751464800660e-02
-7.6640600312997270e-02
-7.2879858480370777e-02
-6.9390741381456886e-02
-6.6152942436115747e-02
-6.3140906010633782e-02
-6.0329898514274762e-02
-5.7708139251660448e-02
-5.5258584228181772e-02
-5.2960680977246384e-02
-5.0808015579504033e-02
-4.8788735458449368e-02
-4.6886657627707454e-02
-4.5097474557968156e-02
-4.3412904532284260e-02
-4.1821066738368558e-02
-4.0317886409235899e-02
-3.8897917554921516e-02
-3.7552332022281136e-02
-3.6277272774667933e-02
-3.5069238241064032e-02
-3.3921594350527738e-02
-3.2830712988567205e-02
-3.1794429886551560e-02
-3.0807703664870574e-02
-2.9867153322209020e-02
-2.8971532910365624e-02
-2.8116966417789355e-02
-2.7300336027388138e-02
-2.6521020097663568e-02
-2.5776004995595389e-02
-2.5062451548022835e-02
-2.4380161631928247e-02
-2.3726655508518244e-02
-2.3099430008702328e-02
-2.2498536498259815e-02
-2.1922110328967764e-02
-2.1367874312313285e-02
-2.0836067157234250e-02
-2.0325112606652727e-02
-1.9833013002791201e-02
-1.9360100865208920e-02
-1.8905052266972120e-02
-1.8466144014715202e-02
-1.8043749291103729e-02
-1.7636727341174819e-02
-1.7243621104339756e-02
-1.6864806605654141e-02
-1.6499273983313922e-02
-1.6145822315219598e-02
-1.5804803891860418e-02
-1.5475300113744685e-02
-1.5156355178212707e-02
-1.4848279174403246e-02
-1.4550214603449569e-02
-1.4261439133970488e-02
-1.3982208233973847e-02
-1.3711702630791873e-02
-1.3449421641270642e-02
-1.3195557893039601e-02
-1.2949312908913494e-02
-1.2710395802469954e-02
-1.2732218618009944e-02
-1.3015574096213253e-02
-1.3308125281005310e-02
-1.3610619279391284e-02
-1.3922851986630090e-02
-1.4245629257137985e-02
-1.4579686126748630e-02
-1.4924750210287703e-02
-1.5281945187616476e-02
-1.5651990073942770e-02
-1.6034533139513123e-02
-1.6431080352104235e-02
-1.6842207751198338e-02
-1.7267844784878323e-02
-1.7709584192958098e-02
-1.8167930437633716e-02
-1.8643235970271056e-02
-1.9137118391862336e-02
-1.9650028607301279e-02
-2.0182832745459640e-02
-2.0737181699927994e-02
-2.1313470917856184e-02
-2.1913190446198265e-02
-2.2538038332211036e-02
-2.3188356403052106e-02
-2.3866394246534240e-02
-2.4573844272643145e-02
-2.5311225152666594e-02
-2.6081491638385232e-02
-2.6886201892993261e-02
-2.7726774890247430e-02
-2.8606375197227467e-02
-2.9526647100659220e-02
-3.0490133954748862e-02
-3.1500285238973282e-02
-3.2558890562977331e-02
-3.3669906254683031e-02
-3.4837127887999704e-02
-3.6062725018991312e-02
-3.7352301182528816e-02
-3.8709763351248413e-02
-4.0139125775082676e-02
-4.1646815729555205e-02
-4.3237410637419260e-02
-4.4917335679363041e-02
-4.6694167682965422e-02
-4.8573472753792923e-02
-5.0564866076304303e-02
-5.2677126842574397e-02
-5.4918593789152044e-02
-5.7301869261072107e-02
-5.9837678651692115e-02
-6.2539160410323105e-02
-6.5422205107491846e-02
-6.8500799392216802e-02
-7.1794812990045406e-02
-7.5324447078660692e-02
-7.9110342215818433e-02
-8.3180341546731387e-02
-8.7561301787957693e-02
-9.2285554326675637e-02
-9.7391233869619634e-02
-1.0291632330183496e-01
-1.0891090302615666e-01
-1.1542819924305556e-01
-1.2252791989975113e-01
-1.3028435377675449e-01
-1.3877654939829612e-01
-1.4810132818364249e-01
-1.5837150260501301e-01
-1.6971232213178561e-01
-1.8228263391827298e-01
-1.9626076986467186e-01
-2.1185198200794478e-01
-2.2932754557288898e-01
-2.4899295764832574e-01
-2.7123387763825935e-01
-2.9651352509908513e-01
-3.2540201796522461e-01
-3.5862217512809708e-01
-3.9706608193893900e-01
-4.4188658760893679e-01
-4.9456231844558152e-01
-5.5701284394485695e-01
-6.3177967040243399e-01
-7.2221554435664614e-01
-8.3309837643368168e-01
-9.7102653056352839e-01
-1.1454327320018469e+00
-1.3699697686191015e+00
-1.6656996102268304e+00
-2.0657451398543776e+00
-2.6234218853766702e+00
-3.4308864630268925e+00
-4.6529497597151295e+00
-6.5959301454419350e+00
-9.8084097570954949e+00
-1.4796685506921460e+01
-1.8548403290221728e+01
0.0000000000000000e+00
2.4055929233035767e-01
0.0000000000000000e+00
0.0000000000000000e+00
];
