%Vec Object:sol 1 MPI processes
%  type: mpi
sol = [
0.0000000000000000e+00
-7.8469036261480525e+01
-3.5662481191281614e+01
-1.6931844634063875e+01
-9.4503542730805883e+00
-5.9440699295192703e+00
-4.0599879613664687e+00
-2.9402041086879391e+00
-2.2237027916723977e+00
-1.7387920909865346e+00
-1.3961646687768374e+00
-1.1447897507590450e+00
-9.5541968167899261e-01
-8.0929768756113474e-01
-6.9414233220137544e-01
-6.0172144632049129e-01
-5.2655131270258426e-01
-4.6459182839788576e-01
-4.1287270886822480e-01
-3.6931853679470239e-01
-3.3230311433838500e-01
-3.0052851359124172e-01
-2.7309327278023876e-01
-2.4924948692169718e-01
-2.2837192572885845e-01
-2.0999502044649951e-01
-1.9374377952347066e-01
-1.7930008844411985e-01
-1.6639622458632380e-01
-1.5483887581815728e-01
-1.4444579336588159e-01
-1.3504735709286197e-01
-1.2653944860715466e-01
-1.1881382997847365e-01
-1.1176232043612350e-01
-1.0532039598686632e-01
-9.9422453922671308e-02
-9.4000077672516599e-02
-8.9006958174793205e-02
-8.4403747877570337e-02
-8.0146105836593137e-02
-7.6198722400923305e-02
-7.2538072239003812e-02
-6.9134913338506521e-02
-6.5961051607600768e-02
-6.3002734551907469e-02
-6.0240456817159581e-02
-5.7650939864229540e-02
-5.5226568946639965e-02
-5.2953781143064795e-02
-5.0814328345982665e-02
-4.8803056568785995e-02
-4.6910482066144524e-02
-4.5123236083313374e-02
-4.3436526687564370e-02
-4.1844085834442366e-02
-4.0335998142437955e-02
-3.8907794093762660e-02
-3.7555405868232312e-02
-3.6271394277826038e-02
-3.5051607130465803e-02
-3.3893487222345600e-02
-3.2791389238424694e-02
-3.1741484334648871e-02
-3.0742251570164140e-02
-2.9789356021783345e-02
-2.8879298850336597e-02
-2.8011264976458689e-02
-2.7181882053394075e-02
-2.6387985198873986e-02
-2.5629232994665574e-02
-2.4902962955092110e-02
-2.4206343573644762e-02
-2.3539342792782931e-02
-2.2899822449378545e-02
-2.2285279425688049e-02
-2.1695874524005485e-02
-2.1129856622791123e-02
-2.0585042455830160e-02
-2.0061702796874508e-02
-1.9558371242208494e-02
-1.9073173052937351e-02
-1.8606430223366908e-02
-1.8156884401202198e-02
-1.7722956151933384e-02
-1.7304977177144042e-02
-1.6901839470799582e-02
-1.6512244429094193e-02
-1.6136504464818360e-02
-1.5773618354343103e-02
-1.5422553165124336e-02
-1.5083582102841215e-02
-1.4755777735798633e-02
-1.4438357352780174e-02
-1.4131541738597472e-02
-1.3834452382905430e-02
-1.3546541563430679e-02
-1.3267968943733548e-02
-1.2997886122252913e-02
-1.2735965324647021e-02
-1.2735664031964947e-02
-1.2996407081589108e-02
-1.3265294927023250e-02
-1.3543025101047724e-02
-1.3829331769290663e-02
-1.4124963837942832e-02
-1.4430598749722894e-02
-1.4745897797845553e-02
-1.5071881911605705e-02
-1.5409210704730341e-02
-1.5757474517134180e-02
-1.6118093365090923e-02
-1.6491554377313873e-02
-1.6877701349281141e-02
-1.7278019632578426e-02
-1.7692910020511841e-02
-1.8122620538579083e-02
-1.8568637448472231e-02
-1.9031291296356296e-02
-1.9511316110072913e-02
-2.0010204019349581e-02
-2.0528211254313904e-02
-2.1066656111006617e-02
-2.1627046187325933e-02
-2.2209562131336211e-02
-2.2816226991388515e-02
-2.3448507800890493e-02
-2.4106727990552010e-02
-2.4793549202094665e-02
-2.5510269078342980e-02
-2.6258040564331675e-02
-2.7039673667344350e-02
-2.7856502380247342e-02
-2.8710705595051511e-02
-2.9605302134199176e-02
-3.0541708941858193e-02
-3.1523381665889111e-02
-3.2553591887104036e-02
-3.3634047802195068e-02
-3.4769674032824910e-02
-3.5963756026526392e-02
-3.7219650399518231e-02
-3.8542940119538523e-02
-3.9937428884830629e-02
-4.1408609311712641e-02
-4.2962993648479983e-02
-4.4605167281801694e-02
-4.6343426604452370e-02
-4.8185217877623705e-02
-5.0137513078073931e-02
-5.2211147894361098e-02
-5.4415131971370136e-02
-5.6760609328947623e-02
-5.9261140614428463e-02
-6.1928421973226386e-02
-6.4779411492535063e-02
-6.7831213029888329e-02
-7.1101174867811062e-02
-7.4613019970909064e-02
-7.8389361711101085e-02
-8.2457558140359280e-02
-8.6849950205244553e-02
-9.1598450732742212e-02
-9.6745553564553111e-02
-1.0233618994496899e-01
-1.0842069191308470e-01
-1.1506196358253283e-01
-1.2232659351203305e-01
-1.3029639862693598e-01
-1.3906667450022384e-01
-1.4874291065136200e-01
-1.5945940496055597e-01
-1.7136702589115038e-01
-1.8464784782022386e-01
-1.9952429959186913e-01
-2.1625429022129364e-01
-2.3515243321079901e-01
-2.5661753970722040e-01
-2.8113256620106114e-01
-3.0930850786687009e-01
-3.4189915616946864e-01
-3.7987947335240196e-01
-4.2450024131700870e-01
-4.7738579754754756e-01
-5.4071240927933117e-01
-6.1738682008667967e-01
-7.1132961883813906e-01
-8.2817571887803021e-01
-9.7596539397500426e-01
-1.1665735833155726e+00
-1.4177165722350125e+00
-1.7576882210185019e+00
-2.2326550105656588e+00
-2.9214991500877603e+00
-3.9652317235034440e+00
-5.6245861369869212e+00
-8.3562497080960778e+00
-1.2503051414716470e+01
-1.5445214181667668e+01
0.0000000000000000e+00
1.3464638167935297e-01
0.0000000000000000e+00
0.0000000000000000e+00
];
