%Vec Object:sol 1 MPI processes
%  type: mpi
sol = [
0.0000000000000000e+00
-8.3946258780624675e+01
-3.6344737917186357e+01
-1.6972900374060497e+01
-9.4144718745810323e+00
-5.9027227707186096e+00
-4.0220301403549836e+00
-2.9075375830869405e+00
-2.1949120158884190e+00
-1.7137177575629003e+00
-1.3736923427853605e+00
-1.1248494421471962e+00
-9.3748981558251843e-01
-7.9289311967816301e-01
-6.7905413331361386e-01
-5.8785768986930820e-01
-5.1374690011869595e-01
-4.5270340167749368e-01
-4.0178478850476063e-01
-3.5891580484690372e-01
-3.2250192943565298e-01
-2.9126949250133605e-01
-2.6432422627997521e-01
-2.4092494968650302e-01
-2.2045283871623836e-01
-2.0244877255459182e-01
-1.8654685663830048e-01
-1.7242346338592854e-01
-1.5981457869114396e-01
-1.4852919796513608e-01
-1.3838764096516815e-01
-1.2922307033826216e-01
-1.2093250866214257e-01
-1.1340933221059518e-01
-1.0654735814157149e-01
-1.0028280913319518e-01
-9.4551078518455234e-02
-8.9285095154326699e-02
-8.4439243081184417e-02
-7.9974726639174473e-02
-7.5848116566799101e-02
-7.2024769430244107e-02
-6.8481437185294744e-02
-6.5188686318536804e-02
-6.2119707918258091e-02
-5.9261022295329258e-02
-5.6593510936215348e-02
-5.4094559085511362e-02
-5.1756475032535609e-02
-4.9565966023579315e-02
-4.7505370404973817e-02
-4.5569452753220628e-02
-4.3748913224024487e-02
-4.2030835148707119e-02
-4.0410418528854596e-02
-3.8881492256071445e-02
-3.7434491038456197e-02
-3.6064991588730666e-02
-3.4768960204216728e-02
-3.3539230035252006e-02
-3.2371733856457800e-02
-3.1263903753340823e-02
-3.0210307608674346e-02
-2.9207227443605717e-02
-2.8253100333693895e-02
-2.7343759690670023e-02
-2.6475833094456488e-02
-2.5648442521522229e-02
-2.4858350064231767e-02
-2.4102524838461852e-02
-2.3380549168870252e-02
-2.2689869665292940e-02
-2.2027790019341725e-02
-2.1394194493438622e-02
-2.0787035426053195e-02
-2.0203941052593533e-02
-1.9644985543143461e-02
-1.9108495011349515e-02
-1.8592409697661905e-02
-1.8096914255021149e-02
-1.7620610491920159e-02
-1.7161736210004962e-02
-1.6720530417113497e-02
-1.6295797326778941e-02
-1.5886056637590570e-02
-1.5491562226975683e-02
-1.5111265714483534e-02
-1.4743952354026493e-02
-1.4389863418617850e-02
-1.4048056528002752e-02
-1.3717565902948734e-02
-1.3398601463822598e-02
-1.3090295594187845e-02
-1.2791915007056256e-02
-1.2503625855665069e-02
-1.2224611799955428e-02
-1.1954355994293482e-02
-1.1692972856109141e-02
-1.1439679606550656e-02
-1.1194160236160208e-02
-1.1178861935098519e-02
-1.1392352233651423e-02
-1.1612328429659664e-02
-1.1839376071164137e-02
-1.2073230138527281e-02
-1.2314521158307518e-02
-1.2563807503376370e-02
-1.2820755951882028e-02
-1.3086258874715193e-02
-1.3360842675439825e-02
-1.3644096015424330e-02
-1.3937222393315372e-02
-1.4240605012355911e-02
-1.4554065580024594e-02
-1.4878855148558379e-02
-1.5215276116763495e-02
-1.5563498153993461e-02
-1.5924763132808342e-02
-1.6299307074623525e-02
-1.6687715371538424e-02
-1.7091224818253408e-02
-1.7510002137814232e-02
-1.7945129441602398e-02
-1.8397846797578891e-02
-1.8868251257436242e-02
-1.9358021176918729e-02
-1.9868352170239134e-02
-2.0399459499796085e-02
-2.0953556869954780e-02
-2.1531686850813331e-02
-2.2134768513012680e-02
-2.2765129816326071e-02
-2.3423838327180733e-02
-2.4112680166627116e-02
-2.4834150175275623e-02
-2.5589383292221501e-02
-2.6381240373152936e-02
-2.7212425146601368e-02
-2.8084313917818571e-02
-2.9001016962808678e-02
-2.9965222739135482e-02
-3.0979735320061073e-02
-3.2049204026825706e-02
-3.3176662689550732e-02
-3.4367151774556987e-02
-3.5625082519552237e-02
-3.6955944776389069e-02
-3.8364707131110953e-02
-3.9859443491752099e-02
-4.1444762434663822e-02
-4.3130471638731072e-02
-4.4923920997465346e-02
-4.6834636362010060e-02
-4.8874093908625266e-02
-5.1052284711835684e-02
-5.3383636981489256e-02
-5.5882767904236304e-02
-5.8564582629579039e-02
-6.1449389217049163e-02
-6.4556693762151451e-02
-6.7910094242697644e-02
-7.1537507881844598e-02
-7.5466709130340315e-02
-7.9734528184712786e-02
-8.4380136476957135e-02
-8.9447576210901769e-02
-9.4991815563633036e-02
-1.0107110116304971e-01
-1.0775530273996990e-01
-1.1513037050792489e-01
-1.2328979734666434e-01
-1.3235240422634192e-01
-1.4245245175191101e-01
-1.5375228295543972e-01
-1.6645055914303875e-01
-1.8077888352835131e-01
-1.9703051533763138e-01
-2.1555899735481282e-01
-2.3680092082082715e-01
-2.6131133924418393e-01
-2.8977812524437185e-01
-3.2309280574684462e-01
-3.6240317675264155e-01
-4.0920515359235021e-01
-4.6550586633984659e-01
-5.3393872724886482e-01
-6.1826484244742574e-01
-7.2371267995694066e-01
-8.5778808911333204e-01
-1.0316408135603115e+00
-1.2619293900747346e+00
-1.5755425892884600e+00
-2.0162238575394973e+00
-2.6589986357516215e+00
-3.6385737678246297e+00
-5.2045066034634662e+00
-7.7906805249089990e+00
-1.1710836501559386e+01
-1.4497735765012436e+01
0.0000000000000000e+00
1.3464638167935297e-01
0.0000000000000000e+00
0.0000000000000000e+00
];
