%Vec Object:sol 1 MPI processes
%  type: mpi
sol = [
0.0000000000000000e+00
-7.7685506852445059e+01
-3.5561466138161009e+01
-1.6919729740870057e+01
-9.4516166519510971e+00
-5.9459966793339829e+00
-4.0619489681980676e+00
-2.9421052839983544e+00
-2.2255234165863009e+00
-1.7401425674582274e+00
-1.3972662898513564e+00
-1.1458774438617312e+00
-9.5631666144326588e-01
-8.1005445705135071e-01
-6.9479302385026021e-01
-6.0237113574681245e-01
-5.2716560923613476e-01
-4.6513972192190067e-01
-4.1336621304695115e-01
-3.6976685320418951e-01
-3.3271342755680816e-01
-3.0090653088306402e-01
-2.7344356490291694e-01
-2.4957576716010327e-01
-2.2867724939920789e-01
-2.1028378926655991e-01
-1.9402540423251430e-01
-1.7957432435639600e-01
-1.6666299164137466e-01
-1.5509821355673784e-01
-1.4469667130258654e-01
-1.3528661348600046e-01
-1.2676813291658667e-01
-1.1903286218553594e-01
-1.1197250324422484e-01
-1.0552244516323461e-01
-9.9617006670297076e-02
-9.4187696612364175e-02
-8.9188149043132034e-02
-8.4578968256061204e-02
-8.0315764366802433e-02
-7.6363187088334464e-02
-7.2697681767088837e-02
-6.9289973651746065e-02
-6.6111837089023101e-02
-6.3149502391283821e-02
-6.0383442172546799e-02
-5.7790351480593180e-02
-5.5362606468133777e-02
-5.3086628900487862e-02
-5.0944149063438554e-02
-4.8930007596347615e-02
-4.7034710093904399e-02
-4.5244871267068804e-02
-4.3555694408444375e-02
-4.1960904698909944e-02
-4.0450573982843761e-02
-3.9020228098392638e-02
-3.7665795290976342e-02
-3.6379826429967260e-02
-3.5158164609687743e-02
-3.3998250772961314e-02
-3.2894431805391804e-02
-3.1842874036870708e-02
-3.0842056195081163e-02
-2.9887637183812495e-02
-2.8976113270417301e-02
-2.8106670135974808e-02
-2.7275930494892374e-02
-2.6480724571612123e-02
-2.5720712483285169e-02
-2.4993227736430985e-02
-2.4295434020524743e-02
-2.3627301337177178e-02
-2.2986688204492539e-02
-2.2371086882695051e-02
-2.1780660564420188e-02
-2.1213655306305628e-02
-2.0667883495736103e-02
-2.0143618470846125e-02
-1.9639391346393874e-02
-1.9153323398035705e-02
-1.8685739236843326e-02
-1.8235378242565645e-02
-1.7800657436246543e-02
-1.7381911087435375e-02
-1.6978029030485203e-02
-1.6587709627545268e-02
-1.6211267732004916e-02
-1.5847699980010621e-02
-1.5495970979367711e-02
-1.5156356185031290e-02
-1.4827925980786074e-02
-1.4509895853436818e-02
-1.4202488549346116e-02
-1.3904823260867217e-02
-1.3616351126890183e-02
-1.3337233534461493e-02
-1.3066619591153437e-02
-1.2804181086643501e-02
-1.2804750497418995e-02
-1.3067803008729138e-02
-1.3339087308613789e-02
-1.3619306563817152e-02
-1.3908198519559994e-02
-1.4206520388908302e-02
-1.4514951674407658e-02
-1.4833154989231134e-02
-1.5162194620801046e-02
-1.5502721189717265e-02
-1.5854310508008247e-02
-1.6218393638833834e-02
-1.6595464380577532e-02
-1.6985369971844900e-02
-1.7389608155027193e-02
-1.7808586719129053e-02
-1.8242560024262337e-02
-1.8693027891483350e-02
-1.9160328378542864e-02
-1.9645205556355825e-02
-2.0149166492095628e-02
-2.0672475553806018e-02
-2.1216465830491204e-02
-2.1782661514250651e-02
-2.2371252192786288e-02
-2.2984281762527290e-02
-2.3623235436175817e-02
-2.4288448040439163e-02
-2.4982608392056998e-02
-2.5707033356284263e-02
-2.6462894771961305e-02
-2.7253033641563573e-02
-2.8078805970171605e-02
-2.8942419341987800e-02
-2.9846928467341546e-02
-3.0793776017325039e-02
-3.1786459195167212e-02
-3.2828291523018853e-02
-3.3921013019351118e-02
-3.5069605775223042e-02
-3.6277402434775639e-02
-3.7547809420175042e-02
-3.8886489816211706e-02
-4.0297143064647954e-02
-4.1785185675514924e-02
-4.3357457200552112e-02
-4.5018617904694712e-02
-4.6777064297705409e-02
-4.8640339240910838e-02
-5.0615510557081515e-02
-5.2713546438842782e-02
-5.4943577884491702e-02
-5.7316893104262967e-02
-5.9847223610804814e-02
-6.2546425612993672e-02
-6.5431670459215108e-02
-6.8520284177831625e-02
-7.1829847057627239e-02
-7.5384381704407671e-02
-7.9206801091505505e-02
-8.3324818145385893e-02
-8.7771188976720135e-02
-9.2578251466224587e-02
-9.7789042543848043e-02
-1.0344907910326009e-01
-1.0960935209012763e-01
-1.1633357316439367e-01
-1.2368920240087822e-01
-1.3175911248322547e-01
-1.4063982830093064e-01
-1.5043821368176080e-01
-1.6129028669265705e-01
-1.7334886444547432e-01
-1.8679836140496825e-01
-2.0186405008114092e-01
-2.1880718535377669e-01
-2.3795844542577757e-01
-2.5971480060849200e-01
-2.8456493615811257e-01
-3.1311341032221884e-01
-3.4612587724439386e-01
-3.8459719128707015e-01
-4.2979379682561603e-01
-4.8336023640784531e-01
-5.4749962114382322e-01
-6.2515425547658554e-01
-7.2038476450516353e-01
-8.3877296769171827e-01
-9.8843953594897149e-01
-1.1814460452235553e+00
-1.4359646882314210e+00
-1.7801554225923961e+00
-2.2612870993640986e+00
-2.9584846435028460e+00
-4.0152223292665274e+00
-5.6957523329294295e+00
-8.4630148288467861e+00
-1.2672372214539259e+01
-1.5673888875257569e+01
0.0000000000000000e+00
1.3464638167935297e-01
0.0000000000000000e+00
0.0000000000000000e+00
];
