%Vec Object:sol 1 MPI processes
%  type: mpi
sol = [
0.0000000000000000e+00
-4.2573488891026891e+01
-2.4711310919085513e+01
-1.3161559778819534e+01
-7.6957153706228913e+00
-4.9533223772572850e+00
-3.4290542798974561e+00
-2.5057861797869747e+00
-1.9067046944479387e+00
-1.4981998583944272e+00
-1.2074442034805413e+00
-9.9321548936327908e-01
-8.3117883839112017e-01
-7.0574041033348367e-01
-6.0661757509801340e-01
-5.2691825839330919e-01
-4.6193335771741578e-01
-4.0827499865988715e-01
-3.6341472935615060e-01
-3.2558322823985814e-01
-2.9338996520080640e-01
-2.6572183179680953e-01
-2.4180593829300370e-01
-2.2099942926012650e-01
-2.0276354977722230e-01
-1.8669875659726368e-01
-1.7248638164051064e-01
-1.5984332106059873e-01
-1.4853823131527619e-01
-1.3840443721220566e-01
-1.2928422528754083e-01
-1.2103029410064579e-01
-1.1355055626863642e-01
-1.0675286334768695e-01
-1.0054404377693697e-01
-9.4868258147705886e-02
-8.9668471424357521e-02
-8.4884886224010872e-02
-8.0477244201506065e-02
-7.6411366062702879e-02
-7.2648445733162148e-02
-6.9157626633611580e-02
-6.5918535717116283e-02
-6.2905563694383729e-02
-6.0093934985550206e-02
-5.7471821710545087e-02
-5.5022144599518708e-02
-5.2724330427501465e-02
-5.0571928406856460e-02
-4.8553061948464309e-02
-4.6651540003716692e-02
-4.4863026426822987e-02
-4.3179222354288657e-02
-4.1588244354982269e-02
-4.0085997921246341e-02
-3.8667023006438699e-02
-3.7322491712958976e-02
-3.6048534389382735e-02
-3.4841636918950661e-02
-3.3695166878971117e-02
-3.2605489222161860e-02
-3.1570427808429669e-02
-3.0584943496626375e-02
-2.9645652782563835e-02
-2.8751298125839739e-02
-2.7898005868599945e-02
-2.7082659400728605e-02
-2.6304626773198544e-02
-2.5560891366928521e-02
-2.4848614371660149e-02
-2.4167583089588354e-02
-2.3515413241419092e-02
-2.2889549447491209e-02
-2.2290051745634774e-02
-2.1715002737909602e-02
-2.1162131150637347e-02
-2.0631665541566299e-02
-2.0122032618867379e-02
-1.9631241929420312e-02
-1.9159616071408227e-02
-1.8705834046515865e-02
-1.8268179748856330e-02
-1.7847016825133635e-02
-1.7441207558531843e-02
-1.7049301484213006e-02
-1.6671665624050612e-02
-1.6307293401883909e-02
-1.5954989679675839e-02
-1.5615098401606622e-02
-1.5286704624275114e-02
-1.4968857237271281e-02
-1.4661858757036203e-02
-1.4364855824426691e-02
-1.4077129471520969e-02
-1.3798928461987154e-02
-1.3529438247648210e-02
-1.3268159976132711e-02
-1.3015280521516603e-02
-1.2770006803623373e-02
-1.2532048055425293e-02
-1.2551211502538608e-02
-1.2828133563122287e-02
-1.3114013574514151e-02
-1.3409583524403221e-02
-1.3714635601294966e-02
-1.4029959213235934e-02
-1.4356273172208459e-02
-1.4693301576045394e-02
-1.5042146147080942e-02
-1.5403508494855745e-02
-1.5777033653196871e-02
-1.6164198724362901e-02
-1.6565562794911393e-02
-1.6981047186413242e-02
-1.7412212412572188e-02
-1.7859545407171717e-02
-1.8323383007447534e-02
-1.8805307794761014e-02
-1.9305752146042136e-02
-1.9825556982509866e-02
-2.0366334934535515e-02
-2.0928461737344171e-02
-2.1513389965867959e-02
-2.2122775564702286e-02
-2.2756939142142180e-02
-2.3418077232471086e-02
-2.4107836696244892e-02
-2.4826709226078263e-02
-2.5577580489803235e-02
-2.6361961368554593e-02
-2.7181224842076478e-02
-2.8038457481915829e-02
-2.8935250209143913e-02
-2.9874075667088957e-02
-3.0858294022697918e-02
-3.1889633446278522e-02
-3.2971947287838907e-02
-3.4108927998503326e-02
-3.5302670139453429e-02
-3.6558636179049267e-02
-3.7880615693319311e-02
-3.9272505874125764e-02
-4.0740565079343129e-02
-4.2289231009796549e-02
-4.3924753475863214e-02
-4.5654502647044543e-02
-4.7483874914807891e-02
-4.9422227791835235e-02
-5.1478095139414919e-02
-5.3659564470905391e-02
-5.5978887624499887e-02
-5.8446500498192479e-02
-6.1075225141630822e-02
-6.3880331164590340e-02
-6.6875672336112080e-02
-7.0079829209576311e-02
-7.3512081061553797e-02
-7.7193212101551570e-02
-8.1150269054853744e-02
-8.5409310529139817e-02
-9.0001722279990926e-02
-9.4964532178163780e-02
-1.0033458705920389e-01
-1.0616051674090694e-01
-1.1249397990316244e-01
-1.1939291802500408e-01
-1.2692945461349048e-01
-1.3518029482663876e-01
-1.4423941949184504e-01
-1.5421632802280938e-01
-1.6523255517536439e-01
-1.7744229698995734e-01
-1.9101919035210632e-01
-2.0617265468345083e-01
-2.2315834997620274e-01
-2.4227318871132375e-01
-2.6389243023267678e-01
-2.8846685647721776e-01
-3.1655137360875785e-01
-3.4884966224980468e-01
-3.8622078238242646e-01
-4.2975851236481161e-01
-4.8092494211713416e-01
-5.4158429717521239e-01
-6.1423239663470075e-01
-7.0220143218000686e-01
-8.1008718887177944e-01
-9.4423847417217943e-01
-1.1137256831711555e+00
-1.3322256248536941e+00
-1.6202101581109052e+00
-2.0093533809210826e+00
-2.5527394308342783e+00
-3.3396555739355342e+00
-4.5309866213795598e+00
-6.4249302752174859e+00
-9.5569585881621180e+00
-1.4403926201776041e+01
-1.8019112721342729e+01
0.0000000000000000e+00
2.4055929233035767e-01
0.0000000000000000e+00
0.0000000000000000e+00
];
