%Vec Object:sol 1 MPI processes
%  type: mpi
sol = [
0.0000000000000000e+00
-4.3116377108383674e+01
-2.4876066930495266e+01
-1.3207246475827956e+01
-7.7119293568033553e+00
-4.9606051073425803e+00
-3.4324926490899124e+00
-2.5073073384046580e+00
-1.9075782213136312e+00
-1.4986329238323064e+00
-1.2074226193753901e+00
-9.9307463039017985e-01
-8.3095934356842527e-01
-7.0546873116634223e-01
-6.0623987271154378e-01
-5.2648367631491810e-01
-4.6149891845094437e-01
-4.0784406920448824e-01
-3.6298957014988903e-01
-3.2516535018798315e-01
-2.9298033744008367e-01
-2.6532105672793005e-01
-2.4141434420922686e-01
-2.2061714872342983e-01
-2.0239059293489794e-01
-1.8633503543597874e-01
-1.7213098929628323e-01
-1.5949005571575653e-01
-1.4818828395383646e-01
-1.3805867108342929e-01
-1.2894326981386328e-01
-1.2069463492455541e-01
-1.1322280893230824e-01
-1.0643380748851559e-01
-1.0023330584695775e-01
-9.4565464255677537e-02
-8.9373263439556760e-02
-8.4596943858346915e-02
-8.0196257961096862e-02
-7.6137033072361471e-02
-7.2380490920514060e-02
-6.8895794084886705e-02
-6.5662568692215054e-02
-6.2655224994775743e-02
-5.9849012611173216e-02
-5.7232097119420108e-02
-5.4787412126151840e-02
-5.2494413956496282e-02
-5.0346640973904289e-02
-4.8332225695826916e-02
-4.6435005120689286e-02
-4.4650633593669782e-02
-4.2970818317552319e-02
-4.1383698173003115e-02
-3.9885174542064326e-02
-3.8469789663262761e-02
-3.7128733363548647e-02
-3.5858135983012553e-02
-3.4654482830655191e-02
-3.3511155562248179e-02
-3.2424522155715271e-02
-3.1392403785938168e-02
-3.0409772527561749e-02
-2.9473250041184722e-02
-2.8581574598185566e-02
-2.7730881533179312e-02
-2.6918060807918420e-02
-2.6142475273286545e-02
-2.5401115592318731e-02
-2.4691150361711118e-02
-2.4012361049725952e-02
-2.3362369367008740e-02
-2.2738627709480198e-02
-2.2141189952734841e-02
-2.1568143740195965e-02
-2.1017225565801673e-02
-2.0488657737398004e-02
-1.9980871336211899e-02
-1.9491883363279956e-02
-1.9022010273531755e-02
-1.8569935003721675e-02
-1.8133948344956886e-02
-1.7714408058480582e-02
-1.7310180112439254e-02
-1.6919820185571973e-02
-1.6543689793873415e-02
-1.6180785950486165e-02
-1.5829918753426042e-02
-1.5491427113394246e-02
-1.5164399706178692e-02
-1.4847889627082434e-02
-1.4542194906335138e-02
-1.4246465937380019e-02
-1.3959986833513530e-02
-1.3683002474424175e-02
-1.3414702282320069e-02
-1.3154589288754352e-02
-1.2902847128421241e-02
-1.2658686977698301e-02
-1.2421818699881987e-02
-1.2439831280043865e-02
-1.2713295004182249e-02
-1.2995596403238427e-02
-1.3287459452692234e-02
-1.3588675826895472e-02
-1.3900026271755727e-02
-1.4222221269147805e-02
-1.4554984785306063e-02
-1.4899406806691507e-02
-1.5256180302376396e-02
-1.5624950652041324e-02
-1.6007179424021526e-02
-1.6403417828796521e-02
-1.6813584874489411e-02
-1.7239224106790553e-02
-1.7680814759391275e-02
-1.8138687270906222e-02
-1.8614406290994635e-02
-1.9108396500484143e-02
-1.9621487283588930e-02
-2.0155272239647689e-02
-2.0710119411570537e-02
-2.1287463388283457e-02
-2.1888939794740256e-02
-2.2514861504727094e-02
-2.3167399009207595e-02
-2.3848177994931153e-02
-2.4557680107925473e-02
-2.5298757071875594e-02
-2.6072898962537089e-02
-2.6881459124729834e-02
-2.7727486833842074e-02
-2.8612550378218499e-02
-2.9539090519664184e-02
-3.0510425861126740e-02
-3.1528259445516051e-02
-3.2596397245487477e-02
-3.3718485951323644e-02
-3.4896587120247013e-02
-3.6136067431855670e-02
-3.7440690280743795e-02
-3.8813959541679294e-02
-4.0262344169692016e-02
-4.1790237778574553e-02
-4.3403803938678855e-02
-4.5110315882315510e-02
-4.6915091723223619e-02
-4.8827366341740001e-02
-5.0855555964697992e-02
-5.3007642456928725e-02
-5.5295726759775211e-02
-5.7730081950907543e-02
-6.0323306356677500e-02
-6.3090648298676749e-02
-6.6045500974156957e-02
-6.9206933457889405e-02
-7.2594317857410259e-02
-7.6227433867579214e-02
-8.0133002937807715e-02
-8.4336770339055969e-02
-8.8869747228830578e-02
-9.3768522070030849e-02
-9.9069506624066911e-02
-1.0482076006227756e-01
-1.1107333880633251e-01
-1.1788451365919697e-01
-1.2532557740893818e-01
-1.3347236027481105e-01
-1.4241777686200466e-01
-1.5227009387574333e-01
-1.6314949331552547e-01
-1.7520846135385212e-01
-1.8861873362042905e-01
-2.0358745575306866e-01
-2.2036753487214542e-01
-2.3925273206518841e-01
-2.6061435056707427e-01
-2.8489848668556983e-01
-3.1264653177994017e-01
-3.4453945504956290e-01
-3.8145072785207618e-01
-4.2448881503184888e-01
-4.7507565753951803e-01
-5.3505757015984423e-01
-6.0690679268682701e-01
-6.9392472915931314e-01
-8.0063800515722028e-01
-9.3326688020111337e-01
-1.1010117882403669e+00
-1.3173230164834799e+00
-1.6022618613449116e+00
-1.9877028768154070e+00
-2.5257633248210083e+00
-3.3054661258890574e+00
-4.4859155651853584e+00
-6.3636243208719332e+00
-9.4681667751298288e+00
-1.4268992054168526e+01
-1.7841151715118524e+01
0.0000000000000000e+00
2.4055929233035767e-01
0.0000000000000000e+00
0.0000000000000000e+00
];
