%Vec Object:sol 1 MPI processes
%  type: mpi
sol = [
0.0000000000000000e+00
-4.6582890615014456e+01
-2.5637247963595946e+01
-1.3223704902924169e+01
-7.5848438251881305e+00
-4.8082573683452159e+00
-3.2827351444849957e+00
-2.3669512524886667e+00
-1.7775286185311769e+00
-1.3785227273459810e+00
-1.0966521052431963e+00
-8.9039849805649762e-01
-7.3548009031310380e-01
-6.1638324232534680e-01
-5.2292753472591302e-01
-4.4834046041508469e-01
-3.8796923507519182e-01
-3.3842849139409892e-01
-2.9730162321223197e-01
-2.6285804670614826e-01
-2.3374969286315683e-01
-2.0890976673592021e-01
-1.8758714067792773e-01
-1.6916439334615760e-01
-1.5313118310365453e-01
-1.3910555484679896e-01
-1.2678245650871231e-01
-1.1589630059373321e-01
-1.0623107668813504e-01
-9.7626659004992719e-02
-8.9936028988997399e-02
-8.3025894042982537e-02
-7.6808702526873524e-02
-7.1197616589418075e-02
-6.6109249093748504e-02
-6.1489634814173050e-02
-5.7286110037324492e-02
-5.3446410795536178e-02
-4.9933157152112120e-02
-4.6714265793600183e-02
-4.3756054723598219e-02
-4.1031263337472118e-02
-3.8520086530939912e-02
-3.6200337928014852e-02
-3.4051308158372068e-02
-3.2060715143530399e-02
-3.0213682973589975e-02
-2.8493994806679582e-02
-2.6894061643761350e-02
-2.5403525224156846e-02
-2.4010117449146925e-02
-2.2708497020353744e-02
-2.1491369253175751e-02
-2.0349872701563854e-02
-1.9279564428425107e-02
-1.8275435112509158e-02
-1.7330993171382331e-02
-1.6442496364768581e-02
-1.5606484909546216e-02
-1.4818139799298129e-02
-1.4074288177092178e-02
-1.3372529159451099e-02
-1.2709239467986503e-02
-1.2081720985278046e-02
-1.1488301047891893e-02
-1.0926220961206315e-02
-1.0393185361402392e-02
-9.8880240759245709e-03
-9.4086086302768383e-03
-8.9529913232832721e-03
-8.5203479541544769e-03
-8.1090133841095879e-03
-7.7173416537913110e-03
-7.3447459789616459e-03
-6.9899044749344146e-03
-6.6514335090914183e-03
-6.3289081816024781e-03
-6.0212626844813322e-03
-5.7273412770488304e-03
-5.4468281563565448e-03
-5.1788496963526172e-03
-4.9224475380680284e-03
-4.6773780248634666e-03
-4.4429123886651880e-03
-4.2182623707525896e-03
-4.0032303935915803e-03
-3.7971969422241616e-03
-3.5995191629588164e-03
-3.4100268480334265e-03
-3.2281822106830830e-03
-3.0534650337381130e-03
-2.8857183100671306e-03
-2.7244635075447990e-03
-2.5692812336286191e-03
-2.4200154799251931e-03
-2.2762264417372732e-03
-2.1375730309085247e-03
-2.0038867942200780e-03
-1.8747421116611226e-03
-1.7498551355477712e-03
-1.6620116864914569e-03
-1.6056471486742920e-03
-1.5458588119994095e-03
-1.4826702842133280e-03
-1.4157151434529261e-03
-1.3450455686496651e-03
-1.2705637213186905e-03
-1.1920416595781371e-03
-1.1095779669368440e-03
-1.0232592049294210e-03
-9.3294031065419437e-04
-8.3913884494638674e-04
-7.4233904163074340e-04
-6.4310059204550449e-04
-5.4315942624975249e-04
-4.4479245121094909e-04
-3.5156691228774880e-04
-2.7008251498927951e-04
-2.0779137628329299e-04
-1.6943307824536996e-04
-1.5464119890877596e-04
-1.6305840836914069e-04
-2.1082806482188395e-04
-3.1736603793554622e-04
-4.7690962238323281e-04
-6.7431880831441944e-04
-9.0075382119784249e-04
-1.1518355454943222e-03
-1.4260533350571977e-03
-1.7232034410610156e-03
-2.0432202329004972e-03
-2.3872995977285583e-03
-2.7563710541992567e-03
-3.1518611509613469e-03
-3.5755796565273578e-03
-4.0291453473585773e-03
-4.5148167210322717e-03
-5.0349992532635326e-03
-5.5919051398326631e-03
-6.1887080786926984e-03
-6.8284131560621278e-03
-7.5142481272771492e-03
-8.2502743712812299e-03
-9.0403655140771731e-03
-9.8891287354672675e-03
-1.0801821489812541e-02
-1.1783463891761159e-02
-1.2840612896227923e-02
-1.3980055522988772e-02
-1.5208878465374377e-02
-1.6536009258585831e-02
-1.7970402335611649e-02
-1.9522409991506010e-02
-2.1204089848087988e-02
-2.3027655276140768e-02
-2.5008315687797732e-02
-2.7162514067653437e-02
-2.9507992832678388e-02
-3.2066642133239537e-02
-3.4861526984987797e-02
-3.7919629494415331e-02
-4.1272437668246689e-02
-4.4953615843282439e-02
-4.9004798431350471e-02
-5.3472174321286030e-02
-5.8408383558010125e-02
-6.3877198537151139e-02
-6.9949521528172895e-02
-7.6710744250047105e-02
-8.4261255715540606e-02
-9.2715732964233938e-02
-1.0221642406240916e-01
-1.1292798569168624e-01
-1.2504932293510687e-01
-1.3882355118433040e-01
-1.5453890595933240e-01
-1.7255727722302236e-01
-1.9331963286561007e-01
-2.1737306341238111e-01
-2.4541274683144759e-01
-2.7830816049611101e-01
-3.1718591153539222e-01
-3.6350366183134258e-01
-4.1916986723748501e-01
-4.8675097618900026e-01
-5.6962901717401160e-01
-6.7262879745615001e-01
-8.0249464163608353e-01
-9.6893246612446515e-01
-1.1863863288332968e+00
-1.4764491258446284e+00
-1.8740936166625992e+00
-2.4361612721532642e+00
-3.2608927543344399e+00
-4.5248021092563366e+00
-6.5602659882684948e+00
-9.9768537699430162e+00
-1.5409280895674371e+01
-1.9776537217836612e+01
0.0000000000000000e+00
2.4055929233035767e-01
0.0000000000000000e+00
0.0000000000000000e+00
];
