%Vec Object:sol 1 MPI processes
%  type: mpi
sol = [
0.0000000000000000e+00
-4.1692750521251654e+01
-2.4429463966880558e+01
-1.3082751674254032e+01
-7.6657790975534841e+00
-4.9385794353786903e+00
-3.4209944172358466e+00
-2.5002857661599940e+00
-1.9033987551521749e+00
-1.4957297431606011e+00
-1.2057686937528929e+00
-9.9207356579890271e-01
-8.3028233566912213e-01
-7.0503067498163519e-01
-6.0605311181754862e-01
-5.2650152125299665e-01
-4.6166375047308622e-01
-4.0811552090127551e-01
-3.6331567915407725e-01
-3.2552136548220911e-01
-2.9335893331590585e-01
-2.6571661347001163e-01
-2.4182236731648044e-01
-2.2103408498115573e-01
-2.0281365077412070e-01
-1.8676197352254723e-01
-1.7256074628521562e-01
-1.5992719388096976e-01
-1.4863023601612083e-01
-1.3850338373104062e-01
-1.2938910373387574e-01
-1.2114026782048859e-01
-1.1366718963440391e-01
-1.0687609938940924e-01
-1.0067282551172156e-01
-9.5001680647744377e-02
-8.9805763878995540e-02
-8.5025392186154486e-02
-8.0620399445495122e-02
-7.6556686183391578e-02
-7.2795513635294656e-02
-6.9306081264816063e-02
-6.6068067006599854e-02
-6.3055902939523359e-02
-6.0244846223736236e-02
-5.7623104308632822e-02
-5.5173625131873301e-02
-5.2875850707022116e-02
-5.0723373605185751e-02
-4.8703872632756350e-02
-4.6801466805554817e-02
-4.5012050720429166e-02
-4.3327330639826113e-02
-4.1735419752055504e-02
-4.0232231681861963e-02
-3.8812311347734413e-02
-3.7466827267324462e-02
-3.6191914710413629e-02
-3.4984064725252423e-02
-3.3836641479288977e-02
-3.2746012150705932e-02
-3.1710006097336728e-02
-3.0723581098217968e-02
-2.9783353709056506e-02
-2.8888072220522296e-02
-2.8033860260246589e-02
-2.7217599613204784e-02
-2.6438664421616073e-02
-2.5694035694534930e-02
-2.4980871777998633e-02
-2.4298966239982869e-02
-2.3645932710909017e-02
-2.3019212115814685e-02
-2.2418870826228048e-02
-2.1842989551335075e-02
-2.1289292813962652e-02
-2.0758015468039365e-02
-2.0247582435544365e-02
-1.9755998857216843e-02
-1.9283593482989334e-02
-1.8829043541900032e-02
-1.8390628584244853e-02
-1.7968718169026645e-02
-1.7562172731951538e-02
-1.7169537759821892e-02
-1.6791185856923848e-02
-1.6426108440847551e-02
-1.6073106820070297e-02
-1.5732530114843744e-02
-1.5403461141663044e-02
-1.5084945906236680e-02
-1.4777291622626997e-02
-1.4479642388319626e-02
-1.4191277169148692e-02
-1.3912448889228660e-02
-1.3642340091585492e-02
-1.3380450802730167e-02
-1.3126971468798763e-02
-1.2881105681310205e-02
-1.2642562609106124e-02
-1.2663383426620952e-02
-1.2944302009612055e-02
-1.3234326434872939e-02
-1.3534198087678005e-02
-1.3843711488003065e-02
-1.4163666266954181e-02
-1.4494791325603849e-02
-1.4836812980265752e-02
-1.5190846598810039e-02
-1.5557604620190861e-02
-1.5936734128055137e-02
-1.6329730161160284e-02
-1.6737162363584759e-02
-1.7158957144305393e-02
-1.7596695048660606e-02
-1.8050873934127777e-02
-1.8521840376467744e-02
-1.9011198734330305e-02
-1.9519392938761964e-02
-2.0047279610733940e-02
-2.0596495184955255e-02
-2.1167427697201816e-02
-2.1761553045448981e-02
-2.2380553377987868e-02
-2.3024762552663225e-02
-2.3696410114627135e-02
-2.4397171287208669e-02
-2.5127554603601669e-02
-2.5890488716970691e-02
-2.6687513968899165e-02
-2.7520032006704338e-02
-2.8391177948571940e-02
-2.9302575979895863e-02
-3.0256742787340800e-02
-3.1257094147398155e-02
-3.2305396540037626e-02
-3.3405567441239264e-02
-3.4561363550340778e-02
-3.5774926129874707e-02
-3.7051804976344062e-02
-3.8395864097264990e-02
-3.9811072927763889e-02
-4.1303794840249493e-02
-4.2878555413688686e-02
-4.4541712805596871e-02
-4.6300766208512589e-02
-4.8161217483616875e-02
-5.0132584689480883e-02
-5.2223553782687733e-02
-5.4442371411525983e-02
-5.6801511722022954e-02
-5.9311583562949591e-02
-6.1985586652248147e-02
-6.4839246958035696e-02
-6.7886398036114695e-02
-7.1146704474575523e-02
-7.4640154494224398e-02
-7.8387167052534443e-02
-8.2415297920092542e-02
-8.6751118030547830e-02
-9.1426619971197748e-02
-9.6479542072941904e-02
-1.0194746350371432e-01
-1.0787994710516374e-01
-1.1432966291577457e-01
-1.2135569435312521e-01
-1.2903156399691051e-01
-1.3743549755325429e-01
-1.4666021500925430e-01
-1.5681678391456744e-01
-1.6803141397854568e-01
-1.8046102193017549e-01
-1.9428231522093767e-01
-2.0970839527288340e-01
-2.2699938989644594e-01
-2.4645739236403025e-01
-2.6846415371657545e-01
-2.9347822083276104e-01
-3.2206399812821629e-01
-3.5493711791888449e-01
-3.9298085961230639e-01
-4.3733679559831401e-01
-4.8946922427911776e-01
-5.5123761630767387e-01
-6.2516701643741257e-01
-7.1467537024281080e-01
-8.2443174022810095e-01
-9.6097402673273935e-01
-1.1335702919053705e+00
-1.3557651579178425e+00
-1.6486209920643293e+00
-2.0445399728435358e+00
-2.5969849220457215e+00
-3.3966246453354612e+00
-4.6072232554509460e+00
-6.5318346201014057e+00
-9.7143100400476481e+00
-1.4649954600452450e+01
-1.8350791255348085e+01
0.0000000000000000e+00
2.4055929233035767e-01
0.0000000000000000e+00
0.0000000000000000e+00
];
