%Vec Object:sol 1 MPI processes
%  type: mpi
sol = [
0.0000000000000000e+00
-4.6596818170166252e+01
-2.5642519747569089e+01
-1.3226207592455557e+01
-7.5866189797026324e+00
-4.8097468942699448e+00
-3.2840552624044057e+00
-2.3681735844463034e+00
-1.7786641631049782e+00
-1.3796012253806604e+00
-1.0976730360363891e+00
-8.9137805280618587e-01
-7.3642341027828351e-01
-6.1729463702806853e-01
-5.2381050301764231e-01
-4.4919794054243534e-01
-3.8880029190348964e-01
-3.3923912968240755e-01
-2.9809359592182533e-01
-2.6363301014639889e-01
-2.3450911260745150e-01
-2.0965480910286188e-01
-1.8831895072994939e-01
-1.6988401469831382e-01
-1.5383947811054596e-01
-1.3980332353850877e-01
-1.2747047458610519e-01
-1.1657523827196233e-01
-1.0690150574587934e-01
-9.8289176044385335e-02
-9.0591176498689335e-02
-8.3674086432158887e-02
-7.7450411660854923e-02
-7.1833283472219317e-02
-6.6739202289026744e-02
-6.2114243071015020e-02
-5.7905733113054317e-02
-5.4061330994564546e-02
-5.0543658695892051e-02
-4.7320647743621408e-02
-4.4358565380070505e-02
-4.1630122889778791e-02
-3.9115547661859706e-02
-3.6792622913730220e-02
-3.4640588166043235e-02
-3.2647206712954242e-02
-3.0797588122000393e-02
-2.9075446437644613e-02
-2.7473247636031910e-02
-2.5980626638491620e-02
-2.4585246441463076e-02
-2.3281813698222888e-02
-2.2063033021550982e-02
-2.0919988231274871e-02
-1.9848264790846587e-02
-1.8842861936289392e-02
-1.7897244754670819e-02
-1.7007683904201928e-02
-1.6170735268845552e-02
-1.5381545650774766e-02
-1.4636942999640780e-02
-1.3934547437688086e-02
-1.3270708709026479e-02
-1.2642720407249975e-02
-1.2048934703654476e-02
-1.1486571529294604e-02
-1.0953320739121074e-02
-1.0448039548786616e-02
-9.9685824526016993e-03
-9.5129825797512363e-03
-9.0804446935968761e-03
-8.6692899367763771e-03
-8.2778506556179555e-03
-7.9055698041356204e-03
-7.5511142730495156e-03
-7.2130778941661752e-03
-6.8910656595336569e-03
-6.5840024340259092e-03
-6.2907106717375811e-03
-6.0109041895895655e-03
-5.7437015914656182e-03
-5.4881249782484957e-03
-5.2439598732010421e-03
-5.0104712887014489e-03
-4.7868552979125614e-03
-4.5729432752942183e-03
-4.3681115327321223e-03
-4.1717072404807692e-03
-3.9835897783280852e-03
-3.8032205207871234e-03
-3.6300772333574230e-03
-3.4640353572413674e-03
-3.3046212181123140e-03
-3.1514252677418962e-03
-3.0043306435044931e-03
-2.8629133530174303e-03
-2.7268610460504271e-03
-2.5960579751656554e-03
-2.4701200609151554e-03
-2.3488140955751778e-03
-2.2772777268619867e-03
-2.2509906550964949e-03
-2.2233677738133810e-03
-2.1945496347663910e-03
-2.1644624044364963e-03
-2.1333219629648243e-03
-2.1013485972437079e-03
-2.0685858712984730e-03
-2.0354437060033427e-03
-2.0023464874246518e-03
-1.9695201940755475e-03
-1.9377731244421858e-03
-1.9078130038109552e-03
-1.8803643379086648e-03
-1.8567306634248309e-03
-1.8381652993488869e-03
-1.8261129813450403e-03
-1.8225330566122740e-03
-1.8293011392352819e-03
-1.8485331696540526e-03
-1.8825806496067202e-03
-1.9334448657032234e-03
-2.0032234617674647e-03
-2.0937989859314008e-03
-2.2064229908595294e-03
-2.3424704459162511e-03
-2.5029105927260324e-03
-2.6882490323888938e-03
-2.8994141365737990e-03
-3.1369741777040041e-03
-3.4014943765845406e-03
-3.6939794971948630e-03
-4.0152368009913871e-03
-4.3664259142804033e-03
-4.7490314405191809e-03
-5.1643997869357736e-03
-5.6144486956986621e-03
-6.1013831932342638e-03
-6.6270039946470334e-03
-7.1946982103406470e-03
-7.8065605222484057e-03
-8.4662984676424306e-03
-9.1775056038138104e-03
-9.9439143543350629e-03
-1.0770063318439277e-02
-1.1661080040099095e-02
-1.2621899746535027e-02
-1.3658951211902901e-02
-1.4778968087570007e-02
-1.5988889980123988e-02
-1.7297616988142417e-02
-1.8713994013687358e-02
-2.0248306081557355e-02
-2.1912547533725121e-02
-2.3718836097270071e-02
-2.5682324767874611e-02
-2.7819379129282385e-02
-3.0147647768733729e-02
-3.2688957539155523e-02
-3.5466272623936777e-02
-3.8506483294857244e-02
-4.1840984495121435e-02
-4.5503309326332182e-02
-4.9534984640684711e-02
-5.3982056128505949e-02
-5.8896999876942573e-02
-6.4343423784198994e-02
-7.0392015895438864e-02
-7.7127941302007175e-02
-8.4651322808284898e-02
-9.3076511500275155e-02
-1.0254540029349794e-01
-1.1322220494495791e-01
-1.2530531568846823e-01
-1.3903723600940335e-01
-1.5470545266012653e-01
-1.7267096337843033e-01
-1.9337363565541515e-01
-2.1735920864264491e-01
-2.4532118112333301e-01
-2.7812692431501801e-01
-3.1690037527578269e-01
-3.6309577250340391e-01
-4.1861714624808088e-01
-4.8600814006624860e-01
-5.6866939152874552e-01
-6.7140859299417821e-01
-8.0095169522783349e-01
-9.6698383152026945e-01
-1.1839181527891933e+00
-1.4732510363909987e+00
-1.8699836114980366e+00
-2.4307183412368341e+00
-3.2535589320538265e+00
-4.5146869760523929e+00
-6.5458626985323871e+00
-9.9550415769163436e+00
-1.5374990173349062e+01
-1.9729607386527441e+01
0.0000000000000000e+00
2.4055929233035767e-01
0.0000000000000000e+00
0.0000000000000000e+00
];
