%Vec Object:sol 1 MPI processes
%  type: mpi
sol = [
0.0000000000000000e+00
-8.5017968240882851e+01
-3.6414467996437800e+01
-1.6940236758272398e+01
-9.3736815720825923e+00
-5.8656348053075007e+00
-3.9899540363516026e+00
-2.8793282251142536e+00
-2.1702774246634360e+00
-1.6914552636512024e+00
-1.3537071983045637e+00
-1.1067185173819836e+00
-9.2071995509235927e-01
-7.7746646397867403e-01
-6.6477726775849622e-01
-5.7457709953290548e-01
-5.0133707452061393e-01
-4.4103802980783596e-01
-3.9076939157459606e-01
-3.4850832928648640e-01
-3.1265202971863337e-01
-2.8192445844835717e-01
-2.5543721643137957e-01
-2.3245505321274867e-01
-2.1236515981886478e-01
-1.9471232645084127e-01
-1.7913369226274720e-01
-1.6530914216567788e-01
-1.5297768121954780e-01
-1.4194977342113027e-01
-1.3204781730905218e-01
-1.2310753813574511e-01
-1.1502653123058268e-01
-1.0769950184828811e-01
-1.0102219557249045e-01
-9.4929686724409906e-02
-8.9359509619238192e-02
-8.4246434283327204e-02
-7.9545325546062709e-02
-7.5217738228330125e-02
-7.1221092443203640e-02
-6.7521355951857556e-02
-6.4095359198061364e-02
-6.0915040495774522e-02
-5.7953557773631259e-02
-5.5197149900670019e-02
-5.2627079958876062e-02
-5.0221468431331455e-02
-4.7972447458974096e-02
-4.5866985832777887e-02
-4.3888080243879461e-02
-4.2030335932322256e-02
-4.0284625351975398e-02
-3.8638537931485244e-02
-3.7087219892992872e-02
-3.5624578085170305e-02
-3.4241437865091651e-02
-3.2933399142819397e-02
-3.1696438666469269e-02
-3.0523692432519553e-02
-2.9411170927085676e-02
-2.8356269109067547e-02
-2.7353791083135143e-02
-2.6400133210893149e-02
-2.5493662872320091e-02
-2.4630399360099357e-02
-2.3807107143690505e-02
-2.3022817290334563e-02
-2.2274439894452214e-02
-2.1559092820095157e-02
-2.0876254681520254e-02
-2.0223491942010417e-02
-1.9598260506557531e-02
-1.9000334542150304e-02
-1.8427765746412066e-02
-1.7878331467900983e-02
-1.7351994276993393e-02
-1.6847165196394218e-02
-1.6361925354371896e-02
-1.5896350029048198e-02
-1.5449116284725310e-02
-1.5018590611950154e-02
-1.4604907699513234e-02
-1.4206941179782573e-02
-1.3823324176525599e-02
-1.3454213452448982e-02
-1.3098627253484338e-02
-1.2755446656005648e-02
-1.2424824637619057e-02
-1.2105885085492898e-02
-1.1797738679486266e-02
-1.1500517062650782e-02
-1.1213420476730346e-02
-1.0935771430434872e-02
-1.0667668687922070e-02
-1.0408366907734378e-02
-1.0157383433531364e-02
-9.9147768200075776e-03
-9.6798396877282467e-03
-9.4522679369294822e-03
-9.4194559242310755e-03
-9.5789723109225948e-03
-9.7430860237460604e-03
-9.9122575047914351e-03
-1.0086227892858174e-02
-1.0265494360894649e-02
-1.0450489273092743e-02
-1.0640896550498947e-02
-1.0837427723514932e-02
-1.1040483791224635e-02
-1.1249684590567256e-02
-1.1465994945729531e-02
-1.1689693488437757e-02
-1.1920595509639656e-02
-1.2159698652287046e-02
-1.2407213848084358e-02
-1.2663245532582129e-02
-1.2928778686230860e-02
-1.3203971332648322e-02
-1.3489271196162505e-02
-1.3785656649023979e-02
-1.4093234339641512e-02
-1.4412859943170972e-02
-1.4745516132210789e-02
-1.5091263033501157e-02
-1.5451444688963648e-02
-1.5827015415384796e-02
-1.6218146977308251e-02
-1.6626624320691546e-02
-1.7053295430577604e-02
-1.7498920247468488e-02
-1.7965393385860933e-02
-1.8453612045841328e-02
-1.8965061320917662e-02
-1.9501801693230004e-02
-2.0064829811008097e-02
-2.0656532385786696e-02
-2.1279189335009559e-02
-2.1934059416967380e-02
-2.2624584000371491e-02
-2.3353124526160177e-02
-2.4122156094628582e-02
-2.4935653679141023e-02
-2.5796435344071514e-02
-2.6708679798790914e-02
-2.7676775709021176e-02
-2.8704955651029269e-02
-2.9798501193561137e-02
-3.0963839666498915e-02
-3.2205884390648649e-02
-3.3533060905185624e-02
-3.4952347991298975e-02
-3.6472458043790179e-02
-3.8103858887448702e-02
-3.9856048776504317e-02
-4.1742260220459931e-02
-4.3776153471203408e-02
-4.5971927588502950e-02
-4.8348422536499867e-02
-5.0924266975883647e-02
-5.3721819986056060e-02
-5.6767454668558238e-02
-6.0088080928973574e-02
-6.3718622565840100e-02
-6.7696793380137510e-02
-7.2065266826644631e-02
-7.6876799287708630e-02
-8.2187761903508808e-02
-8.8067599235778282e-02
-9.4598781572217211e-02
-1.0187325896855894e-01
-1.1000687026278877e-01
-1.1913185332767248e-01
-1.2940816550315173e-01
-1.4103156002245451e-01
-1.5423201170339740e-01
-1.6929983195581969e-01
-1.8658680217936921e-01
-2.0652846488656817e-01
-2.2967868167770150e-01
-2.5672703533865299e-01
-2.8856761235601303e-01
-3.2635469962954056e-01
-3.7159665431671296e-01
-4.2632163780794452e-01
-4.9325332681646283e-01
-5.7610433253299131e-01
-6.8023267007221511e-01
-8.1328155525758206e-01
-9.8662184445052814e-01
-1.2174946582971133e+00
-1.5330677846076284e+00
-1.9786983576761412e+00
-2.6310025327190312e+00
-3.6296165917293410e+00
-5.2330585239637566e+00
-7.8954615571518749e+00
-1.1972556262037333e+01
-1.4947568992364397e+01
0.0000000000000000e+00
1.3464638167935297e-01
0.0000000000000000e+00
0.0000000000000000e+00
];
