%Vec Object:sol 1 MPI processes
%  type: mpi
sol = [
0.0000000000000000e+00
-4.1305796791349778e+01
-2.4302892729447212e+01
-1.3046651601503751e+01
-7.6512573173859444e+00
-4.9321243921780207e+00
-3.4174070731016957e+00
-2.4978938020439885e+00
-1.9019756728030350e+00
-1.4946684778526687e+00
-1.2049560882686814e+00
-9.9156613378122749e-01
-8.2990710427693803e-01
-7.0473515277929788e-01
-6.0581956267378767e-01
-5.2631695764901276e-01
-4.6151839068002187e-01
-4.0800193262361734e-01
-3.6325134837753870e-01
-3.2550467755359347e-01
-2.9335522581064960e-01
-2.6572357152353671e-01
-2.4183824622451114e-01
-2.2105745287270648e-01
-2.0284334421835168e-01
-1.8679701868984377e-01
-1.7260032092048064e-01
-1.5997061369153701e-01
-1.4867692709003438e-01
-1.3855285042921414e-01
-1.2944092558814449e-01
-1.2119409190262451e-01
-1.1372270612525867e-01
-1.0693304235661751e-01
-1.0073096899930230e-01
-9.5060826240276688e-02
-8.9865739569019679e-02
-8.5086049538983591e-02
-8.0681608555102174e-02
-7.6618333860716648e-02
-7.2857501095685395e-02
-6.9368321679965581e-02
-6.6130485096765071e-02
-6.3118432647940800e-02
-6.0307428467827530e-02
-5.7685688827330737e-02
-5.5236167626474632e-02
-5.2938311478593077e-02
-5.0785703875567287e-02
-4.8766490743671752e-02
-4.6864488985953155e-02
-4.5075388946832433e-02
-4.3390907784626100e-02
-4.1799164855148278e-02
-4.0296083904198671e-02
-3.8876217938908206e-02
-3.7530739099652100e-02
-3.6255789408146902e-02
-3.5047866324297593e-02
-3.3900336104788598e-02
-3.2809570243600046e-02
-3.1773402428806594e-02
-3.0786794507722377e-02
-2.9846380827944656e-02
-2.8950736362010909e-02
-2.8096080886173450e-02
-2.7279375277598290e-02
-2.6500001719487035e-02
-2.5754940039007343e-02
-2.5041347195321032e-02
-2.4359019581209569e-02
-2.3705569796222955e-02
-2.3078437004946113e-02
-2.2477690442241578e-02
-2.1901409893086539e-02
-2.1347317901627083e-02
-2.0815652172430664e-02
-2.0304836764327729e-02
-1.9812874759043749e-02
-1.9340097693661743e-02
-1.8885181949691816e-02
-1.8446405057321841e-02
-1.8024139254675831e-02
-1.7617244103174202e-02
-1.7224263213105700e-02
-1.6845571717916178e-02
-1.6480160094459444e-02
-1.6126828007584824e-02
-1.5785926921587576e-02
-1.5456538610576767e-02
-1.5137707747580654e-02
-1.4829743672675883e-02
-1.4531789307058143e-02
-1.4243122660766522e-02
-1.3963998539258308e-02
-1.3693598146655866e-02
-1.3431420987206674e-02
-1.3177659120614152e-02
-1.2931514612061412e-02
-1.2692696591220397e-02
-1.2714259442051522e-02
-1.2996980638066005e-02
-1.3288874177156356e-02
-1.3590685677630651e-02
-1.3902210680952341e-02
-1.4224253422424305e-02
-1.4557547342468318e-02
-1.4901819722767313e-02
-1.5258192080221380e-02
-1.5627381720554678e-02
-1.6009036610839550e-02
-1.6404659874558691e-02
-1.6814825890148825e-02
-1.7239463320234433e-02
-1.7680161732001220e-02
-1.8137423873358753e-02
-1.8611600671762540e-02
-1.9104306284283498e-02
-1.9615989806791911e-02
-2.0147514898917897e-02
-2.0700528695385408e-02
-2.1275424721968764e-02
-2.1873689348883077e-02
-2.2497016491655468e-02
-2.3145745912656213e-02
-2.3822121989931874e-02
-2.4527832669057274e-02
-2.5263393993847659e-02
-2.6031753932085580e-02
-2.6834466020358248e-02
-2.7672944735671678e-02
-2.8550346992667727e-02
-2.9468311861476252e-02
-3.0429375771052147e-02
-3.1436979445650375e-02
-3.2492906494291304e-02
-3.3601103152731578e-02
-3.4765354899276187e-02
-3.5987823950642706e-02
-3.7274099881571751e-02
-3.8628078511645132e-02
-4.0053762458759357e-02
-4.1557562402042211e-02
-4.3144042309638635e-02
-4.4819609961042825e-02
-4.6591822026054434e-02
-4.8466227940654492e-02
-5.0452417669923526e-02
-5.2559146204645184e-02
-5.4794728384051201e-02
-5.7171733269673911e-02
-5.9700856010541481e-02
-6.2395199048845496e-02
-6.5270610229758358e-02
-6.8341036479977552e-02
-7.1626294280809646e-02
-7.5146529547063259e-02
-7.8922325338908417e-02
-8.2981450222138306e-02
-8.7350686767032809e-02
-9.2062278453889770e-02
-9.7154257136960298e-02
-1.0266450098567449e-01
-1.0864295611631387e-01
-1.1514270445668422e-01
-1.2222329195993606e-01
-1.2995880865557527e-01
-1.3842808947429383e-01
-1.4772769700228697e-01
-1.5797014283878549e-01
-1.6928034128314801e-01
-1.8181613287002918e-01
-1.9574695095406636e-01
-2.1129508827558249e-01
-2.2872274558634359e-01
-2.4833432694017057e-01
-2.7051447856116589e-01
-2.9572520886233972e-01
-3.2453515502693681e-01
-3.5766527359581873e-01
-3.9600536831463146e-01
-4.4070536687729372e-01
-4.9324018430563804e-01
-5.5552462314454287e-01
-6.3006313654117030e-01
-7.2025849676931319e-01
-8.3084927862762392e-01
-9.6841819806370388e-01
-1.1423760163335661e+00
-1.3662846663931836e+00
-1.6612699174298591e+00
-2.0602458712750567e+00
-2.6165681038443833e+00
-3.4220066137819907e+00
-4.6411033763363134e+00
-6.5793328794405257e+00
-9.7840608061457459e+00
-1.4758747337208032e+01
-1.8497325092179118e+01
0.0000000000000000e+00
2.4055929233035767e-01
0.0000000000000000e+00
0.0000000000000000e+00
];
