%Vec Object:sol 1 MPI processes
%  type: mpi
sol = [
0.0000000000000000e+00
-4.0978231727653537e+01
-2.4194970384628338e+01
-1.3014679618749478e+01
-7.6388935986784148e+00
-4.9266402979041981e+00
-3.4139597147702134e+00
-2.4958771948844056e+00
-1.9007023688255500e+00
-1.4937807306226671e+00
-1.2042774243171210e+00
-9.9103753322002774e-01
-8.2959896404314204e-01
-7.0449349180450360e-01
-6.0562955213857683e-01
-5.2616774203325856e-01
-4.6140179644250712e-01
-4.0791175286069553e-01
-3.6318281932552265e-01
-3.2545474465982932e-01
-2.9334371825581251e-01
-2.6573468150623414e-01
-2.4185659022133527e-01
-2.2108185413174322e-01
-2.0287284737214512e-01
-1.8683082465226888e-01
-1.7263775558587108e-01
-1.6001111659991707e-01
-1.4872002861681191e-01
-1.3859814551550617e-01
-1.2948807103452084e-01
-1.2124279985875686e-01
-1.1377272439244566e-01
-1.0698415480747488e-01
-1.0078299209801775e-01
-9.5113599234775498e-02
-8.9919123411509636e-02
-8.5139924297997063e-02
-8.0735869567978236e-02
-7.6672890239647074e-02
-7.2912273600035937e-02
-6.9423240780753848e-02
-6.6185490863742050e-02
-6.3173472596070063e-02
-6.0362455626354984e-02
-5.7740663632259707e-02
-5.5291055631731714e-02
-5.2993080445365597e-02
-5.0840327893063676e-02
-4.8820947542018857e-02
-4.6918756531985323e-02
-4.5129450405909217e-02
-4.3444749059024831e-02
-4.1852771412111717e-02
-4.0349444844421163e-02
-3.8929324807640289e-02
-3.7583582707073626e-02
-3.6308362863257879e-02
-3.5100165098832799e-02
-3.3952354863568991e-02
-3.2861304715774538e-02
-3.1824851805210067e-02
-3.0837954266731100e-02
-2.9897231280867475e-02
-2.9001438332382470e-02
-2.8146698896119791e-02
-2.7329895294953752e-02
-2.6550408490892876e-02
-2.5805219059782399e-02
-2.5091484347603166e-02
-2.4409004473564928e-02
-2.3755392468786132e-02
-2.3128087180174898e-02
-2.2527161291852959e-02
-2.1950694789942972e-02
-2.1396409427667538e-02
-2.0864546124383387e-02
-2.0353528963569286e-02
-1.9861359945537744e-02
-1.9388373457672994e-02
-1.8933245770923215e-02
-1.8494253548261667e-02
-1.8071771991735232e-02
-1.7664659976404269e-02
-1.7271465389822657e-02
-1.6892560055495758e-02
-1.6526890229822871e-02
-1.6173272825754894e-02
-1.5832090922188922e-02
-1.5502419385962134e-02
-1.5183308726427858e-02
-1.4875070115520767e-02
-1.4576845446002075e-02
-1.4287911892105242e-02
-1.4008525879389250e-02
-1.3737867445008337e-02
-1.3475435634354622e-02
-1.3221423895642223e-02
-1.2975032966958979e-02
-1.2735971938155637e-02
-1.2758169673426785e-02
-1.3042440928440740e-02
-1.3335941600324457e-02
-1.3639420944621282e-02
-1.3952675364544977e-02
-1.4276513051170229e-02
-1.4611671342498793e-02
-1.4957878330857844e-02
-1.5316260818114829e-02
-1.5687540285585160e-02
-1.6071365437254761e-02
-1.6469246346460215e-02
-1.6881761447927898e-02
-1.7308841319713855e-02
-1.7752083280437113e-02
-1.8211994263495415e-02
-1.8688928916238440e-02
-1.9184509809062764e-02
-1.9699190453868812e-02
-2.0233840539999808e-02
-2.0790116383869545e-02
-2.1368416200656569e-02
-2.1970235340505760e-02
-2.2597277810226100e-02
-2.3249888410691120e-02
-2.3930324245140449e-02
-2.4640284161536092e-02
-2.5380290615632788e-02
-2.6153308145656747e-02
-2.6960901584539471e-02
-2.7804496387647346e-02
-2.8687268159315993e-02
-2.9610868705139525e-02
-3.0577851364357998e-02
-3.1591678242159277e-02
-3.2654147595603152e-02
-3.3769230305791875e-02
-3.4940736502869933e-02
-3.6170846318539722e-02
-3.7465183419219131e-02
-3.8827670854596992e-02
-4.0262339641022174e-02
-4.1775640983664916e-02
-4.3372171697252500e-02
-4.5058382048107283e-02
-4.6841877924326362e-02
-4.8728249454068305e-02
-5.0727148179904112e-02
-5.2847388177675231e-02
-5.5097342624403772e-02
-5.7489661845008679e-02
-6.0035114820710500e-02
-6.2746891897397572e-02
-6.5640945228338521e-02
-6.8731318703201885e-02
-7.2037958788406867e-02
-7.5581146303337010e-02
-7.9381604658571192e-02
-8.3467284481578766e-02
-8.7865149328490183e-02
-9.2607657258400880e-02
-9.7733091148385243e-02
-1.0327958482623335e-01
-1.0929741215272569e-01
-1.1584000718825317e-01
-1.2296731125880442e-01
-1.3075389948656344e-01
-1.3927912808295242e-01
-1.4864019132597486e-01
-1.5895033508447859e-01
-1.7033529159030281e-01
-1.8295451295175374e-01
-1.9698760444187507e-01
-2.1265116548447713e-01
-2.3019975203956453e-01
-2.4994274566823071e-01
-2.7227124064037039e-01
-2.9765020024491379e-01
-3.2665187410961743e-01
-3.6000176196765615e-01
-3.9859523307211409e-01
-4.4358934101598685e-01
-4.9646805280171891e-01
-5.5915779623291928e-01
-6.3423745382029317e-01
-7.2503607733573194e-01
-8.3633938072434189e-01
-9.7478464455005187e-01
-1.1498361585783499e+00
-1.3752780922735897e+00
-1.6720791148997312e+00
-2.0736639321693064e+00
-2.6332881235729650e+00
-3.4436659128599523e+00
-4.6699921518759115e+00
-6.6197969535105123e+00
-9.8434010178980120e+00
-1.4851168398236180e+01
-1.8621736197973771e+01
0.0000000000000000e+00
2.4055929233035767e-01
0.0000000000000000e+00
0.0000000000000000e+00
];
