%Vec Object:sol 1 MPI processes
%  type: mpi
sol = [
0.0000000000000000e+00
-4.1040937260525773e+01
-2.4215683054545845e+01
-1.3020821919384495e+01
-7.6412692161188032e+00
-4.9276940774526627e+00
-3.4146221218327590e+00
-2.4962647391312904e+00
-1.9009809691366830e+00
-1.4939508813030165e+00
-1.2044074251059740e+00
-9.9113873030296751e-01
-8.2965783257060033e-01
-7.0453961821142919e-01
-6.0566578302564222e-01
-5.2619616033092576e-01
-4.6142396980660239e-01
-4.0792887129745586e-01
-3.6319579587083839e-01
-3.2546430697500028e-01
-2.9335043006930783e-01
-2.6573237860553800e-01
-2.4185290649136093e-01
-2.2107701492706261e-01
-2.0286703560650832e-01
-1.8682419326527169e-01
-1.7263043354697458e-01
-1.6000321110668392e-01
-1.4871162946959240e-01
-1.3858933013133462e-01
-1.2947890498540121e-01
-1.2123333813491631e-01
-1.1376301514233414e-01
-1.0697423927622231e-01
-1.0077290530946340e-01
-9.5103371842687398e-02
-8.9908781916504976e-02
-8.5129491551221945e-02
-8.0725365506634006e-02
-7.6662332158627694e-02
-7.2901676575092750e-02
-6.9412618034799284e-02
-6.6174853778803888e-02
-6.3162831136171160e-02
-6.0351818710057882e-02
-5.7730038754916335e-02
-5.5280449313506758e-02
-5.2982498796627767e-02
-5.0829775805998047e-02
-4.8810429214940401e-02
-4.6908276130158577e-02
-4.5119011093742153e-02
-4.3434353478925242e-02
-4.1842422299450732e-02
-4.0339144236200823e-02
-3.8919074273235182e-02
-3.7573383964218568e-02
-3.6298217188837266e-02
-3.5090073316921683e-02
-3.3942317948087997e-02
-3.2851323442736668e-02
-3.1814926479184269e-02
-3.0828085352947898e-02
-2.9887419188119813e-02
-2.8991683003188912e-02
-2.8137000421938816e-02
-2.7320253841998224e-02
-2.6540823750729085e-02
-2.5795690858738420e-02
-2.5082012683620144e-02
-2.4399588864120862e-02
-2.3746032552117588e-02
-2.3118782838080418e-02
-2.2517912045771842e-02
-2.1941500097261236e-02
-2.1387268859884751e-02
-2.0855458626197070e-02
-2.0344493055996525e-02
-1.9852378509454493e-02
-1.9379451850949383e-02
-1.8924368974529534e-02
-1.8485379417914980e-02
-1.8062858667472644e-02
-1.7655712767326432e-02
-1.7262484002351967e-02
-1.6883549266661468e-02
-1.6517898367899020e-02
-1.6164329811430778e-02
-1.5823196692936671e-02
-1.5493580048422771e-02
-1.5174523611265449e-02
-1.4866338200594333e-02
-1.4568165907804107e-02
-1.4279284068537578e-02
-1.3999948796411985e-02
-1.3729340353813615e-02
-1.3466957874815902e-02
-1.3212994540347030e-02
-1.2966651344494458e-02
-1.2727637385000511e-02
-1.2749713112228235e-02
-1.3033686118256053e-02
-1.3326877565827634e-02
-1.3630036010821741e-02
-1.3942957691520071e-02
-1.4266450038097803e-02
-1.4601249638941849e-02
-1.4947084431456557e-02
-1.5305080200798332e-02
-1.5675957625382469e-02
-1.6059365268622554e-02
-1.6456811866793160e-02
-1.6868875074964304e-02
-1.7295485103860624e-02
-1.7738237781014795e-02
-1.8197639235602553e-02
-1.8674043400421149e-02
-1.9169071227756861e-02
-1.9683175381189369e-02
-2.0217224391131154e-02
-2.0772872808428853e-02
-2.1350517947665647e-02
-2.1951653432535797e-02
-2.2577981329716303e-02
-2.3229845472690112e-02
-2.3909500517878750e-02
-2.4618643217557620e-02
-2.5357794796281277e-02
-2.6129916606022933e-02
-2.6936571308946149e-02
-2.7779182250935317e-02
-2.8660921443169344e-02
-2.9583438244241325e-02
-3.0549282743270633e-02
-3.1561912935443623e-02
-3.2623124263732567e-02
-3.3736882871867130e-02
-3.4906994151883489e-02
-3.6135634793971069e-02
-3.7428421911178192e-02
-3.8789273320537616e-02
-4.0222214581572234e-02
-4.1733689110063317e-02
-4.3328287409600617e-02
-4.5012451581360073e-02
-4.6793778054569732e-02
-4.8677849139420748e-02
-5.0674304544075552e-02
-5.2791946990737970e-02
-5.5039138447754828e-02
-5.7428513623232723e-02
-5.9970827312549983e-02
-6.2679252971153773e-02
-6.5569722708991127e-02
-6.8656261787222700e-02
-7.1958791695715632e-02
-7.5497567334237778e-02
-7.9293285149828821e-02
-8.3373860789014723e-02
-8.7766223038495933e-02
-9.2502788733236335e-02
-9.7621792519586761e-02
-1.0316131912484869e-01
-1.0917157944220432e-01
-1.1570593989006805e-01
-1.2282426584968932e-01
-1.3060103926247144e-01
-1.3911551621782900e-01
-1.4846476966439728e-01
-1.5876190444556332e-01
-1.7013249571102279e-01
-1.8273579866953965e-01
-1.9675119691462292e-01
-2.1239368134037803e-01
-2.2991582297139421e-01
-2.4963357107059900e-01
-2.7193356941453312e-01
-2.9728021417205208e-01
-3.2624506171535189e-01
-3.5955273997777615e-01
-3.9809755039875760e-01
-4.4303517950372390e-01
-4.9584785805789727e-01
-5.5845978438263577e-01
-6.3344704977498434e-01
-7.2411821196617132e-01
-8.3528475013278336e-01
-9.7356183037330923e-01
-1.1484034842229764e+00
-1.3735510830310098e+00
-1.6700038190053572e+00
-2.0710880806080914e+00
-2.6300792435690337e+00
-3.4395100561531815e+00
-4.6644509019960312e+00
-6.6120382416120798e+00
-9.8320290116507376e+00
-1.4833466753352873e+01
-1.8597913018032489e+01
0.0000000000000000e+00
2.4055929233035767e-01
0.0000000000000000e+00
0.0000000000000000e+00
];
