%Vec Object:sol 1 MPI processes
%  type: mpi
sol = [
0.0000000000000000e+00
-4.4909760448203734e+01
-2.5289205064342781e+01
-1.3230308950897209e+01
-7.6556614811016992e+00
-4.8889010261785009e+00
-3.3606687529478636e+00
-2.4386802559638041e+00
-1.8440459568706309e+00
-1.4394288033495248e+00
-1.1527755405403219e+00
-9.4245184038001706e-01
-7.8373801990629921e-01
-6.6129217437774435e-01
-5.6488197337826762e-01
-4.8767277761961231e-01
-4.2496762235819480e-01
-3.7336412328261126e-01
-3.3036800855555881e-01
-2.9422964897431780e-01
-2.6357436899654330e-01
-2.3730832721423839e-01
-2.1468274359903428e-01
-1.9506620874092082e-01
-1.7793320156363165e-01
-1.6289224039658623e-01
-1.4963090021611292e-01
-1.3787438769734123e-01
-1.2739867200335434e-01
-1.1804008047999853e-01
-1.0964602673162567e-01
-1.0207603513438156e-01
-9.5241297935629923e-02
-8.9051344697533008e-02
-8.3417246511733725e-02
-7.8284071541240313e-02
-7.3596946143788797e-02
-6.9299811061532088e-02
-6.5353828918553708e-02
-6.1725859338830430e-02
-5.8379641878882879e-02
-5.5286103137869920e-02
-5.2425155577327194e-02
-4.9772893065377376e-02
-4.7306557221218688e-02
-4.5014102672086102e-02
-4.2879549757064130e-02
-4.0884483100024134e-02
-3.9021899337511899e-02
-3.7280682570814218e-02
-3.5646581266638520e-02
-3.4114774641018031e-02
-3.2677470103007200e-02
-3.1324276337522480e-02
-3.0050937691598913e-02
-2.8852227734186647e-02
-2.7720470705399947e-02
-2.6651868237326636e-02
-2.5642945466336563e-02
-2.4687963301476309e-02
-2.3783519746611154e-02
-2.2927341933450196e-02
-2.2115087600692106e-02
-2.1343712669111087e-02
-2.0611770837796903e-02
-1.9915936824009828e-02
-1.9253496890643353e-02
-1.8623571456445796e-02
-1.8023580537213906e-02
-1.7451119345730185e-02
-1.6905693206824373e-02
-1.6385271343490691e-02
-1.5887738666629070e-02
-1.5412857458928677e-02
-1.4959003077292300e-02
-1.4524331809311867e-02
-1.4108772609507427e-02
-1.3711001717938995e-02
-1.3329429121764940e-02
-1.2964086433416604e-02
-1.2613872718401083e-02
-1.2277434481969655e-02
-1.1954860727073134e-02
-1.1645215107274809e-02
-1.1347364110494597e-02
-1.1061422122812876e-02
-1.0786573679185726e-02
-1.0521889412979647e-02
-1.0267486666031096e-02
-1.0022637914886719e-02
-9.7866029241975051e-03
-9.5594864208684918e-03
-9.3406238762596787e-03
-9.1294500346531145e-03
-8.9260464497479351e-03
-8.7297927056673493e-03
-8.5402853410944269e-03
-8.3575756580527676e-03
-8.1810729871124050e-03
-8.0105233455038134e-03
-8.0051728094443688e-03
-8.1643544005012610e-03
-8.3290881280277760e-03
-8.4998718225391002e-03
-8.6765960239461922e-03
-8.8598030689826315e-03
-9.0499907789642429e-03
-9.2470192109624268e-03
-9.4516426101404327e-03
-9.6643598871970354e-03
-9.8849976195780325e-03
-1.0114565181204701e-02
-1.0353486975996763e-02
-1.0601788169182625e-02
-1.0860527154437055e-02
-1.1130177839600514e-02
-1.1410901350287597e-02
-1.1704196653629094e-02
-1.2009530711595868e-02
-1.2329334404720052e-02
-1.2662341932836158e-02
-1.3011401867618448e-02
-1.3375856396750490e-02
-1.3757807539387337e-02
-1.4157424724684663e-02
-1.4576354313168916e-02
-1.5015905780799315e-02
-1.5476659183130662e-02
-1.5960756170469857e-02
-1.6469417992379703e-02
-1.7003933668387396e-02
-1.7566665237464869e-02
-1.8159057013623702e-02
-1.8783153904491073e-02
-1.9441616628041294e-02
-2.0136108002495171e-02
-2.0869709019349227e-02
-2.1645461441950547e-02
-2.2465438713363088e-02
-2.3333964041513493e-02
-2.4254365525663617e-02
-2.5230121607287430e-02
-2.6266353062074199e-02
-2.7367104353460757e-02
-2.8537721880841752e-02
-2.9784436014313940e-02
-3.1112319485269841e-02
-3.2529238307656014e-02
-3.4042709533588372e-02
-3.5660158959595879e-02
-3.7392051867528621e-02
-3.9247883157474218e-02
-4.1239029958037667e-02
-4.3379050719753176e-02
-4.5680597787401543e-02
-4.8160703456352927e-02
-5.0837127775146020e-02
-5.3728460564549267e-02
-5.6858855292100996e-02
-6.0252516195433779e-02
-6.3938238614972970e-02
-6.7949836474071532e-02
-7.2322090930373881e-02
-7.7099578344204459e-02
-8.2330611108610063e-02
-8.8069809349222081e-02
-9.4384319533904595e-02
-1.0134709124205644e-01
-1.0904680008402855e-01
-1.1758722832525770e-01
-1.2708522770796732e-01
-1.3768744934657573e-01
-1.4956132073895681e-01
-1.6290897638005991e-01
-1.7797736172507467e-01
-1.9505632610343296e-01
-2.1451101598041444e-01
-2.3678332143170105e-01
-2.6241946502712621e-01
-2.9211289560449211e-01
-3.2672556133249092e-01
-3.6734852839826199e-01
-4.1542194646164748e-01
-4.7282442112491635e-01
-5.4206499530352448e-01
-6.2650967744540564e-01
-7.3081412533117840e-01
-8.6152249426053751e-01
-1.0278636977477549e+00
-1.2437191991572232e+00
-1.5302831706170570e+00
-1.9204981283420974e+00
-2.4689331999220334e+00
-3.2685396312782440e+00
-4.4876233360480908e+00
-6.4398996974912261e+00
-9.6923941768964426e+00
-1.4797164395585742e+01
-1.8753661138582203e+01
0.0000000000000000e+00
2.4055929233035767e-01
0.0000000000000000e+00
0.0000000000000000e+00
];
