%Vec Object:sol 1 MPI processes
%  type: mpi
sol = [
0.0000000000000000e+00
-7.0442228554156543e+01
-3.4447691953009702e+01
-1.6777749585285417e+01
-9.4414517547126344e+00
-5.9610632858098809e+00
-4.0796463861722563e+00
-2.9581378444359965e+00
-2.2393997123522045e+00
-1.7522267426051441e+00
-1.4078087330702496e+00
-1.1550194554519932e+00
-9.6439996156526175e-01
-8.1726606794263679e-01
-7.0128143232559614e-01
-6.0825381020098046e-01
-5.3251445099631112e-01
-4.7004843340206748e-01
-4.1789719659884761e-01
-3.7397073694851346e-01
-3.3663191014974719e-01
-3.0457436322158948e-01
-2.7688976432439710e-01
-2.5282484170741448e-01
-2.3175006199560136e-01
-2.1319819936569301e-01
-1.9679681365405272e-01
-1.8221608052471489e-01
-1.6918671291515008e-01
-1.5751411633439250e-01
-1.4701508843395841e-01
-1.3751398738887471e-01
-1.2891115907044001e-01
-1.2109794482844481e-01
-1.1396529579310670e-01
-1.0744808259102374e-01
-1.0148013072877564e-01
-9.5992443871465813e-02
-9.0938291085935249e-02
-8.6277968887449805e-02
-8.1966741817441180e-02
-7.7968975567439217e-02
-7.4260930620676360e-02
-7.0813094449538802e-02
-6.7597000721446629e-02
-6.4598778489063688e-02
-6.1798738059053414e-02
-5.9173356582325490e-02
-5.6714967323973839e-02
-5.4409877511152643e-02
-5.2239630630858173e-02
-5.0199046759868547e-02
-4.8278551333436712e-02
-4.6464613193691301e-02
-4.4752410419184284e-02
-4.3135619379953589e-02
-4.1604197434814992e-02
-4.0153639312994684e-02
-3.8779847931711596e-02
-3.7475283951445483e-02
-3.6235753695868470e-02
-3.5058690289925101e-02
-3.3938369144262737e-02
-3.2870915282723491e-02
-3.1854812522196109e-02
-3.0885662722945507e-02
-2.9959917778597678e-02
-2.9076777738292460e-02
-2.8232819343314629e-02
-2.7424826778530406e-02
-2.6652481066022013e-02
-2.5913078140064716e-02
-2.5203735390767437e-02
-2.4524448043954195e-02
-2.3873043270312432e-02
-2.3246968073079296e-02
-2.2646413455919962e-02
-2.2069598593789885e-02
-2.1514292867184599e-02
-2.0980798580063163e-02
-2.0467622976653957e-02
-1.9972847629848956e-02
-1.9496826150731505e-02
-1.9038275869355845e-02
-1.8595578354572866e-02
-1.8169095969423472e-02
-1.7757697323011815e-02
-1.7360050380022952e-02
-1.6976496445984614e-02
-1.6606010938312168e-02
-1.6247533835206197e-02
-1.5901364770186416e-02
-1.5566552219821221e-02
-1.5242293404707678e-02
-1.4928832489358827e-02
-1.4625265488406588e-02
-1.4331032152772274e-02
-1.4046312121675845e-02
-1.3770229571423159e-02
-1.3502452234343989e-02
-1.3511892842437579e-02
-1.3798546008740109e-02
-1.4094314001041641e-02
-1.4399957204674692e-02
-1.4715226747316706e-02
-1.5040942179804341e-02
-1.5377844310299987e-02
-1.5725608534833829e-02
-1.6085382403472463e-02
-1.6457882273351831e-02
-1.6842695859609610e-02
-1.7241363648530530e-02
-1.7654443472488596e-02
-1.8081813274067805e-02
-1.8525092867517089e-02
-1.8984756400665655e-02
-1.9461117533355485e-02
-1.9955808743583076e-02
-2.0469238497175468e-02
-2.1002246687156362e-02
-2.1556485446016727e-02
-2.2132294442873818e-02
-2.2731149170908939e-02
-2.3354733722187288e-02
-2.4003319282927614e-02
-2.4679151280000519e-02
-2.5383888420201159e-02
-2.6117969646572668e-02
-2.6884346278227226e-02
-2.7684516175221992e-02
-2.8519827819239334e-02
-2.9393419328396692e-02
-3.0306851966271451e-02
-3.1262604259199654e-02
-3.2264072205011769e-02
-3.3312936054189890e-02
-3.4413087100982842e-02
-3.5568234280840536e-02
-3.6780409538286263e-02
-3.8055140065866369e-02
-3.9396198626624905e-02
-4.0807451496753661e-02
-4.2295201877456126e-02
-4.3863845149064988e-02
-4.5519641645496475e-02
-4.7270024767934189e-02
-4.9119690350808702e-02
-5.1078434149686831e-02
-5.3154842639832695e-02
-5.5356952244792909e-02
-5.7697046014102540e-02
-6.0185459644383932e-02
-6.2834912986708291e-02
-6.5660834181932720e-02
-6.8676669831176415e-02
-7.1901709921070825e-02
-7.5355488624128927e-02
-7.9057893464485426e-02
-8.3035926324066672e-02
-8.7315481488684357e-02
-9.1927803913778805e-02
-9.6909782703083813e-02
-1.0229799147910865e-01
-1.0814087804193889e-01
-1.1448979914539245e-01
-1.2140232066497830e-01
-1.2895021314396082e-01
-1.3720964416539339e-01
-1.4627403790913454e-01
-1.5625221410374199e-01
-1.6726479889909940e-01
-1.7946503920796911e-01
-1.9302529662032350e-01
-2.0815347683027161e-01
-2.2510342262864519e-01
-2.4416969584684514e-01
-2.6572477436260639e-01
-2.9021587802742466e-01
-3.1819378063359127e-01
-3.5032600790486890e-01
-3.8749261847644240e-01
-4.3080529741911339e-01
-4.8168768732433842e-01
-5.4198769255860713e-01
-6.1417933587174056e-01
-7.0156516147797221e-01
-8.0868510244273928e-01
-9.4173141248260861e-01
-1.1099147851691527e+00
-1.3266771702436617e+00
-1.6120701362146681e+00
-1.9979090347092765e+00
-2.5362548008948345e+00
-3.3159696350840986e+00
-4.4958500989381465e+00
-6.3717466776684084e+00
-9.4715674202680766e+00
-1.4261247308383439e+01
-1.7816541655604091e+01
0.0000000000000000e+00
1.3464638167935297e-01
0.0000000000000000e+00
0.0000000000000000e+00
];
