%Vec Object:sol 1 MPI processes
%  type: mpi
sol = [
0.0000000000000000e+00
-7.6197656835670102e+01
-3.5349979313281111e+01
-1.6898200514443708e+01
-9.4507183372506560e+00
-5.9504922654407473e+00
-4.0662536316593298e+00
-2.9461519122951896e+00
-2.2283766353774346e+00
-1.7429819084293448e+00
-1.3994701642201686e+00
-1.1478027138895723e+00
-9.5815481245241063e-01
-8.1162563590893666e-01
-6.9614323506406350e-01
-6.0354998472430543e-01
-5.2823973565135895e-01
-4.6615615494695772e-01
-4.1432711866065847e-01
-3.7067528109179948e-01
-3.3355393922585402e-01
-3.0168015788701497e-01
-2.7415978164975058e-01
-2.5024227372350194e-01
-2.2930037541519460e-01
-2.1086878507526305e-01
-1.9457666552957362e-01
-1.8009556055336037e-01
-1.6715735521670894e-01
-1.5556840882217057e-01
-1.4514618029111012e-01
-1.3572077849311476e-01
-1.2718788076172030e-01
-1.1943905541627689e-01
-1.1236592905577404e-01
-1.0590384449079052e-01
-9.9987069842439769e-02
-9.4547053225384342e-02
-8.9537387634573432e-02
-8.4918642157456189e-02
-8.0646380381980423e-02
-7.6685213728534971e-02
-7.3011565525874289e-02
-6.9596126540725223e-02
-6.6410634064252669e-02
-6.3441306883866441e-02
-6.0668592922369244e-02
-5.8069141439559539e-02
-5.5635386343151703e-02
-5.3353293413917945e-02
-5.1204636687775369e-02
-4.9184641009813547e-02
-4.7283790021713346e-02
-4.5488664365413975e-02
-4.3794457550949066e-02
-4.2194880814632858e-02
-4.0679979739995958e-02
-3.9245270620138592e-02
-3.7886673587292502e-02
-3.6596719114399566e-02
-3.5371240608904307e-02
-3.4207675159042460e-02
-3.3100353677513961e-02
-3.2045432603915562e-02
-3.1041389910518840e-02
-3.0083871878902414e-02
-2.9169364776697154e-02
-2.8297055747185475e-02
-2.7463557420388404e-02
-2.6665690051090291e-02
-2.5903116786762728e-02
-2.5173162961140170e-02
-2.4472982503372154e-02
-2.3802549501266944e-02
-2.3159715714065804e-02
-2.2541964035277796e-02
-2.1949462408462312e-02
-2.1380451151621255e-02
-2.0832733863825396e-02
-2.0306588981150748e-02
-1.9800542580251514e-02
-1.9312707894044875e-02
-1.8843414733693716e-02
-1.8391397883607743e-02
-1.7955067223564568e-02
-1.7534762122568479e-02
-1.7129368049453593e-02
-1.6737577261530075e-02
-1.6359709453810583e-02
-1.5994756953598491e-02
-1.5641679422755721e-02
-1.5300756766330881e-02
-1.4971054970040193e-02
-1.4651785836964904e-02
-1.4343176069650352e-02
-1.4044340252110449e-02
-1.3754727192645869e-02
-1.3474501655136787e-02
-1.3202807828247941e-02
-1.2939316605137226e-02
-1.2941584733181587e-02
-1.3209186494806357e-02
-1.3485190737897508e-02
-1.3770311689206201e-02
-1.4064289723315655e-02
-1.4367894104985535e-02
-1.4681816193437872e-02
-1.5005721123842941e-02
-1.5340689273890254e-02
-1.5687383985426944e-02
-1.6045383432290380e-02
-1.6416139817511444e-02
-1.6800159345747356e-02
-1.7197295247527278e-02
-1.7609068856878015e-02
-1.8035900830413881e-02
-1.8478057039612850e-02
-1.8937062954285180e-02
-1.9413270294591188e-02
-1.9907441693703898e-02
-2.0421112277697610e-02
-2.0954561034604510e-02
-2.1509148610757957e-02
-2.2086430136916687e-02
-2.2686611049384131e-02
-2.3311774221261832e-02
-2.3963438445295786e-02
-2.4641958752650867e-02
-2.5350074718119540e-02
-2.6089138252050052e-02
-2.6860355400441623e-02
-2.7666624624134561e-02
-2.8509341668730107e-02
-2.9390766533138379e-02
-3.0314019927511728e-02
-3.1280590505926943e-02
-3.2294051665538455e-02
-3.3357793382684624e-02
-3.4473612136742549e-02
-3.5646595366536776e-02
-3.6880160843288011e-02
-3.8177803685639861e-02
-3.9545301841893643e-02
-4.0986619962361644e-02
-4.2507456974650172e-02
-4.4114563761674844e-02
-4.5812726725491471e-02
-4.7610540972965361e-02
-4.9515742092265606e-02
-5.1535590096357525e-02
-5.3681316953939462e-02
-5.5962297243277080e-02
-5.8390108116589727e-02
-6.0978823105160847e-02
-6.3740621453743304e-02
-6.6693102385007627e-02
-6.9854039593068726e-02
-7.3241482917472719e-02
-7.6880058827597061e-02
-8.0793288136950248e-02
-8.5009603433511688e-02
-8.9562603133835225e-02
-9.4485493220888908e-02
-9.9822416101019038e-02
-1.0562008659943653e-01
-1.1193084763779891e-01
-1.1882013502720125e-01
-1.2635406461059817e-01
-1.3461898859303043e-01
-1.4371479785758903e-01
-1.5375101992529500e-01
-1.6486700767216977e-01
-1.7721935351140802e-01
-1.9099700463163358e-01
-2.0643074042191428e-01
-2.2378822106424620e-01
-2.4340815651355274e-01
-2.6569715105559555e-01
-2.9115570352964065e-01
-3.2041880880419571e-01
-3.5426994712902155e-01
-3.9372235625886592e-01
-4.4007591683814595e-01
-4.9499037517088978e-01
-5.6070512927892713e-01
-6.4025851229946895e-01
-7.3780470875728943e-01
-8.5916393723108142e-01
-1.0126623365148459e+00
-1.2103042458504980e+00
-1.4709072464927400e+00
-1.8236861684109020e+00
-2.3160804412473035e+00
-3.0299666252014346e+00
-4.1116674828863564e+00
-5.8323779565463383e+00
-8.6679466458511154e+00
-1.2996324184050749e+01
-1.6111192239860543e+01
0.0000000000000000e+00
1.3464638167935297e-01
0.0000000000000000e+00
0.0000000000000000e+00
];
