%Vec Object:sol 1 MPI processes
%  type: mpi
sol = [
0.0000000000000000e+00
-4.0816413551931291e+01
-2.4141404554032054e+01
-1.2998784169906825e+01
-7.6327479337721593e+00
-4.9237960270631387e+00
-3.4122509706530399e+00
-2.4948781752493328e+00
-1.8999835936941250e+00
-1.4933425156361397e+00
-1.2039425509436117e+00
-9.9077682997638683e-01
-8.2944759663339385e-01
-7.0437491631125315e-01
-6.0553645368059728e-01
-5.2609476512663167e-01
-4.6134490832989306e-01
-4.0786789090306264e-01
-3.6314963277260126e-01
-3.2543035890250049e-01
-2.9332664348129683e-01
-2.6573073917946827e-01
-2.4186643664527752e-01
-2.2109466414714074e-01
-2.0288815162905252e-01
-1.8684823061354167e-01
-1.7265693216702313e-01
-1.6003178856342912e-01
-1.4874196535632983e-01
-1.3862114820490756e-01
-1.2951197125363642e-01
-1.2126745634297045e-01
-1.1379801345953502e-01
-1.0700997050730772e-01
-1.0080924444351246e-01
-9.5140209480920307e-02
-8.9946023489001881e-02
-8.5167055494235908e-02
-8.0763180678985344e-02
-7.6700336855121315e-02
-7.2939817003644686e-02
-6.9450847015052150e-02
-6.6213130718182758e-02
-6.3201120499898969e-02
-6.0390088683770035e-02
-5.7768262625010780e-02
-5.5318603847188640e-02
-5.3020562204064654e-02
-5.0867730669286709e-02
-4.8848260594207257e-02
-4.6945969181779332e-02
-4.5156554567432707e-02
-4.3471737990124791e-02
-4.1879638113807557e-02
-4.0376184125298302e-02
-3.8955932683003937e-02
-3.7610054796330103e-02
-3.6334695925355279e-02
-3.5126357063484076e-02
-3.3978403212118077e-02
-3.2887207544370863e-02
-3.1850608377256194e-02
-3.0863563423176813e-02
-2.9922692005514881e-02
-2.9026750817370179e-02
-2.8171862943042698e-02
-2.7354910508124285e-02
-2.6575275705820540e-02
-2.5829938758954538e-02
-2.5116056562227696e-02
-2.4433430479791667e-02
-2.3779673222614976e-02
-2.3152223009563214e-02
-2.2551153768646998e-02
-2.1974545187883235e-02
-2.1420118282310659e-02
-2.0888115198523450e-02
-2.0376959723756066e-02
-1.9884653076500228e-02
-1.9411530984254275e-02
-1.8956269389139219e-02
-1.8517143830901268e-02
-1.8094530474943086e-02
-1.7687288266866601e-02
-1.7293958876042792e-02
-1.6914921075518140e-02
-1.6549164533597418e-02
-1.6195487169630981e-02
-1.5854243778005688e-02
-1.5524515109955860e-02
-1.5205344413353684e-02
-1.4897044022602383e-02
-1.4598755600158936e-02
-1.4309756154312488e-02
-1.4030303124912545e-02
-1.3759576189498654e-02
-1.3497074366426510e-02
-1.3242991975843993e-02
-1.2996529278921426e-02
-1.2757395505270936e-02
-1.2779953940842474e-02
-1.3065041594344490e-02
-1.3359393636169522e-02
-1.3663743923568797e-02
-1.3977865837897657e-02
-1.4302600070400052e-02
-1.4638687653749188e-02
-1.4985858906046088e-02
-1.5345243262725180e-02
-1.5717564284009871e-02
-1.6102471035479939e-02
-1.6501477053965843e-02
-1.6915162792258898e-02
-1.7343459777448302e-02
-1.7787969190069600e-02
-1.8249200044739313e-02
-1.8727508837258593e-02
-1.9224522328380452e-02
-1.9740696224640353e-02
-2.0276903214931846e-02
-2.0834804187242990e-02
-2.1414799685957563e-02
-2.2018389530643855e-02
-2.2647282750938108e-02
-2.3301826648911186e-02
-2.3984284662823846e-02
-2.4696361065031910e-02
-2.5438581495028985e-02
-2.6213918740331976e-02
-2.7023943251333834e-02
-2.7870085941063289e-02
-2.8755531715589165e-02
-2.9681938711325035e-02
-3.0651868678687286e-02
-3.1668794360955953e-02
-3.2734521294460722e-02
-3.3853032621859527e-02
-3.5028150735226679e-02
-3.6262064667678021e-02
-3.7560415047921882e-02
-3.8927138464242957e-02
-4.0366280051214912e-02
-4.1884311172325432e-02
-4.3485844969601166e-02
-4.5177352836320996e-02
-4.6966465136814906e-02
-4.8858792221891649e-02
-5.0864016256923994e-02
-5.2990980691670214e-02
-5.5248087698058827e-02
-5.7648028008088908e-02
-6.0201607298795846e-02
-6.2922059611518061e-02
-6.5825388953336131e-02
-6.8925687396746121e-02
-7.2242966022418850e-02
-7.5797572696145316e-02
-7.9610300568819334e-02
-8.3709190755348301e-02
-8.8121296738552762e-02
-9.2879183201579438e-02
-9.8021257760212172e-02
-1.0358578123510263e-01
-1.0962319033416529e-01
-1.1618709404571084e-01
-1.2333763008474458e-01
-1.3114961454129709e-01
-1.3970266251691044e-01
-1.4909428201995528e-01
-1.5943808356429715e-01
-1.7086020550831663e-01
-1.8352060864439015e-01
-1.9759947256524138e-01
-2.1331408408030178e-01
-2.3092967578212120e-01
-2.5074298744966983e-01
-2.7314521936037989e-01
-2.9860779253120523e-01
-3.2770474937092492e-01
-3.6116384406303803e-01
-3.9988320706530944e-01
-4.4502342688867019e-01
-4.9807295998891116e-01
-5.6096399875154479e-01
-6.3628303767282823e-01
-7.2741121427610567e-01
-8.3906830442946556e-01
-9.7794859699754355e-01
-1.1535428932491889e+00
-1.3797464116441378e+00
-1.6774480591230199e+00
-2.0802955662279490e+00
-2.6415883525761350e+00
-3.4544135597622021e+00
-4.6843188755822203e+00
-6.6398507105588775e+00
-9.8727806829868356e+00
-1.4896878761988608e+01
-1.8683241524054434e+01
0.0000000000000000e+00
2.4055929233035767e-01
0.0000000000000000e+00
0.0000000000000000e+00
];
