%Vec Object:sol 1 MPI processes
%  type: mpi
sol = [
0.0000000000000000e+00
-8.1809018884819608e+01
-3.6112648758979979e+01
-1.6981831609312131e+01
-9.4487269076235538e+00
-5.9342469542338776e+00
-4.0501944523512075e+00
-2.9318207825849742e+00
-2.2166893303785487e+00
-1.7327340006898770e+00
-1.3909635378425858e+00
-1.1403172104692898e+00
-9.5147464395536852e-01
-8.0578620086537345e-01
-6.9099009873902839e-01
-5.9891625534562976e-01
-5.2399740116529414e-01
-4.6225188793505700e-01
-4.1071650149865063e-01
-3.6732149367654710e-01
-3.3044497708252024e-01
-2.9879238279148340e-01
-2.7146502252333876e-01
-2.4771717711814170e-01
-2.2692538592357761e-01
-2.0862740644879793e-01
-1.9245420948681877e-01
-1.7807311022282785e-01
-1.6522617415720264e-01
-1.5372077781229015e-01
-1.4337526851593441e-01
-1.3402055960694120e-01
-1.2555293540862522e-01
-1.1786452901821479e-01
-1.1084751535629153e-01
-1.0443762143955823e-01
-9.8569481589789745e-02
-9.3174918928306510e-02
-8.8207800470908607e-02
-8.3628927993539229e-02
-7.9394124867394084e-02
-7.5468217244632763e-02
-7.1827770993487014e-02
-6.8443657540589786e-02
-6.5287796506898560e-02
-6.2346487068521743e-02
-5.9600301745042834e-02
-5.7026063650355931e-02
-5.4616182132933969e-02
-5.2357149481993902e-02
-5.0230804135469341e-02
-4.8232005059001555e-02
-4.6351307423482847e-02
-4.4575409974232635e-02
-4.2899534852314222e-02
-4.1317438289115820e-02
-3.9819257844484209e-02
-3.8400539990911600e-02
-3.7057230231634181e-02
-3.5781931068906862e-02
-3.4570508297825160e-02
-3.3420409875628491e-02
-3.2326023515765322e-02
-3.1283539976005525e-02
-3.0291437452444153e-02
-2.9345407377208671e-02
-2.8441971571813388e-02
-2.7580309753266370e-02
-2.6757070813564123e-02
-2.5969111037540689e-02
-2.5216080725753771e-02
-2.4495334742432845e-02
-2.3804062682312423e-02
-2.3142222153918545e-02
-2.2507689454824419e-02
-2.1897981968656659e-02
-2.1313248903361202e-02
-2.0751751512822828e-02
-2.0211325929009049e-02
-1.9692230728124125e-02
-1.9193010460865943e-02
-1.8711808242584751e-02
-1.8248933775121799e-02
-1.7803138784009326e-02
-1.7372859751847117e-02
-1.6958416416066390e-02
-1.6558710413117857e-02
-1.6172456784599332e-02
-1.5799956669142468e-02
-1.5440218411772557e-02
-1.5092220124378750e-02
-1.4756224679096017e-02
-1.4431314505920119e-02
-1.4116715206884444e-02
-1.3812638315718488e-02
-1.3518215663829457e-02
-1.3232904677848621e-02
-1.2956857298894802e-02
-1.2689236251069833e-02
-1.2429715769946963e-02
-1.2425578503939310e-02
-1.2676024087028023e-02
-1.2934226550321193e-02
-1.3200858383739481e-02
-1.3475650101383038e-02
-1.3759325477582504e-02
-1.4052530719552052e-02
-1.4354920104542070e-02
-1.4667513345190789e-02
-1.4990926365398800e-02
-1.5324733402737425e-02
-1.5670301978399481e-02
-1.6028086817509654e-02
-1.6397918702689626e-02
-1.6781237453421752e-02
-1.7178425834969580e-02
-1.7589690274726982e-02
-1.8016411021216882e-02
-1.8458934170828948e-02
-1.8917905770076199e-02
-1.9394794429290825e-02
-1.9889825303335277e-02
-2.0404253981404930e-02
-2.0939517653501483e-02
-2.1495760886759953e-02
-2.2074918027935531e-02
-2.2678379674166579e-02
-2.3306423252880931e-02
-2.3961594873904476e-02
-2.4645112389463920e-02
-2.5358050859603798e-02
-2.6103089476793621e-02
-2.6881471732142906e-02
-2.7695257161445434e-02
-2.8547314289161494e-02
-2.9438955315834101e-02
-3.0373462354921429e-02
-3.1353932831359017e-02
-3.2381946291780289e-02
-3.3462187359389384e-02
-3.4597747661902038e-02
-3.5791781216099147e-02
-3.7049584355048751e-02
-3.8374725734106822e-02
-3.9772395702152123e-02
-4.1248756672269640e-02
-4.2808101357984622e-02
-4.4458288324420975e-02
-4.6206341215563912e-02
-4.8058812558847627e-02
-5.0025958305697685e-02
-5.2116256863002502e-02
-5.4340221018898724e-02
-5.6710663332159079e-02
-5.9238578751467333e-02
-6.1939991251435886e-02
-6.4831031119032670e-02
-6.7928029510939902e-02
-7.1253395793697410e-02
-7.4828429026239193e-02
-7.8678930112912354e-02
-8.2835417742839701e-02
-8.7327937561917562e-02
-9.2196597616057113e-02
-9.7483754380250531e-02
-1.0323684111647918e-01
-1.0951520810092902e-01
-1.1638160442806339e-01
-1.2391319355804364e-01
-1.3219984808140717e-01
-1.4134098734951381e-01
-1.5146330747438583e-01
-1.6270905287627657e-01
-1.7524992986216040e-01
-1.8929575383298858e-01
-2.0508975732202117e-01
-2.2293998886205305e-01
-2.4320545177239639e-01
-2.6634518551190323e-01
-2.9293893861175280e-01
-3.2369819941848471e-01
-3.5954347242733253e-01
-4.0165584245224994e-01
-4.5156938640597966e-01
-5.1133998653000279e-01
-5.8371407459776581e-01
-6.7246191705048197e-01
-7.8280143133843427e-01
-9.2238691831738362e-01
-1.1024527659467207e+00
-1.3399336759300706e+00
-1.6613417936979191e+00
-2.1108058083081724e+00
-2.7624865675973171e+00
-3.7505272411553254e+00
-5.3214502570170632e+00
-7.9003858606275754e+00
-1.1777794244668012e+01
-1.4471541389590158e+01
0.0000000000000000e+00
1.3464638167935297e-01
0.0000000000000000e+00
0.0000000000000000e+00
];
