%Vec Object:sol 1 MPI processes
%  type: mpi
sol = [
0.0000000000000000e+00
-7.9431524103926094e+01
-3.5790032388202768e+01
-1.6948121310603746e+01
-9.4493240697265541e+00
-5.9421683395136542e+00
-4.0574726060449775e+00
-2.9381085429023912e+00
-2.2216516692683808e+00
-1.7372771464056369e+00
-1.3946220262560103e+00
-1.1435539905551160e+00
-9.5440129836292886e-01
-8.0838992929592324e-01
-6.9323793976157810e-01
-6.0092171617488643e-01
-5.2584592848486045e-01
-4.6396244823411409e-01
-4.1230549828864305e-01
-3.6880292485487748e-01
-3.3183086124215350e-01
-3.0008477616499296e-01
-2.7266347825328446e-01
-2.4883404601752007e-01
-2.2797084460990680e-01
-2.0960991994195022e-01
-1.9338154176698810e-01
-1.7895817401801850e-01
-1.6607247644294262e-01
-1.5453144522825216e-01
-1.4415308787401779e-01
-1.3476800210973330e-01
-1.2627224032208248e-01
-1.1855771335173439e-01
-1.1151637398198593e-01
-1.0508379908674122e-01
-9.9194476273080687e-02
-9.3780073930134045e-02
-8.8794348538030754e-02
-8.4198008039811395e-02
-7.9946767293468390e-02
-7.6005363172471752e-02
-7.2350304236297555e-02
-6.8952385847957029e-02
-6.5783449897501331e-02
-6.2829763828916502e-02
-6.0071847466684251e-02
-5.7486452347421835e-02
-5.5065974316936980e-02
-5.2796867961760724e-02
-5.0660909808505836e-02
-4.8652952113293298e-02
-4.6763523590170011e-02
-4.4979272154890962e-02
-4.3295414836189580e-02
-4.1705717330934040e-02
-4.0200153327748130e-02
-3.8774162846081879e-02
-3.7423805538137858e-02
-3.6141758717288655e-02
-3.4923872182873086e-02
-3.3767587696873977e-02
-3.2667266252951320e-02
-3.1619082145855570e-02
-3.0621512478202832e-02
-2.9670227553703646e-02
-2.8761732480013166e-02
-2.7895209523024992e-02
-2.7067290683184565e-02
-2.6274815551889964e-02
-2.5517439548330759e-02
-2.4792503839021669e-02
-2.4097181668880835e-02
-2.3431437486304579e-02
-2.2793136255008607e-02
-2.2179779672753579e-02
-2.1591524863008998e-02
-2.1026623453720406e-02
-2.0482896869877483e-02
-1.9960612153814391e-02
-1.9458305405047217e-02
-1.8974106292717622e-02
-1.8508333134048455e-02
-1.8059729946140145e-02
-1.7626721280333983e-02
-1.7209635310510549e-02
-1.6807366364443577e-02
-1.6418619285330487e-02
-1.6043703183778422e-02
-1.5681619214278561e-02
-1.5331337251103899e-02
-1.4993127494875452e-02
-1.4666065018384735e-02
-1.4349369222106908e-02
-1.4043258191023910e-02
-1.3746856099877199e-02
-1.3459616527838142e-02
-1.3181696882980414e-02
-1.2912251651874502e-02
-1.2650953484991276e-02
-1.2649544296219763e-02
-1.2907382780772044e-02
-1.3173255605380567e-02
-1.3447853152554545e-02
-1.3730909897378293e-02
-1.4023169108720117e-02
-1.4325296536177841e-02
-1.4636951590996655e-02
-1.4959179966541244e-02
-1.5292617471379378e-02
-1.5636836832722274e-02
-1.5993244697067189e-02
-1.6362320315476332e-02
-1.6743903638609097e-02
-1.7139465087953068e-02
-1.7549397272673024e-02
-1.7973940882170747e-02
-1.8414565931431193e-02
-1.8871594262233161e-02
-1.9345748104029028e-02
-1.9838501796662043e-02
-2.0350102239031699e-02
-2.0881850233824752e-02
-2.1435233743243853e-02
-2.2010423280817922e-02
-2.2609417168146743e-02
-2.3233661099860532e-02
-2.3883465589238866e-02
-2.4561460076545263e-02
-2.5268919895663353e-02
-2.6006976194965028e-02
-2.6778402494337224e-02
-2.7584507457486189e-02
-2.8427436627197673e-02
-2.9310166874455208e-02
-3.0234085801273920e-02
-3.1202600609924917e-02
-3.2218934235135985e-02
-3.3284758819629931e-02
-3.4404932010147202e-02
-3.5582685054156633e-02
-3.6821317893901209e-02
-3.8126333462955748e-02
-3.9501469693720662e-02
-4.0952134733959381e-02
-4.2484743105011345e-02
-4.4103798272516315e-02
-4.5817474353618326e-02
-4.7633099482723505e-02
-4.9557528317472808e-02
-5.1601434636481279e-02
-5.3773679553017255e-02
-5.6085230695410736e-02
-5.8549439756632751e-02
-6.1177806844651891e-02
-6.3987029194291667e-02
-6.6993938723008267e-02
-7.0215599549329377e-02
-7.3675367961864080e-02
-7.7395490324802932e-02
-8.1402890077585666e-02
-8.5729399740625975e-02
-9.0406411132609790e-02
-9.5475752847521078e-02
-1.0098163831404580e-01
-1.0697359172650327e-01
-1.1351352734423270e-01
-1.2066696475554221e-01
-1.2851442491318113e-01
-1.3714985041207420e-01
-1.4667230323016672e-01
-1.5721661245355892e-01
-1.6893180399355279e-01
-1.8199675862677023e-01
-1.9663000711756981e-01
-2.1308491284164160e-01
-2.3168223910607078e-01
-2.5280699195776840e-01
-2.7693310942474464e-01
-3.0466202346630822e-01
-3.3673575451718907e-01
-3.7411414529909187e-01
-4.1802868238688023e-01
-4.7007879663959934e-01
-5.3237429122092639e-01
-6.0775456376665737e-01
-7.0018842789452773e-01
-8.1519630022491418e-01
-9.6067723956837614e-01
-1.1481994907534940e+00
-1.3953285828042910e+00
-1.7300975283448854e+00
-2.1974670462597721e+00
-2.8755402736174762e+00
-3.9031189952175476e+00
-5.5368046544794307e+00
-8.2242618163112411e+00
-1.2293111761241219e+01
-1.5161845637762969e+01
0.0000000000000000e+00
1.3464638167935297e-01
0.0000000000000000e+00
0.0000000000000000e+00
];
