%Vec Object:sol 1 MPI processes
%  type: mpi
sol = [
0.0000000000000000e+00
-4.1752911230597093e+01
-2.4449053842211605e+01
-1.3088167741618578e+01
-7.6678926887182053e+00
-4.9395845884337009e+00
-3.4215429636986170e+00
-2.5006607653213022e+00
-1.9036230406267609e+00
-1.4958972658769172e+00
-1.2058971653811488e+00
-9.9215027447843518e-01
-8.3034245279968799e-01
-7.0507816451376482e-01
-6.0609077953173651e-01
-5.2653142251511442e-01
-4.6168743351748287e-01
-4.0813435106757256e-01
-3.6332162474495150e-01
-3.2552482228095292e-01
-2.9336032899340608e-01
-2.6571628550227422e-01
-2.4182059587389340e-01
-2.2103110001501719e-01
-2.0280963919325892e-01
-1.8675709178987152e-01
-1.7255512653425997e-01
-1.5992094612401764e-01
-1.4862345255716197e-01
-1.3849614431688825e-01
-1.2938147605753764e-01
-1.2113230872793634e-01
-1.1365894906892085e-01
-1.0686762030126103e-01
-1.0066414432120334e-01
-9.4992829420792749e-02
-8.9796770448459864e-02
-8.5016280580075002e-02
-8.0611190720423637e-02
-7.6547398725270555e-02
-7.2786163499182391e-02
-6.9296682577250662e-02
-6.6058632048929672e-02
-6.3046442585492343e-02
-6.0235370197728177e-02
-5.7613618833398259e-02
-5.5164200237388265e-02
-5.2866083212246381e-02
-5.0712919438552828e-02
-4.8693264803965040e-02
-4.6790926023599314e-02
-4.5001577967575847e-02
-4.3316926564214833e-02
-4.1725085272511203e-02
-4.0221967160329608e-02
-3.8802116815084692e-02
-3.7456703029902949e-02
-3.6181860741798730e-02
-3.4974080648649097e-02
-3.3826727174502372e-02
-3.2736167352364967e-02
-3.1700230162968947e-02
-3.0713873614157772e-02
-2.9773714266752987e-02
-2.8878500008798585e-02
-2.8024354667829564e-02
-2.7208160149115802e-02
-2.6429290172636212e-02
-2.5684725920985398e-02
-2.4971625945845073e-02
-2.4289783379895940e-02
-2.3636812005654945e-02
-2.3010153012146820e-02
-2.2409872330361950e-02
-2.1834050806480338e-02
-2.1280413261740766e-02
-2.0749194111890194e-02
-2.0238818407469092e-02
-1.9747291600824023e-02
-1.9274942013666543e-02
-1.8820447001901393e-02
-1.8382086422251566e-02
-1.7960229422162830e-02
-1.7553736568870121e-02
-1.7161153634238393e-02
-1.6782852834051547e-02
-1.6417825728035407e-02
-1.6064873874591195e-02
-1.5724346033869515e-02
-1.5395325180415904e-02
-1.5076857522672998e-02
-1.4769249948016171e-02
-1.4471646732801335e-02
-1.4183326988181734e-02
-1.3904543349097501e-02
-1.3634478562622442e-02
-1.3372632734404899e-02
-1.3119196062454793e-02
-1.2873372371310357e-02
-1.2634870835076226e-02
-1.2655577163871452e-02
-1.2936218504439203e-02
-1.3225955447485725e-02
-1.3525528726974620e-02
-1.3834732703920712e-02
-1.4154366300961282e-02
-1.4485157720407989e-02
-1.4826833127925784e-02
-1.5180506945427703e-02
-1.5546890862344145e-02
-1.5925631823922745e-02
-1.6318223625304960e-02
-1.6725235180798985e-02
-1.7146592550298947e-02
-1.7583874890908169e-02
-1.8037579305791907e-02
-1.8508051698980864e-02
-1.8996894920822904e-02
-1.9504552105246879e-02
-2.0031878788167392e-02
-2.0580509756570883e-02
-2.1150832198402247e-02
-2.1744320398278699e-02
-2.2362654691713731e-02
-2.3006168024160781e-02
-2.3677087656276966e-02
-2.4377086850607226e-02
-2.5106672980099495e-02
-2.5868771723203159e-02
-2.6664921386622915e-02
-2.7496521638562029e-02
-2.8366704239125577e-02
-2.9277091077426817e-02
-3.0230195796538645e-02
-3.1229430328158642e-02
-3.2276558508887922e-02
-3.3375493382154960e-02
-3.4529987210665608e-02
-3.5742178022835178e-02
-3.7017609484871004e-02
-3.8360140697871754e-02
-3.9773735978602731e-02
-4.1264751406979806e-02
-4.2837706639693600e-02
-4.4498952182342760e-02
-4.6255978364884813e-02
-4.8114279707650490e-02
-5.0083363182072932e-02
-5.2171904096952930e-02
-5.4388138579923549e-02
-5.6744526140253944e-02
-5.9251662312471011e-02
-6.1922530968749598e-02
-6.4772839278078836e-02
-6.7816403303154721e-02
-7.1072864201765493e-02
-7.4562185899327255e-02
-7.8304761966181954e-02
-8.2328115376511121e-02
-8.6658784405496930e-02
-9.1328722926824452e-02
-9.6375623981896669e-02
-1.0183702058775339e-01
-1.0776241644410409e-01
-1.1420441802017234e-01
-1.2122203731751184e-01
-1.2888871372505331e-01
-1.3728177011928971e-01
-1.4649271714243750e-01
-1.5663687536223203e-01
-1.6783780155696862e-01
-1.8025222490396439e-01
-1.9405664124881386e-01
-2.0946389830081358e-01
-2.2673381604616843e-01
-2.4616813091808476e-01
-2.6814814685735971e-01
-2.9313187609947122e-01
-3.2168306921500106e-01
-3.5451653599374849e-01
-3.9251454783650241e-01
-4.3681738575460527e-01
-4.8888770546404625e-01
-5.5057088302351886e-01
-6.2441195839145869e-01
-7.1381423416512990e-01
-8.2344174019369143e-01
-9.5982544178255902e-01
-1.1322011109667447e+00
-1.3541417062726553e+00
-1.6466683330432628e+00
-2.0421149330981430e+00
-2.5939599613821449e+00
-3.3927025477096731e+00
-4.6019853746079402e+00
-6.5244870744723125e+00
-9.7035108616220018e+00
-1.4633095279825151e+01
-1.8328075011009719e+01
0.0000000000000000e+00
2.4055929233035767e-01
0.0000000000000000e+00
0.0000000000000000e+00
];
