%Vec Object:sol 1 MPI processes
%  type: mpi
sol = [
0.0000000000000000e+00
-4.1574830722773271e+01
-2.4390989931522508e+01
-1.3072091727641327e+01
-7.6613490593618314e+00
-4.9366069261109233e+00
-3.4199208336952016e+00
-2.4995529797722327e+00
-1.9029616977138137e+00
-1.4954036588748725e+00
-1.2055188644842714e+00
-9.9192511104938874e-01
-8.3016615198043775e-01
-7.0493903715915829e-01
-6.0598055663656125e-01
-5.2644404956313318e-01
-4.6161835093313702e-01
-4.0807990477795303e-01
-3.6330492122863467e-01
-3.2551540069999035e-01
-2.9335693619659009e-01
-2.6571793280279687e-01
-2.4182646242318109e-01
-2.2104051214261081e-01
-2.0282204941215429e-01
-1.8677204181715681e-01
-1.7257222937341937e-01
-1.5993987961798645e-01
-1.4864394644305748e-01
-1.3851796512334674e-01
-1.2940442563945678e-01
-1.2115622071830627e-01
-1.1368367733288705e-01
-1.0689303930196438e-01
-1.0069014742129140e-01
-9.5019322864669048e-02
-8.9823672886312086e-02
-8.5043521791114698e-02
-8.0638709192769858e-02
-7.6575140779773718e-02
-7.2814082269894581e-02
-6.9324736841338747e-02
-6.6086785984923041e-02
-6.3074664650369761e-02
-6.0263632185293153e-02
-5.7641898744916868e-02
-5.5192413870429051e-02
-5.2894622109536882e-02
-5.0742101775310883e-02
-4.8722995805741375e-02
-4.6821118558948938e-02
-4.5032164240050958e-02
-4.3347803710600125e-02
-4.1755854007469839e-02
-4.0252524519989084e-02
-3.8832462917181780e-02
-3.7486837151662039e-02
-3.6211783137740428e-02
-3.5003792603833579e-02
-3.3856229195402161e-02
-3.2765460366881854e-02
-3.1729316212435722e-02
-3.0742754048051286e-02
-2.9802390410791010e-02
-2.8906974380262671e-02
-2.8052629181007260e-02
-2.7236236353512588e-02
-2.6457170869125156e-02
-2.5712413387934143e-02
-2.4999121844320255e-02
-2.4317090662121617e-02
-2.3663933166635429e-02
-2.3037089757202228e-02
-2.2436627672240448e-02
-2.1860627346675970e-02
-2.1306812710680492e-02
-2.0775419480831309e-02
-2.0264872322306855e-02
-1.9773175757971349e-02
-1.9300659381024227e-02
-1.8846000167659499e-02
-1.8407477061222140e-02
-1.7985460431230053e-02
-1.7578810451887701e-02
-1.7186072045717371e-02
-1.6807618582160268e-02
-1.6442441196766334e-02
-1.6089340703500377e-02
-1.5748666931828404e-02
-1.5419502385117604e-02
-1.5100892668022489e-02
-1.4793145637948001e-02
-1.4495405038468327e-02
-1.4206949547864417e-02
-1.3928032659666545e-02
-1.3657836513566559e-02
-1.3395860979244056e-02
-1.3142296991327613e-02
-1.2896347681099023e-02
-1.2657722206372549e-02
-1.2678768132630176e-02
-1.2960232564408468e-02
-1.3250822989578588e-02
-1.3551282075543682e-02
-1.3861404653759169e-02
-1.4181991749927939e-02
-1.4513773640401401e-02
-1.4856476936349262e-02
-1.5211218867902648e-02
-1.5578713348913312e-02
-1.5958607733481431e-02
-1.6352399508721627e-02
-1.6760659754214112e-02
-1.7183315564251369e-02
-1.7621950216853366e-02
-1.8077063052901379e-02
-1.8549001968717980e-02
-1.9039374291547981e-02
-1.9548625519620194e-02
-2.0077614408189087e-02
-2.0627980634442152e-02
-2.1200113900616695e-02
-2.1795493278958585e-02
-2.2415804484448680e-02
-2.3061383167860799e-02
-2.3734463369604247e-02
-2.4436724170187097e-02
-2.5168676383040333e-02
-2.5933254514787035e-02
-2.6732002908933985e-02
-2.7566327104634983e-02
-2.8439368826949044e-02
-2.9352756776661281e-02
-3.0309013626982743e-02
-3.1311562717886265e-02
-3.2362175726559993e-02
-3.3464778848478115e-02
-3.4623137509609249e-02
-3.5839399330829601e-02
-3.7119126168212432e-02
-3.8466191678184311e-02
-3.9884575361140047e-02
-4.1380654933805786e-02
-4.2958967620625621e-02
-4.4625886628371657e-02
-4.6388928580423101e-02
-4.8253609771717693e-02
-5.0229470067094419e-02
-5.2325216362618908e-02
-5.4549115993475700e-02
-5.6913671891988891e-02
-5.9429519087439077e-02
-6.2109688458184778e-02
-6.4969942940342626e-02
-6.8024150486583959e-02
-7.1292021759106247e-02
-7.4793592835292702e-02
-7.8549332429091803e-02
-8.2586860880245194e-02
-8.6932813335328887e-02
-9.1619258502624146e-02
-9.6684023764292554e-02
-1.0216477902532194e-01
-1.0811120341462965e-01
-1.1457609195647431e-01
-1.2161866843008326e-01
-1.2931262761527734e-01
-1.3773637959073323e-01
-1.4698597566285593e-01
-1.5717076253530152e-01
-1.6841234765493046e-01
-1.8087182256036852e-01
-1.9472631072377214e-01
-2.1018941235678035e-01
-2.2752186042415465e-01
-2.4702644966518433e-01
-2.6908581000786680e-01
-2.9415953924141863e-01
-3.2281332693505743e-01
-3.5576442204281927e-01
-3.9389808528782305e-01
-4.3835842639463329e-01
-4.9061296838498158e-01
-5.5254899501169141e-01
-6.2665204418636744e-01
-7.1636893595343420e-01
-8.2637861891929598e-01
-9.6323261558358519e-01
-1.1362626391825887e+00
-1.3589572061945816e+00
-1.6524599235520419e+00
-2.0493072899312681e+00
-2.6029306929637110e+00
-3.4043327865632764e+00
-4.6175153932795494e+00
-6.5462689477066016e+00
-9.7355180753136459e+00
-1.4683052237761478e+01
-1.8395381036321570e+01
0.0000000000000000e+00
2.4055929233035767e-01
0.0000000000000000e+00
0.0000000000000000e+00
];
