%Vec Object:sol 1 MPI processes
%  type: mpi
sol = [
0.0000000000000000e+00
-4.2048032535218923e+01
-2.4544859255545973e+01
-1.3114657182900189e+01
-7.6779197786939113e+00
-4.9445278131233819e+00
-3.4242405900888255e+00
-2.5025034880943311e+00
-1.9047259442751154e+00
-1.4967207166845196e+00
-1.2065285100196601e+00
-9.9252800435143862e-01
-8.3063851443766057e-01
-7.0531209875222534e-01
-6.0627640744054989e-01
-5.2667886184708257e-01
-4.6180436612123843e-01
-4.0818479117562584e-01
-3.6335177861525736e-01
-3.2554273066752026e-01
-2.9336809384498841e-01
-2.6571556535272756e-01
-2.4181276764049300e-01
-2.2101729383940408e-01
-2.0279077367485768e-01
-1.8673393595133433e-01
-1.7252832990072872e-01
-1.5989104951464114e-01
-1.4859090976471306e-01
-1.3846134749945010e-01
-1.2934475814784782e-01
-1.2109394929843351e-01
-1.1361919385212067e-01
-1.0682668041245065e-01
-1.0062219925359125e-01
-9.4950037047593361e-02
-8.9753267851172935e-02
-8.4972186101778605e-02
-8.0566608157224717e-02
-7.6502426029693191e-02
-7.2740353098103699e-02
-6.9249356830034622e-02
-6.6010027889973844e-02
-6.2996765266962837e-02
-6.0184798998069541e-02
-5.7562310491644439e-02
-5.5112226193724904e-02
-5.2813974133701147e-02
-5.0661111882857823e-02
-4.8641766942373064e-02
-4.6739747027584565e-02
-4.4950723032268824e-02
-4.3266399228926070e-02
-4.1674890344121036e-02
-4.0172106725753637e-02
-3.8752591331543969e-02
-3.7407514258996452e-02
-3.6133008813841148e-02
-3.4925563977526559e-02
-3.3778545396188804e-02
-3.2688319383900565e-02
-3.1652713079518016e-02
-3.0666685584600863e-02
-2.9726853472651155e-02
-2.8831962668615933e-02
-2.7978137957973305e-02
-2.7162261819984195e-02
-2.6383705917939412e-02
-2.5639452267552792e-02
-2.4926660411099567e-02
-2.4245121362002367e-02
-2.3592449634111209e-02
-2.2966087692281107e-02
-2.2366099323189694e-02
-2.1790566032763359e-02
-2.1237214086991189e-02
-2.0706275768892390e-02
-2.0196176749132932e-02
-1.9704923990317081e-02
-1.9232843729873578e-02
-1.8778613936652970e-02
-1.8340515953556985e-02
-1.7918916924805163e-02
-1.7512678053944360e-02
-1.7120346496248134e-02
-1.6742292576194959e-02
-1.6377508542098015e-02
-1.6024797165700367e-02
-1.5684505453809103e-02
-1.5355717147614845e-02
-1.5037479439912288e-02
-1.4730097627209086e-02
-1.4432716854279791e-02
-1.4144616937824699e-02
-1.3866049104272884e-02
-1.3596197092106495e-02
-1.3334561390825572e-02
-1.3081330989612514e-02
-1.2835710845801431e-02
-1.2597410158078165e-02
-1.2617557460863781e-02
-1.2896847038693931e-02
-1.3185182254129001e-02
-1.3483300664114335e-02
-1.3790995849469639e-02
-1.4109063276939815e-02
-1.4438227739477701e-02
-1.4778214662204669e-02
-1.5130133853210007e-02
-1.5494693343971893e-02
-1.5871539397876215e-02
-1.6262159744794606e-02
-1.6667119735779039e-02
-1.7086343721371310e-02
-1.7521404086977343e-02
-1.7972794251160596e-02
-1.8440856835383837e-02
-1.8927187330839947e-02
-1.9432224976391868e-02
-1.9956820009603440e-02
-2.0502599176203652e-02
-2.1069945519806951e-02
-2.1660325449551692e-02
-2.2275410452325499e-02
-2.2915529012007163e-02
-2.3582897239492723e-02
-2.4279178823784893e-02
-2.5004875465085320e-02
-2.5762898323447570e-02
-2.6554775766646537e-02
-2.7381897794460413e-02
-2.8247379774454733e-02
-2.9152832377446446e-02
-3.0100754383243628e-02
-3.1094538951521426e-02
-3.2135937002298491e-02
-3.3228839936369103e-02
-3.4376978350654640e-02
-3.5582474468811007e-02
-3.6850842026152762e-02
-3.8185916157199601e-02
-3.9591636175195219e-02
-4.1074322548646951e-02
-4.2638466000961175e-02
-4.4290379663603358e-02
-4.6037510581059572e-02
-4.7885317404995069e-02
-4.9843252957477206e-02
-5.1919940532345700e-02
-5.4123564855428026e-02
-5.6466513943651382e-02
-5.8959318280191166e-02
-6.1614884323389456e-02
-6.4448827408397413e-02
-6.7474878114662587e-02
-7.0712563138252096e-02
-7.4181727503096206e-02
-7.7902641097052860e-02
-8.1902666474732030e-02
-8.6208182317066992e-02
-9.0850953319741828e-02
-9.5868451223252715e-02
-1.0129798346523325e-01
-1.0718879608695181e-01
-1.1359085386158595e-01
-1.2056335227985047e-01
-1.2818031228259150e-01
-1.3651926105380008e-01
-1.4567517556051149e-01
-1.5575871320756984e-01
-1.6689269887685329e-01
-1.7923294480256219e-01
-1.9295491214459956e-01
-2.0827020797317539e-01
-2.2543714695825479e-01
-2.4475572029261566e-01
-2.6660504515994649e-01
-2.9144051855226000e-01
-3.1982269237823158e-01
-3.5246235223691702e-01
-3.9023683655783964e-01
-4.3428010797306177e-01
-4.8601483593486000e-01
-5.4731402414200758e-01
-6.2072330420838606e-01
-7.0960692542629833e-01
-8.1860427545914682e-01
-9.5421235356155631e-01
-1.1255098980733977e+00
-1.3462064739455128e+00
-1.6371220348229683e+00
-2.0302578081397367e+00
-2.5791651529544115e+00
-3.3735150835975829e+00
-4.5763515639218131e+00
-6.4885132218845385e+00
-9.6506029671812037e+00
-1.4550439792802413e+01
-1.8216675986195238e+01
0.0000000000000000e+00
2.4055929233035767e-01
0.0000000000000000e+00
0.0000000000000000e+00
];
