%Vec Object:sol 1 MPI processes
%  type: mpi
sol = [
0.0000000000000000e+00
-4.2130195286341795e+01
-2.4571433404102059e+01
-1.3121991926283735e+01
-7.6806948068813403e+00
-4.9458954407127687e+00
-3.4249865524146581e+00
-2.5030128318379909e+00
-1.9050304568663883e+00
-1.4969478836887957e+00
-1.2066928939068784e+00
-9.9263206424058770e-01
-8.3072009032181315e-01
-7.0537656309992125e-01
-6.0632756125254417e-01
-5.2671948881256836e-01
-4.6182729919127385e-01
-4.0819720257672598e-01
-3.6336010705281913e-01
-3.2554769770912051e-01
-2.9337027454363002e-01
-2.6571541361107426e-01
-2.4181066065848264e-01
-2.2101354141459437e-01
-2.0278562770088859e-01
-1.8672760744486638e-01
-1.7252099721491770e-01
-1.5988286120679174e-01
-1.4858199053101534e-01
-1.3845180518653530e-01
-1.2933468435358017e-01
-1.2108342094373999e-01
-1.1360827861115395e-01
-1.0681543649832952e-01
-1.0061067606951789e-01
-9.4938278125982628e-02
-8.9741310836847513e-02
-8.4960062809915693e-02
-8.0554220989125527e-02
-7.6488553764615386e-02
-7.2725561511402317e-02
-6.9234608305677042e-02
-6.5995330900270988e-02
-6.2982127097484936e-02
-6.0170226162422555e-02
-5.7547808093930550e-02
-5.5097798515004792e-02
-5.2799625350227634e-02
-5.0646844882830472e-02
-4.8627584022889726e-02
-4.6725650752873910e-02
-4.4936714876564372e-02
-4.3252480209250647e-02
-4.1661061820440326e-02
-4.0158369310906487e-02
-3.8738945189023120e-02
-3.7393959907008847e-02
-3.6119546321453179e-02
-3.4912192940962580e-02
-3.3765265744885975e-02
-3.2675130848498525e-02
-3.1639614883389781e-02
-3.0653677249833880e-02
-2.9713934523629203e-02
-2.8819132089051756e-02
-2.7965394993540508e-02
-2.7149605873136733e-02
-2.6371135824622718e-02
-2.5626967091711441e-02
-2.4914259488331692e-02
-2.4232803444004504e-02
-2.3580213672888678e-02
-2.2953932990242652e-02
-2.2354024591807308e-02
-2.1778570164326747e-02
-2.1225296370969423e-02
-2.0694434906846818e-02
-2.0184411612722563e-02
-1.9693233866658895e-02
-1.9221227331387470e-02
-1.8767070144023450e-02
-1.8329044056527029e-02
-1.7907515660601531e-02
-1.7501346334644858e-02
-1.7109083614846816e-02
-1.6731097303904142e-02
-1.6366379839511638e-02
-1.6013734327601729e-02
-1.5673507291139685e-02
-1.5344782682329678e-02
-1.5026607965130922e-02
-1.4719287996935169e-02
-1.4421968161697165e-02
-1.4133928470492696e-02
-1.3855419760855451e-02
-1.3585626044484140e-02
-1.3324047916565199e-02
-1.3070874032425114e-02
-1.2825309661733371e-02
-1.2587064009759523e-02
-1.2607056480143470e-02
-1.2885972253907580e-02
-1.3173919835741239e-02
-1.3471635903547658e-02
-1.3778913820710991e-02
-1.4096548097724784e-02
-1.4425262583940352e-02
-1.4764782497702427e-02
-1.5116216370637862e-02
-1.5480271221502121e-02
-1.5856593122764176e-02
-1.6246668126426556e-02
-1.6651060596425571e-02
-1.7069694408196823e-02
-1.7504140073428071e-02
-1.7954889989471111e-02
-1.8422285867542781e-02
-1.8907921162006149e-02
-1.9412234031717355e-02
-1.9936073246318638e-02
-2.0481063325310012e-02
-2.1047586162657294e-02
-2.1637105986477150e-02
-2.2251291833222466e-02
-2.2890470948543358e-02
-2.3556856356154121e-02
-2.4252109092992177e-02
-2.4976729285131779e-02
-2.5733624072753914e-02
-2.6524319069050999e-02
-2.7350201593629588e-02
-2.8214382474106389e-02
-2.9118469271257892e-02
-3.0064956646430087e-02
-3.1057232559054820e-02
-3.2097044347331120e-02
-3.3188277416262145e-02
-3.4334656359372447e-02
-3.5538299016974743e-02
-3.6804710832799466e-02
-3.8137720298022440e-02
-3.9541259794419595e-02
-4.1021639923067822e-02
-4.2583343385482690e-02
-4.4232672954402474e-02
-4.5977063677815282e-02
-4.7821964260687182e-02
-4.9776812517812574e-02
-5.1850217323316412e-02
-5.4050349149837917e-02
-5.6389576197975355e-02
-5.8878410912841461e-02
-6.1529738289153202e-02
-6.4359148201695499e-02
-6.7380347522316364e-02
-7.0612831211190441e-02
-7.4076411358329250e-02
-7.7791323473312468e-02
-8.1784885663003432e-02
-8.6083432341398092e-02
-9.0718675733812495e-02
-9.5728027147307604e-02
-1.0114876068238150e-01
-1.0702756784178624e-01
-1.1341786199436461e-01
-1.2037876886363492e-01
-1.2798305636352350e-01
-1.3630812226656092e-01
-1.4544878671424341e-01
-1.5551552481610123e-01
-1.6663095838334827e-01
-1.7895064524596552e-01
-1.9264975944414864e-01
-2.0793956375489372e-01
-2.2507795507523168e-01
-2.4436444015773454e-01
-2.6617752916732468e-01
-2.9097189302185139e-01
-3.1930719546510722e-01
-3.5189310459351475e-01
-3.8960558894452624e-01
-4.3357686072989110e-01
-4.8521282590242948e-01
-5.4641127351588747e-01
-6.1970072141865595e-01
-7.0844037938271509e-01
-8.1726278208917325e-01
-9.5265548043738180e-01
-1.1236538742120268e+00
-1.3440048516083511e+00
-1.6344726996980574e+00
-2.0269665698685291e+00
-2.5750472139184755e+00
-3.3681866813131309e+00
-4.5692312187759869e+00
-6.4785174891336252e+00
-9.6358935536804111e+00
-1.4527445693351073e+01
-1.8185679632537209e+01
0.0000000000000000e+00
2.4055929233035767e-01
0.0000000000000000e+00
0.0000000000000000e+00
];
