%Vec Object:sol 1 MPI processes
%  type: mpi
sol = [
0.0000000000000000e+00
-7.1324123635182090e+01
-3.4599211586869764e+01
-1.6798034012378398e+01
-9.4437776932933257e+00
-5.9604791489193234e+00
-4.0781116833649760e+00
-2.9565816580644051e+00
-2.2376859488067495e+00
-1.7509514099213557e+00
-1.4065674021907888e+00
-1.1538993213377722e+00
-9.6346960834136419e-01
-8.1647482535187843e-01
-7.0055906940787516e-01
-6.0751533544614600e-01
-5.3183218564003842e-01
-4.6943599468552472e-01
-4.1734200089108003e-01
-3.7346316193649648e-01
-3.3616445127765260e-01
-3.0414106539917185e-01
-2.7648586076565174e-01
-2.5244646050198172e-01
-2.3139412486774136e-01
-2.1285447761791590e-01
-1.9646089441975592e-01
-1.8188828253835232e-01
-1.6886716711080585e-01
-1.5720281335278743e-01
-1.4671173969979759e-01
-1.3722321985671906e-01
-1.2863230817160667e-01
-1.2083000159435935e-01
-1.1370738172474865e-01
-1.0719941094742971e-01
-1.0123999950411917e-01
-9.5760234276956444e-02
-9.0713445316960142e-02
-8.6059980257999075e-02
-8.1755158276674247e-02
-7.7763389835049157e-02
-7.4060965613671342e-02
-7.0618409526730749e-02
-6.7407291225963922e-02
-6.4413756435075423e-02
-6.1618139782619798e-02
-5.8996949616196975e-02
-5.6542526814533554e-02
-5.4241195414707601e-02
-5.2074524928380807e-02
-5.0037339346094840e-02
-4.8120075676738948e-02
-4.6309222765488191e-02
-4.4599962753086947e-02
-4.2985979045685373e-02
-4.1457244503591638e-02
-4.0009258394901742e-02
-3.8637927346645028e-02
-3.7335724109390130e-02
-3.6098460092415151e-02
-3.4923569690592293e-02
-3.3805337812315268e-02
-3.2739895031038177e-02
-3.1725724658658069e-02
-3.0758436081319940e-02
-2.9834487056658563e-02
-2.8953075864279809e-02
-2.8110785272869761e-02
-2.7304405491071389e-02
-2.6533614887770465e-02
-2.5795714296465346e-02
-2.5087827127424221e-02
-2.4409945371155851e-02
-2.3759900266107647e-02
-2.3135144675674752e-02
-2.2535866020498077e-02
-2.1960286949412114e-02
-2.1406182395982624e-02
-2.0873850923774202e-02
-2.0361802851149812e-02
-1.9868124866536014e-02
-1.9393166832201134e-02
-1.8935648910531160e-02
-1.8493957230686729e-02
-1.8068450521774023e-02
-1.7658000114571335e-02
-1.7261277878019447e-02
-1.6878621694943273e-02
-1.6509009701038781e-02
-1.6151385033040366e-02
-1.5806044194965247e-02
-1.5472038468670485e-02
-1.5148567412442394e-02
-1.4835872418635911e-02
-1.4533052470642469e-02
-1.4239548771832087e-02
-1.3955538598766489e-02
-1.3680149318283282e-02
-1.3413049167966292e-02
-1.3421348087698971e-02
-1.3704974094179107e-02
-1.3997602444880321e-02
-1.4299992250503026e-02
-1.4611887763683790e-02
-1.4934100336245844e-02
-1.5267363045974321e-02
-1.5611320753728015e-02
-1.5967127017905834e-02
-1.6335499497542417e-02
-1.6716024381261650e-02
-1.7110191363650159e-02
-1.7518580241667556e-02
-1.7941068299748605e-02
-1.8379259398047500e-02
-1.8833618875045772e-02
-1.9304452474841083e-02
-1.9793375284509154e-02
-2.0300786372357129e-02
-2.0827512934816921e-02
-2.1375188022382481e-02
-2.1944141191146099e-02
-2.2535829127809482e-02
-2.3151914813311057e-02
-2.3792658399409587e-02
-2.4460278734883080e-02
-2.5156411513138025e-02
-2.5881481588526604e-02
-2.6638405636632580e-02
-2.7428657347748974e-02
-2.8253561529800315e-02
-2.9116216935587115e-02
-3.0018157272143065e-02
-3.0961824896463840e-02
-3.1950570394021237e-02
-3.2986041936220796e-02
-3.4072078284170242e-02
-3.5212335499932655e-02
-3.6408805933309342e-02
-3.7666944080281574e-02
-3.8990463433156833e-02
-4.0383168155422290e-02
-4.1851274194928810e-02
-4.3399104583342611e-02
-4.5032819703442944e-02
-4.6759704586528880e-02
-4.8584991679983737e-02
-5.0517944644945655e-02
-5.2566943795770947e-02
-5.4739888627616452e-02
-5.7048895972379839e-02
-5.9504150310027502e-02
-6.2118191483109243e-02
-6.4906234072221472e-02
-6.7881525855115143e-02
-7.1063090561488892e-02
-7.4470185815087117e-02
-7.8122411175161707e-02
-8.2046395293445082e-02
-8.6267660949508621e-02
-9.0817012688595461e-02
-9.5730824362460595e-02
-1.0104514420625753e-01
-1.0680774692297450e-01
-1.1306926543895762e-01
-1.1988645246710114e-01
-1.2733008109420008e-01
-1.3547524584232629e-01
-1.4441407060426142e-01
-1.5425386296432117e-01
-1.6511356298459184e-01
-1.7714430575057749e-01
-1.9051606706865121e-01
-2.0543389062781736e-01
-2.2214814578928996e-01
-2.4094167422345575e-01
-2.6217888225855812e-01
-2.8630666984698588e-01
-3.1386664710189588e-01
-3.4554567927742202e-01
-3.8219114978297597e-01
-4.2489844290636186e-01
-4.7507238278707054e-01
-5.3453667543722971e-01
-6.0573328811746918e-01
-6.9187976811971286e-01
-7.9739816405045494e-01
-9.2862910219787753e-01
-1.0945433841578418e+00
-1.3083606029122834e+00
-1.5897349015637303e+00
-1.9705530132105264e+00
-2.5015630070735018e+00
-3.2709147011797164e+00
-4.4355576131230370e+00
-6.2878333555362609e+00
-9.3464337522589922e+00
-1.4066227820520565e+01
-1.7553095782904965e+01
0.0000000000000000e+00
1.3464638167935297e-01
0.0000000000000000e+00
0.0000000000000000e+00
];
