%Vec Object:sol 1 MPI processes
%  type: mpi
sol = [
0.0000000000000000e+00
-7.1210606468549784e+01
-3.4580979330129985e+01
-1.6795459206857064e+01
-9.4433832075047821e+00
-5.9606917164174744e+00
-4.0783748426777509e+00
-2.9567477769728709e+00
-2.2378806493081838e+00
-1.7510961436968060e+00
-1.4067298572200668e+00
-1.1540305612810320e+00
-9.6357879679254710e-01
-8.1656787399065134e-01
-7.0066404680542815e-01
-6.0760743030880882e-01
-5.3191407043629035e-01
-4.6950963756186914e-01
-4.1740888503158513e-01
-3.7352442001867381e-01
-3.3622096636757298e-01
-3.0419353869458166e-01
-2.7653485295594199e-01
-2.5249242698386870e-01
-2.3143733522529547e-01
-2.1290224683622871e-01
-1.9650642139366004e-01
-1.8193144560820648e-01
-1.6890820959971084e-01
-1.5724194458657068e-01
-1.4674914031649591e-01
-1.3725904562420849e-01
-1.2866669627747684e-01
-1.2086307255912118e-01
-1.1373924060310535e-01
-1.0723015184668709e-01
-1.0126970645297433e-01
-9.5788981412435095e-02
-9.0741299507459239e-02
-8.6087002283454978e-02
-8.1781402406181133e-02
-7.7788904994769661e-02
-7.4085797134963216e-02
-7.0642598389391215e-02
-6.7430874100056784e-02
-6.4436768015245172e-02
-6.1640611856265300e-02
-5.9018910214606125e-02
-5.6564003083228433e-02
-5.4262212488506927e-02
-5.2095104794010409e-02
-5.0057503547470183e-02
-4.8139844373562862e-02
-4.6328613690405751e-02
-4.4618993169231722e-02
-4.3004665379134312e-02
-4.1475601294687484e-02
-4.0027299648144533e-02
-3.8655666632254490e-02
-3.7353173523673525e-02
-3.6115631121761124e-02
-3.4940473683614887e-02
-3.3821984957623730e-02
-3.2756294844430954e-02
-3.1741886734489688e-02
-3.0774369093281715e-02
-2.9850198962188299e-02
-2.8968574853787298e-02
-2.8126078798365480e-02
-2.7319500264778966e-02
-2.6548517962963643e-02
-2.5810432125421195e-02
-2.5102365420065099e-02
-2.4424310249674754e-02
-2.3774097352968204e-02
-2.3149178868478604e-02
-2.2549742671565801e-02
-2.1974010983571421e-02
-2.1419758049556294e-02
-2.0887282906765767e-02
-2.0375095494520021e-02
-1.9881281865810212e-02
-1.9406192357139918e-02
-1.8948546780859943e-02
-1.8506730698876182e-02
-1.8081103299770172e-02
-1.7670535577104584e-02
-1.7273698913697486e-02
-1.6890931625100396e-02
-1.6521211509330908e-02
-1.6163481309717995e-02
-1.5818037926066082e-02
-1.5483932290904253e-02
-1.5160363671341617e-02
-1.4847573809984671e-02
-1.4544661319097962e-02
-1.4251067221039014e-02
-1.3966969090356674e-02
-1.3691493897975143e-02
-1.3424309822537148e-02
-1.3432753903766049e-02
-1.3716762638938835e-02
-1.4009787983981305e-02
-1.4312583962565021e-02
-1.4624900290683512e-02
-1.4947549607256888e-02
-1.5281265929561198e-02
-1.5625723328974196e-02
-1.5982060100590809e-02
-1.6350985322874094e-02
-1.6732085485951714e-02
-1.7126895279538083e-02
-1.7535960253842946e-02
-1.7959154490792127e-02
-1.8398069301893631e-02
-1.8853162286924838e-02
-1.9324762063812680e-02
-1.9814473354054885e-02
-2.0322647187339764e-02
-2.0850169261186047e-02
-2.1398674999245294e-02
-2.1968495158745643e-02
-2.2561088745943390e-02
-2.3178121347611522e-02
-2.3819854407686501e-02
-2.4488510064938251e-02
-2.5185726826624993e-02
-2.5911931197291075e-02
-2.6670044136705554e-02
-2.7461542250788205e-02
-2.8287753182809863e-02
-2.9151780516502811e-02
-3.0055161249395484e-02
-3.1000342110968911e-02
-3.1990679214264114e-02
-3.3027824520971992e-02
-3.4115623166793112e-02
-3.5257737591105093e-02
-3.6456164786524956e-02
-3.7716368068568623e-02
-3.9042067982657219e-02
-4.0437076052822082e-02
-4.1907618718439704e-02
-4.3458027530693027e-02
-4.5094473884168186e-02
-4.6824255564518712e-02
-4.8652615589036892e-02
-5.0588833579622988e-02
-5.2641305183884192e-02
-5.4817945055091084e-02
-5.7130891105159246e-02
-5.9590347003389901e-02
-6.2208875430820133e-02
-6.5001718059796820e-02
-6.7982147904042847e-02
-7.1169222472145827e-02
-7.4582234481184159e-02
-7.8240820040732642e-02
-8.2171655159779200e-02
-8.6400309773882217e-02
-9.0957644325142806e-02
-9.5880098059877780e-02
-1.0120378591563699e-01
-1.0697656803013472e-01
-1.1324916922332486e-01
-1.2007844545397954e-01
-1.2753529644375025e-01
-1.3569495298150946e-01
-1.4464970407582395e-01
-1.5450704934765752e-01
-1.6538614302779819e-01
-1.7743838843392656e-01
-1.9083406446652981e-01
-2.0577857843953612e-01
-2.2252274030247723e-01
-2.4135712724461156e-01
-2.6263383543826835e-01
-2.8680545404279267e-01
-3.1441542276119189e-01
-3.4615180433817810e-01
-3.8286345118037379e-01
-4.2564763020820229e-01
-4.7591156028428983e-01
-5.3548202754141594e-01
-6.0680508040203995e-01
-6.9312488276817941e-01
-7.9883065498777350e-01
-9.3029243255587790e-01
-1.0964953434531848e+00
-1.3107166378359778e+00
-1.5925722644979503e+00
-1.9740298629462021e+00
-2.5059738368828621e+00
-3.2766460146953578e+00
-4.4432325583357066e+00
-6.2985251960912629e+00
-9.3623940929026546e+00
-1.4091134105720432e+01
-1.7586754005763584e+01
0.0000000000000000e+00
1.3464638167935297e-01
0.0000000000000000e+00
0.0000000000000000e+00
];
