%Vec Object:sol 1 MPI processes
%  type: mpi
sol = [
0.0000000000000000e+00
-7.1438324075457047e+01
-3.4617518152756837e+01
-1.6800617684635558e+01
-9.4441732756206918e+00
-5.9602656378556294e+00
-4.0778474629284851e+00
-2.9564148516399715e+00
-2.2374904891434997e+00
-1.7508061043486745e+00
-1.4064042822611824e+00
-1.1537675351535599e+00
-9.6335995662839458e-01
-8.1638137279317891e-01
-7.0045365048917052e-01
-6.0742284210114406e-01
-5.3174993528337655e-01
-4.6936201169941794e-01
-4.1727479647568982e-01
-3.7340159916559268e-01
-3.3610764382615488e-01
-3.0408830952793925e-01
-2.7643659381200109e-01
-2.5240022898387693e-01
-2.3134767416547189e-01
-2.1280604332716763e-01
-1.9641513474755617e-01
-1.8184490763872765e-01
-1.6882593068123761e-01
-1.5716350360007933e-01
-1.4667417393201279e-01
-1.3718724058702722e-01
-1.2859777676342066e-01
-1.2079679630083680e-01
-1.1367539644948296e-01
-1.0716855069146734e-01
-1.0121017947310824e-01
-9.5731379675464356e-02
-9.0685488704455558e-02
-8.6032860357267815e-02
-8.1728820385456730e-02
-7.7737784647974081e-02
-7.4036047464783108e-02
-7.0594137141555324e-02
-6.7383627674694122e-02
-6.4390666790706236e-02
-6.1595592050857149e-02
-5.8974915582877291e-02
-5.6520979168093927e-02
-5.4220108870951932e-02
-5.2053877368277941e-02
-5.0017109104134080e-02
-4.8100242482703920e-02
-4.6289768788374451e-02
-4.4580870638810097e-02
-4.2967232284521942e-02
-4.1438828480353233e-02
-3.9991159035719551e-02
-3.8620131016594908e-02
-3.7318218654015127e-02
-3.6081233971455233e-02
-3.4906611504416749e-02
-3.3788637326230782e-02
-3.2723442686729866e-02
-3.1709510820848372e-02
-3.0742452039123992e-02
-2.9818724818602704e-02
-2.8937527206572073e-02
-2.8095442713016894e-02
-2.7289262289225100e-02
-2.6518663963011141e-02
-2.5780949171187065e-02
-2.5073242068988637e-02
-2.4395534234195215e-02
-2.3745657406827842e-02
-2.3121065177575541e-02
-2.2521944511557101e-02
-2.1946518486628951e-02
-2.1392562727230374e-02
-2.0860375322147316e-02
-2.0348466970579841e-02
-1.9854924997706275e-02
-1.9380098788405121e-02
-1.8922708858960378e-02
-1.8481141907754912e-02
-1.8055756202675716e-02
-1.7645423457977875e-02
-1.7248815984031374e-02
-1.6866271167345490e-02
-1.6496767523156854e-02
-1.6139248510967000e-02
-1.5794010137296557e-02
-1.5460104266886373e-02
-1.5136734555691655e-02
-1.4824138632172334e-02
-1.4521416031401477e-02
-1.4228010046448648e-02
-1.3944094721774112e-02
-1.3668778881507294e-02
-1.3401731950979850e-02
-1.3409854719292258e-02
-1.3693064209805409e-02
-1.3985259715818049e-02
-1.4287174209792260e-02
-1.4598573534143559e-02
-1.4920269099416216e-02
-1.5252992681211617e-02
-1.5596417680207964e-02
-1.5951679408748781e-02
-1.6319484514309816e-02
-1.6699418818506933e-02
-1.7093006726664500e-02
-1.7500796569697483e-02
-1.7922661628235623e-02
-1.8360203743335506e-02
-1.8813887176510537e-02
-1.9284016715891746e-02
-1.9772205261666068e-02
-2.0278850746262313e-02
-2.0804778805896765e-02
-2.1351620108058078e-02
-2.1919703001914769e-02
-2.2510481844804128e-02
-2.3125617000822014e-02
-2.3765367322894460e-02
-2.4431948356170213e-02
-2.5126992967898280e-02
-2.5850924353808168e-02
-2.6606654887461261e-02
-2.7395655330162558e-02
-2.8219247641113162e-02
-2.9080525721525419e-02
-2.9981019972321526e-02
-3.0923168358213956e-02
-3.1910315912735902e-02
-3.2944106998415990e-02
-3.4028373973229831e-02
-3.5166766493211418e-02
-3.6361272241799469e-02
-3.7617336856301357e-02
-3.8938666742491593e-02
-4.0329058667725376e-02
-4.1794718040298162e-02
-4.3339959330657880e-02
-4.4970931857526465e-02
-4.6694907837709576e-02
-4.8517109095528643e-02
-5.0446783255733756e-02
-5.2492295224610748e-02
-5.4661529262850915e-02
-5.6966581020745977e-02
-5.9417615691807209e-02
-6.2027150166077676e-02
-6.4810371797770591e-02
-6.7780502997273340e-02
-7.0956533545917355e-02
-7.4357685793667486e-02
-7.8003522557250946e-02
-8.1920624889690333e-02
-8.6134468160907737e-02
-9.0675800725111430e-02
-9.5580930693279192e-02
-1.0088583923372993e-01
-1.0663821515658863e-01
-1.1288859899105293e-01
-1.1969363963144521e-01
-1.2712398283151133e-01
-1.3525458607726251e-01
-1.4417740721522293e-01
-1.5399956070217927e-01
-1.6483977119174287e-01
-1.7684890399506556e-01
-1.9019663005265242e-01
-2.0508762698541597e-01
-2.2177069336960256e-01
-2.4052346321956641e-01
-2.6172187770503597e-01
-2.8580563816456522e-01
-3.1331539843782602e-01
-3.4493682014336663e-01
-3.8151581004609020e-01
-4.2414585990673653e-01
-4.7422938637261652e-01
-5.3358699868484127e-01
-6.0465656058550554e-01
-6.9062896144748387e-01
-7.9595905668236278e-01
-9.2695799598901762e-01
-1.0925821706983663e+00
-1.3059933725521908e+00
-1.5868837804695264e+00
-1.9670589038422639e+00
-2.4971299261971742e+00
-3.2651537783624138e+00
-4.4278416588558400e+00
-6.2770815742485624e+00
-9.3303795815313748e+00
-1.4041166408218364e+01
-1.7519225101564412e+01
0.0000000000000000e+00
1.3464638167935297e-01
0.0000000000000000e+00
0.0000000000000000e+00
];
