%Vec Object:sol 1 MPI processes
%  type: mpi
sol = [
0.0000000000000000e+00
-7.8788640965341685e+01
-3.5703360527029034e+01
-1.6936771905385143e+01
-9.4497935716654116e+00
-5.9433191010103306e+00
-4.0592161813671543e+00
-2.9394523788506373e+00
-2.2229807785971705e+00
-1.7382578074438424e+00
-1.3956279482469471e+00
-1.1443596933605604e+00
-9.5506531796535254e-01
-8.0899890387583595e-01
-6.9384012272032169e-01
-6.0144599453157188e-01
-5.2630857368010819e-01
-4.6437545230781024e-01
-4.1267790381535274e-01
-3.6914163685254620e-01
-3.3214125967982699e-01
-3.0037943341494860e-01
-2.7295515082236144e-01
-2.4912085471337311e-01
-2.2824201886275067e-01
-2.0986410902947694e-01
-1.9362072053089846e-01
-1.7918400806696513e-01
-1.6628638067907719e-01
-1.5473463199782650e-01
-1.4434660150621831e-01
-1.3495274431889448e-01
-1.2644900055011302e-01
-1.1872718351752026e-01
-1.1167915861881224e-01
-1.0524043645504431e-01
-9.9345445414805222e-02
-9.3925798274380301e-02
-8.8935208511583680e-02
-8.4334347661924519e-02
-8.0078894038178083e-02
-7.6133554017376981e-02
-7.2474813916655251e-02
-6.9073444609665677e-02
-6.5901264404425577e-02
-6.2944527660904817e-02
-6.0183737700533133e-02
-5.7595626334758621e-02
-5.5172582468430174e-02
-5.2901049209835634e-02
-5.0762786915919129e-02
-4.8752643758342165e-02
-4.6861140189578196e-02
-4.5074913937913061e-02
-4.3389174968788122e-02
-4.1797657907854620e-02
-4.0290452386587107e-02
-3.8863090721256710e-02
-3.7511506643072921e-02
-3.6228264868147980e-02
-3.5009215061734288e-02
-3.3851800749555086e-02
-3.2750379681782626e-02
-3.1701124913015424e-02
-3.0702515630917027e-02
-2.9750219339923178e-02
-2.8840739126666064e-02
-2.7973259607792900e-02
-2.7144410379857788e-02
-2.6351028488178978e-02
-2.5592771902808266e-02
-2.4866979715841436e-02
-2.4170822315431533e-02
-2.3504266823813600e-02
-2.2865176385115350e-02
-2.2251049716945456e-02
-2.1662046668301679e-02
-2.1096417087266384e-02
-2.0551979578357030e-02
-2.0029003965100847e-02
-1.9526027949026831e-02
-1.9041178759771946e-02
-1.8574755594447188e-02
-1.8125509401209165e-02
-1.7691832082201573e-02
-1.7274081535480622e-02
-1.6871168284545070e-02
-1.6481794587453462e-02
-1.6106271545872134e-02
-1.5743598482492901e-02
-1.5392743175759773e-02
-1.5053977660437725e-02
-1.4726375144553976e-02
-1.4409153464466397e-02
-1.4102532338539990e-02
-1.3805633992122722e-02
-1.3517911009805489e-02
-1.3239522195120987e-02
-1.2969619957773980e-02
-1.2707876556894669e-02
-1.2707181392486090e-02
-1.2966934823551527e-02
-1.3234794709778550e-02
-1.3511456106571786e-02
-1.3796654630647654e-02
-1.4091138645126199e-02
-1.4395578915134334e-02
-1.4709635955494342e-02
-1.5034362257390599e-02
-1.5370399017772332e-02
-1.5717320008604482e-02
-1.6076540805153867e-02
-1.6448545926442352e-02
-1.6833177902112258e-02
-1.7231917126591799e-02
-1.7645161684207482e-02
-1.8073157174494401e-02
-1.8517384467592875e-02
-1.8978171230669482e-02
-1.9456247583340108e-02
-1.9953099754674179e-02
-2.0468980890743227e-02
-2.1005203488454156e-02
-2.1563268635962193e-02
-2.2143353634159757e-02
-2.2747473331338721e-02
-2.3377087690537712e-02
-2.4032515874547078e-02
-2.4716408846110382e-02
-2.5430056861736952e-02
-2.6174605652361151e-02
-2.6952853129903215e-02
-2.7766124904580324e-02
-2.8616588822289207e-02
-2.9507249804227337e-02
-3.0439515087403692e-02
-3.1416824267686626e-02
-3.2442432812382620e-02
-3.3518036992386611e-02
-3.4648539235613743e-02
-3.5837207045951669e-02
-3.7087378279162392e-02
-3.8404609390102977e-02
-3.9792682310814287e-02
-4.1257061686592773e-02
-4.2804227401589144e-02
-4.4438737734998478e-02
-4.6168848583746869e-02
-4.8001967102631805e-02
-4.9945026441195813e-02
-5.2008808673483731e-02
-5.4202274285705440e-02
-5.6536508908170899e-02
-5.9025004012374482e-02
-6.1679390873624021e-02
-6.4516541225883281e-02
-6.7553468921953672e-02
-7.0807428211320869e-02
-7.4302020687524728e-02
-7.8059738278251412e-02
-8.2107795208446591e-02
-8.6478364166217875e-02
-9.1203185598934450e-02
-9.6324533200354112e-02
-1.0188710070752248e-01
-1.0794095288020394e-01
-1.1454866630553198e-01
-1.2177647588783201e-01
-1.2970577015239190e-01
-1.3843134574063934e-01
-1.4805813416417110e-01
-1.5871973487556632e-01
-1.7056622481312797e-01
-1.8377872954470867e-01
-1.9857316514928425e-01
-2.1520506852743365e-01
-2.3400267029496674e-01
-2.5535511481373069e-01
-2.7974141659055352e-01
-3.0776940902523914e-01
-3.4018899242996148e-01
-3.7797013143654834e-01
-4.2235723093594424e-01
-4.7496639809894670e-01
-5.3796296088194306e-01
-6.1421279690267838e-01
-7.0764139586260122e-01
-8.2387974561686494e-01
-9.7090627126683737e-01
-1.1605386748756807e+00
-1.4103094266107714e+00
-1.7485619793703597e+00
-2.2210177837907095e+00
-2.9063611835903078e+00
-3.9447895389455669e+00
-5.5956019414241442e+00
-8.3127199687939637e+00
-1.2433934284576976e+01
-1.5351868003989901e+01
0.0000000000000000e+00
1.3464638167935297e-01
0.0000000000000000e+00
0.0000000000000000e+00
];
