%Vec Object:sol 1 MPI processes
%  type: mpi
sol = [
0.0000000000000000e+00
-4.0903134783616302e+01
-2.4170129382345170e+01
-1.3007307963464562e+01
-7.6360416866888805e+00
-4.9253749334208319e+00
-3.4131643160299348e+00
-2.4954118348377379e+00
-1.9003675618179976e+00
-1.4935763753658391e+00
-1.2041212535563173e+00
-9.9091594038665520e-01
-8.2952818585965749e-01
-7.0443802209622031e-01
-6.0558597442185746e-01
-5.2613355550961582e-01
-4.6137511838029210e-01
-4.0789115365784895e-01
-3.6316720180960094e-01
-3.2544323406493003e-01
-2.9333561927828816e-01
-2.6573610699833478e-01
-2.4186099585413839e-01
-2.2108764845302151e-01
-2.0287981078135844e-01
-1.8683877349924466e-01
-1.7264653497764140e-01
-1.6002059776512553e-01
-1.4873010366112371e-01
-1.3860872141296365e-01
-1.2949906897914232e-01
-1.2125415374635713e-01
-1.1378437634068245e-01
-1.0699605522563577e-01
-1.0079509886518502e-01
-9.5125875483951572e-02
-8.9931537266751793e-02
-8.5152448263828798e-02
-8.0748479658902431e-02
-7.6685565644117534e-02
-7.2924996173257164e-02
-6.9435994605547044e-02
-6.6198262237757627e-02
-6.3186249521801061e-02
-6.0375227363107874e-02
-5.7753421152234148e-02
-5.5303791080100764e-02
-5.3005786459903809e-02
-5.0852998577776587e-02
-4.8833577835776874e-02
-4.6931341413555365e-02
-4.5141986058570852e-02
-4.3457232294284616e-02
-4.1865198930103327e-02
-4.0361814185713177e-02
-3.8941634075602277e-02
-3.7595829827193360e-02
-3.6320546291625025e-02
-3.5112283836360551e-02
-3.3964407707478349e-02
-3.2873290750580264e-02
-3.1836770657716382e-02
-3.0849805371064937e-02
-2.9909014139431863e-02
-2.9013153008361329e-02
-2.8158345274055991e-02
-2.7341473169838697e-02
-2.6561918228698217e-02
-2.5816660864682935e-02
-2.5102858216320766e-02
-2.4420310979904294e-02
-2.3766632039597037e-02
-2.3139259952742033e-02
-2.2538267979927064e-02
-2.1961735970236297e-02
-2.1407385335275104e-02
-2.0875457563549069e-02
-2.0364376598342317e-02
-1.9872144080795955e-02
-1.9399095106051333e-02
-1.8943905774057881e-02
-1.8504852034532712e-02
-1.8082309436204619e-02
-1.7675137104699992e-02
-1.7281876966565208e-02
-1.6902907372744459e-02
-1.6537220381462128e-02
-1.6183613316670634e-02
-1.5842439344462514e-02
-1.5512784198199115e-02
-1.5193685943606121e-02
-1.4885440587361064e-02
-1.4587185437247732e-02
-1.4298220365954501e-02
-1.4018802287444534e-02
-1.3748106171686859e-02
-1.3485615036292869e-02
-1.3231545086466012e-02
-1.2985096752853593e-02
-1.2745979115881561e-02
-1.2768323249944898e-02
-1.3052952505939028e-02
-1.3346824348422969e-02
-1.3650688872520156e-02
-1.3964342678835505e-02
-1.4288594871547667e-02
-1.4624183688026607e-02
-1.4970837405932908e-02
-1.5329684047179437e-02
-1.5701446056324012e-02
-1.6085772305309800e-02
-1.6484174471965561e-02
-1.6897231926186796e-02
-1.7324875686097162e-02
-1.7768704859459757e-02
-1.8229227344186364e-02
-1.8706798644339623e-02
-1.9203043271715337e-02
-1.9718415755353165e-02
-2.0253787174541051e-02
-2.0810815963851877e-02
-2.1389901418013436e-02
-2.1992540958082080e-02
-2.2620440918223166e-02
-2.3273947258607177e-02
-2.3955320017727714e-02
-2.4666260557052441e-02
-2.5407292807994593e-02
-2.6181385130892978e-02
-2.6990104961869016e-02
-2.7834880285411430e-02
-2.8718891015798286e-02
-2.9643791892409475e-02
-3.0612140152050927e-02
-3.1627402829198396e-02
-3.2691381554304080e-02
-3.3808052890024691e-02
-3.4981232648351575e-02
-3.6213105086135837e-02
-3.7509301729420033e-02
-3.8873751901537551e-02
-4.0310493161182639e-02
-4.1825986054172357e-02
-4.3424834961367377e-02
-4.5113499938766968e-02
-4.6899598216238576e-02
-4.8788729293173592e-02
-5.0790558901892970e-02
-5.2913914729692861e-02
-5.5167183389668556e-02
-5.7563033930392644e-02
-6.0112252337606899e-02
-6.2828049205069139e-02
-6.5726400714164621e-02
-6.8821373082225870e-02
-7.2132942716826187e-02
-7.5681421505799581e-02
-7.9487565177068592e-02
-8.3579366288525483e-02
-8.7983830067834806e-02
-9.2733463982790448e-02
-9.7866608713230913e-02
-1.0342145693536743e-01
-1.0944835797206001e-01
-1.1600082694514496e-01
-1.2313889618759415e-01
-1.3093725248599231e-01
-1.3947537202307891e-01
-1.4885059446167320e-01
-1.5917633465070904e-01
-1.7057851302764568e-01
-1.8321681740768417e-01
-1.9727111926184709e-01
-2.1295833575414211e-01
-2.3054027033556335e-01
-2.5031353885301039e-01
-2.7267620660099096e-01
-2.9809391669201291e-01
-3.2713974976168919e-01
-3.6054025056446271e-01
-3.9919206831047338e-01
-4.4425389523629621e-01
-4.9721177953590651e-01
-5.5999482141083079e-01
-6.3518542423803326e-01
-7.2613676854001230e-01
-8.3760405645959368e-01
-9.7625096790305688e-01
-1.1515540853273585e+00
-1.3773489960140408e+00
-1.6745675311847936e+00
-2.0767525001714353e+00
-2.6371353722393431e+00
-3.4486481374789428e+00
-4.6766344367304233e+00
-6.6290958908433248e+00
-9.8570271846239628e+00
-1.4872373141272618e+01
-1.8650270788798608e+01
0.0000000000000000e+00
2.4055929233035767e-01
0.0000000000000000e+00
0.0000000000000000e+00
];
