%Vec Object:sol 1 MPI processes
%  type: mpi
sol = [
0.0000000000000000e+00
-7.8628426365528313e+01
-3.5682887935136179e+01
-1.6934300361761338e+01
-9.4500699246065594e+00
-5.9436913561867701e+00
-4.0595994615658979e+00
-2.9398260287812810e+00
-2.2233399281333468e+00
-1.7385232287666930e+00
-1.3958947746194632e+00
-1.1445732869934901e+00
-9.5524115193544956e-01
-8.0914702439962560e-01
-6.9399729286723000e-01
-6.0158266498567814e-01
-5.2642901572798928e-01
-4.6448281742056474e-01
-4.1277457008687995e-01
-3.6922942317296098e-01
-3.3222158484976494e-01
-3.0045342407229764e-01
-2.7302370793158925e-01
-2.4918470370939619e-01
-2.2831085899779741e-01
-2.0992918102727592e-01
-1.9368189811024930e-01
-1.7924172453806733e-01
-1.6634100405621310e-01
-1.5478647779178809e-01
-1.4439594146666504e-01
-1.3499981291777183e-01
-1.2649400320797802e-01
-1.1877030024919152e-01
-1.1172054657735879e-01
-1.0528023562167295e-01
-9.9383780353383119e-02
-9.3962779014583483e-02
-8.8970933904522487e-02
-8.4368907092142356e-02
-8.0112367351057270e-02
-7.6166013114470577e-02
-7.2506324920300916e-02
-6.9104067257426502e-02
-6.5931052290192485e-02
-6.2973530977103911e-02
-6.0212002340146571e-02
-5.7623193061834076e-02
-5.5199490235184064e-02
-5.2927333980153195e-02
-5.0788480457463189e-02
-4.8777776769056792e-02
-4.6885741286894766e-02
-4.5099008523777510e-02
-4.3412787505102704e-02
-4.1820811533551772e-02
-4.0313167753181785e-02
-3.8885387571758877e-02
-3.7533403952658841e-02
-3.6249779672951357e-02
-3.5030363479408778e-02
-3.3872598536869608e-02
-3.2770841073516827e-02
-3.1721263201839621e-02
-3.0722344048396473e-02
-2.9769749911881152e-02
-2.8859982922506799e-02
-2.7992227850827684e-02
-2.7163113327962254e-02
-2.6369475441172612e-02
-2.5610972467473122e-02
-2.4884942714944021e-02
-2.4188555629402482e-02
-2.3521778743791012e-02
-2.2882474552433800e-02
-2.2268140854463069e-02
-2.1678937976174002e-02
-2.1113115355349626e-02
-2.0568490588240833e-02
-2.0045333936912470e-02
-1.9542179491406450e-02
-1.9057153304380937e-02
-1.8590576878759212e-02
-1.8141192297297975e-02
-1.7707420717711059e-02
-1.7289593397751640e-02
-1.6886602871577817e-02
-1.6497151072704757e-02
-1.6121549872307822e-02
-1.5758802264919939e-02
-1.5407875443418782e-02
-1.5069038304798794e-02
-1.4741361755556461e-02
-1.4424032538902292e-02
-1.4117306323913873e-02
-1.3820304963969170e-02
-1.3532473641749362e-02
-1.3253965904337372e-02
-1.2983947834078195e-02
-1.2722091589960634e-02
-1.2721573092149401e-02
-1.2981803001337828e-02
-1.3250157282439128e-02
-1.3527332153170299e-02
-1.3813063509337687e-02
-1.4108100981071214e-02
-1.4413116580146544e-02
-1.4727771090153127e-02
-1.5053118693528720e-02
-1.5389801925568772e-02
-1.5737394811401163e-02
-1.6097315148018879e-02
-1.6470048761165711e-02
-1.6855438815605261e-02
-1.7254968186027304e-02
-1.7669036313564562e-02
-1.8097890013148297e-02
-1.8543012852986002e-02
-1.9004733942523534e-02
-1.9483785358289506e-02
-1.9981656282646799e-02
-2.0498601407022407e-02
-2.1035936131281720e-02
-2.1595164802216932e-02
-2.2176466398253398e-02
-2.2781859871995304e-02
-2.3412808726341890e-02
-2.4069634262756934e-02
-2.4754992788994443e-02
-2.5470178260419779e-02
-2.6216340020937850e-02
-2.6996282037122090e-02
-2.7811334117428373e-02
-2.8663669638497449e-02
-2.9556300480897000e-02
-3.0490638743623830e-02
-3.1470132058756456e-02
-3.2498043961265169e-02
-3.3576076695387078e-02
-3.4709143799479765e-02
-3.5900521762612714e-02
-3.7153557834961382e-02
-3.8473821744989013e-02
-3.9865106324628648e-02
-4.1332890224066866e-02
-4.2883669531557873e-02
-4.4522016101257056e-02
-4.6256206104956149e-02
-4.8093666278489759e-02
-5.0041349213990047e-02
-5.2110063828736827e-02
-5.4308795224274092e-02
-5.6648658266857499e-02
-5.9143179063592462e-02
-6.1804021372548618e-02
-6.4648100163466213e-02
-6.7692474354954527e-02
-7.0954445280529702e-02
-7.4457675302571857e-02
-7.8224717157321169e-02
-8.2282857083808864e-02
-8.6664352016144613e-02
-9.1401028714312563e-02
-9.6535271098384362e-02
-1.0211189182594410e-01
-1.0818108948512570e-01
-1.1480560465509343e-01
-1.2205184931882748e-01
-1.3000142650484375e-01
-1.3874938267618753e-01
-1.4840092875022481e-01
-1.5909001390437799e-01
-1.7096711142275320e-01
-1.8421382102562986e-01
-1.9905208979201972e-01
-2.1573101786237286e-01
-2.3457823067823111e-01
-2.5598707116324970e-01
-2.8043780878548447e-01
-3.0853985923300370e-01
-3.4104507005195772e-01
-3.7892590675798066e-01
-4.2342996532263194e-01
-4.7617747131291910e-01
-5.3933922650589228e-01
-6.1581229014917327e-01
-7.0948749624160123e-01
-8.2603013380586909e-01
-9.7343875341791797e-01
-1.1635597153363684e+00
-1.4140174161623484e+00
-1.7531307109794816e+00
-2.2268436937142448e+00
-2.9139790754969987e+00
-3.9550749923272281e+00
-5.6101188657888539e+00
-8.3345324900743538e+00
-1.2468585011365086e+01
-1.5398674520628239e+01
0.0000000000000000e+00
1.3464638167935297e-01
0.0000000000000000e+00
0.0000000000000000e+00
];
