%Vec Object:sol 1 MPI processes
%  type: mpi
sol = [
0.0000000000000000e+00
-7.0549399110003307e+01
-3.4466835749141865e+01
-1.6780720629639234e+01
-9.4416616306159202e+00
-5.9609841000869448e+00
-4.0794688150611114e+00
-2.9579229894969825e+00
-2.2391710796799020e+00
-1.7520560731815884e+00
-1.4076753076149522e+00
-1.1548722319565581e+00
-9.6427767052935387e-01
-8.1716211177875553e-01
-7.0119134892343327e-01
-6.0817447861780993e-01
-5.3242606039004226e-01
-4.6996915181874310e-01
-4.1782539126005930e-01
-3.7390515663538859e-01
-3.3657157760464612e-01
-3.0451850248950008e-01
-2.7683775298984103e-01
-2.5277617355405257e-01
-2.3170432067396385e-01
-2.1315503915713005e-01
-1.9675594461573270e-01
-1.8217725769854165e-01
-1.6914972791460109e-01
-1.5747878536923818e-01
-1.4697693497582992e-01
-1.3747703689243967e-01
-1.2887574744835062e-01
-1.2106394140039413e-01
-1.1393258683481380e-01
-1.0741656619328245e-01
-1.0144971594806440e-01
-9.5963050572794070e-02
-9.0909847017499337e-02
-8.6250408409679485e-02
-8.1940006382980449e-02
-7.7943012430941191e-02
-7.4235690944816385e-02
-7.0788534125780664e-02
-6.7573080306213243e-02
-6.4575460702315055e-02
-6.1775988777541944e-02
-5.9151145719405551e-02
-5.6693265791684287e-02
-5.4388658404712360e-02
-5.2218870403899019e-02
-5.0178722389937036e-02
-4.8258641302883633e-02
-4.6445098560978150e-02
-4.4733272782948835e-02
-4.3116841258186975e-02
-4.1585763338305548e-02
-4.0135534349194674e-02
-3.8762057699515150e-02
-3.7457795601610083e-02
-3.6218555040656006e-02
-3.5041769320015820e-02
-3.3921715067821982e-02
-3.2854518023864597e-02
-3.1838661956254045e-02
-3.0869749688832174e-02
-2.9944233867035847e-02
-2.9061314329634779e-02
-2.8217568588813750e-02
-2.7409781597989204e-02
-2.6637634056126815e-02
-2.5898422523446596e-02
-2.5189265155230282e-02
-2.4510156779935118e-02
-2.3858925087356903e-02
-2.3233017823302945e-02
-2.2632625549675926e-02
-2.2055967884086595e-02
-2.1500814909002051e-02
-2.0967468466337191e-02
-2.0454436191297502e-02
-1.9959800302206451e-02
-1.9483913946639512e-02
-1.9025494814041966e-02
-1.8582925047805832e-02
-1.8156566561524125e-02
-1.7745288308736829e-02
-1.7347758745514214e-02
-1.6964318754093401e-02
-1.6593944094930511e-02
-1.6235575143589729e-02
-1.5889511146709438e-02
-1.5554800933911653e-02
-1.5230642020034066e-02
-1.4917278227029722e-02
-1.4613805942111714e-02
-1.4319665099481071e-02
-1.4035035046597510e-02
-1.3759040359722184e-02
-1.3491348836623908e-02
-1.3500649347585155e-02
-1.3786928341250969e-02
-1.4082308287856445e-02
-1.4387548674405131e-02
-1.4702400431596832e-02
-1.5027682132471801e-02
-1.5364133625285981e-02
-1.5711430122203350e-02
-1.6070717865648100e-02
-1.6442712186763714e-02
-1.6827000634791617e-02
-1.7225121976624565e-02
-1.7637633051259125e-02
-1.8064411340643571e-02
-1.8507074745038651e-02
-1.8966096388285142e-02
-1.9441789020683251e-02
-1.9935783046271575e-02
-2.0448485850295371e-02
-2.0980735843797678e-02
-2.1534182898344391e-02
-2.2109165534293460e-02
-2.2707157033908781e-02
-2.3329839005518656e-02
-2.3977481398580268e-02
-2.4652326505429749e-02
-2.5356030349370302e-02
-2.6089030294907795e-02
-2.6854273579528819e-02
-2.7653255280678395e-02
-2.8487321173219317e-02
-2.9359604770975930e-02
-3.0271664196013574e-02
-3.1225973804069093e-02
-3.2225924322856148e-02
-3.3273192383153447e-02
-3.4371663201405167e-02
-3.5525039631062433e-02
-3.6735349182518535e-02
-3.8008110641013025e-02
-3.9347090040298759e-02
-4.0756146644730165e-02
-4.2241573297388188e-02
-4.3807539571658449e-02
-4.5460159388905345e-02
-4.7207093537880232e-02
-4.9053648063900099e-02
-5.1009197003598281e-02
-5.3082226665148460e-02
-5.5280741297535102e-02
-5.7617003488755980e-02
-6.0101330335371114e-02
-6.2746419541141893e-02
-6.5567672967438956e-02
-6.8578512766566999e-02
-7.1798196163763137e-02
-7.5246223314861443e-02
-7.8942446333771094e-02
-8.2913821187649228e-02
-8.7186196481597908e-02
-9.1790763011316237e-02
-9.6764346515201716e-02
-1.0214345603079938e-01
-1.0797645658903032e-01
-1.1431461596052722e-01
-1.2121540006782695e-01
-1.2875045683363587e-01
-1.3699582196530918e-01
-1.4604475983209247e-01
-1.5600590433170480e-01
-1.6699967445383831e-01
-1.7917905761773728e-01
-1.9271612232485341e-01
-2.0781842270079817e-01
-2.2473937479860112e-01
-2.4377304522090945e-01
-2.6529129118112993e-01
-2.8974058959422194e-01
-3.1766216624208771e-01
-3.4973734871902529e-01
-3.8683988759273358e-01
-4.3007814935863142e-01
-4.8087346837376332e-01
-5.4107078171906420e-01
-6.1314018238491108e-01
-7.0037903067671514e-01
-8.0729665929515215e-01
-9.4012004839659735e-01
-1.1080248789605274e+00
-1.3244331008370755e+00
-1.6093250802034771e+00
-1.9945482523816984e+00
-2.5319940527218181e+00
-3.3104384645620462e+00
-4.4884528747990542e+00
-6.3614604745928913e+00
-9.4562432146957676e+00
-1.4237394539966717e+01
-1.7784331188969400e+01
0.0000000000000000e+00
1.3464638167935297e-01
0.0000000000000000e+00
0.0000000000000000e+00
];
