%Vec Object:sol 1 MPI processes
%  type: mpi
sol = [
0.0000000000000000e+00
-4.2277868493262822e+01
-2.4619093068639526e+01
-1.3135139810055794e+01
-7.6856725035636320e+00
-4.9483514208425277e+00
-3.4263283289487045e+00
-2.5039303010683369e+00
-1.9055805426660990e+00
-1.4973590682085915e+00
-1.2069380093115285e+00
-9.9282223953450799e-01
-8.3086946134977613e-01
-7.0549487264826216e-01
-6.0642170306015453e-01
-5.2679451153023760e-01
-4.6186052304854897e-01
-4.0822125059865622e-01
-3.6337663284914151e-01
-3.2555802846828524e-01
-2.9337546771990936e-01
-2.6571630391803824e-01
-2.4180794150123941e-01
-2.2100778225391349e-01
-2.0277729162145031e-01
-1.8671708237007253e-01
-1.7250861103861956e-01
-1.5986888708878255e-01
-1.4856665780627337e-01
-1.3843531223695471e-01
-1.2931719972566719e-01
-1.2106508621284191e-01
-1.1358921838797056e-01
-1.0679575792387500e-01
-1.0059047027572671e-01
-9.4917612868739981e-02
-8.9719208191130648e-02
-8.4935765030937777e-02
-8.0528198915989058e-02
-7.6462339884449892e-02
-7.2699389553109436e-02
-6.9208497730875909e-02
-6.5969298000863680e-02
-6.2956185925067062e-02
-6.0144389274286822e-02
-5.7522085473366256e-02
-5.5072198595015498e-02
-5.2774156282453494e-02
-5.0621512486131386e-02
-4.8602393004593042e-02
-4.6700606224959758e-02
-4.4911819981507492e-02
-4.3227737233899305e-02
-4.1636473611965014e-02
-4.0133937361184972e-02
-3.8714670161174115e-02
-3.7369843059603156e-02
-3.6095588091976660e-02
-3.4888392904697953e-02
-3.3741624044152291e-02
-3.2651647253618792e-02
-3.1616288246759577e-02
-3.0630506936333755e-02
-2.9690919887315412e-02
-2.8796271510231675e-02
-2.7942687304424521e-02
-2.7127050173000350e-02
-2.6348730195334753e-02
-2.5604710010135052e-02
-2.4892149905349846e-02
-2.4210839263738917e-02
-2.3558393147649129e-02
-2.2932254988777111e-02
-2.2332486924534788e-02
-2.1757170957070363e-02
-2.1204034451091921e-02
-2.0673308049461107e-02
-2.0163417890660895e-02
-1.9672372088386580e-02
-1.9200495277044802e-02
-1.8746465889361418e-02
-1.8308566402695316e-02
-1.7887162420309480e-02
-1.7481115628820609e-02
-1.7088974240615614e-02
-1.6711107124957485e-02
-1.6346507054405292e-02
-1.5993977728519303e-02
-1.5653864804635476e-02
-1.5325252609021324e-02
-1.5007189087456484e-02
-1.4699978311589800e-02
-1.4402766090241614e-02
-1.4114832779693913e-02
-1.3836428521479453e-02
-1.3566737813371053e-02
-1.3305261437777466e-02
-1.3052187452364564e-02
-1.2806721683128649e-02
-1.2568573345829502e-02
-1.2588288063592471e-02
-1.2866534683226518e-02
-1.3153788336894571e-02
-1.3450784128576943e-02
-1.3757315029611935e-02
-1.4074173838269087e-02
-1.4402082713866646e-02
-1.4740766501326000e-02
-1.5091331447016227e-02
-1.5454482755329181e-02
-1.5829866153208444e-02
-1.6218964688882211e-02
-1.6622340956907729e-02
-1.7039917978518053e-02
-1.7473262910376281e-02
-1.7922866318616587e-02
-1.8389068281394513e-02
-1.8873458605147664e-02
-1.9376473511341346e-02
-1.9898959138260230e-02
-2.0442536017321392e-02
-2.1007583979408582e-02
-2.1595563344502872e-02
-2.2208138758315159e-02
-2.2845635243685731e-02
-2.3510260293465885e-02
-2.4203670191306575e-02
-2.4926362238013859e-02
-2.5681236371975801e-02
-2.6469813267667477e-02
-2.7293475438582564e-02
-2.8155325576884289e-02
-2.9056965666511992e-02
-3.0000882985929258e-02
-3.0990456174877386e-02
-3.2027426146942574e-02
-3.3115667561178556e-02
-3.4258894249883536e-02
-3.5459216190586819e-02
-3.6722123967605061e-02
-3.8051434160533693e-02
-3.9451066722699719e-02
-4.0927314568365486e-02
-4.2484646014327491e-02
-4.4129345262616304e-02
-4.5868825855351993e-02
-4.7708518659403051e-02
-4.9657834587103523e-02
-5.1725356658364807e-02
-5.3919229786812913e-02
-5.6251786647186608e-02
-5.8733507338764847e-02
-6.1377238370678190e-02
-6.4198523968482149e-02
-6.7211028486911475e-02
-7.0434189983802339e-02
-7.3887761403411509e-02
-7.7591916830819577e-02
-8.1573895152317305e-02
-8.5859952927286431e-02
-9.0481648039804310e-02
-9.5474060990510215e-02
-1.0087606966219494e-01
-1.0673670847016137e-01
-1.1310794708820011e-01
-1.2004807621989427e-01
-1.2762964782405437e-01
-1.3592982758570746e-01
-1.4504315439990267e-01
-1.5507977644476703e-01
-1.6616195131722883e-01
-1.7844478057919871e-01
-1.9210292329654613e-01
-2.0734702471610197e-01
-2.2443423240157465e-01
-2.4366318414841975e-01
-2.6541130129385515e-01
-2.9013195232315026e-01
-3.1838320773784523e-01
-3.5087273098187127e-01
-3.8847403249135454e-01
-4.3230472620442473e-01
-4.8377525872971150e-01
-5.4479309737673975e-01
-6.1786770193144169e-01
-7.0634924369612384e-01
-8.1485796591896409e-01
-9.4986459422409608e-01
-1.1203266574628303e+00
-1.3400578286804143e+00
-1.6297226602590220e+00
-2.0210655189978843e+00
-2.5675741917750572e+00
-3.3586315799911883e+00
-4.5564580897117253e+00
-6.4605790280893123e+00
-9.6094817061448232e+00
-1.4486135465138277e+01
-1.8129979867229320e+01
0.0000000000000000e+00
2.4055929233035767e-01
0.0000000000000000e+00
0.0000000000000000e+00
];
