%Vec Object:sol 1 MPI processes
%  type: mpi
sol = [
0.0000000000000000e+00
-4.3166846639218356e+01
-2.4888096394989731e+01
-1.3208165649000094e+01
-7.7105768423729417e+00
-4.9588315361605684e+00
-3.4306933668633794e+00
-2.5055962481376994e+00
-1.9060148714473721e+00
-1.4971831672726377e+00
-1.2060988616179678e+00
-9.9186120665859445e-01
-8.2984253623800108e-01
-7.0443680746637183e-01
-6.0527547302123985e-01
-5.2558720547829496e-01
-4.6066283110749073e-01
-4.0706195483153440e-01
-3.6225601489588227e-01
-3.2447556635995056e-01
-2.9233016486746383e-01
-2.6470697064591975e-01
-2.4083316329885221e-01
-2.2006605730803100e-01
-2.0186715614854783e-01
-1.8583707034347044e-01
-1.7165472979851076e-01
-1.5903570879058676e-01
-1.4775428150869074e-01
-1.3764355395852843e-01
-1.2854572519149687e-01
-1.2031352394005934e-01
-1.1285704353137507e-01
-1.0608239599447823e-01
-9.9895387420210022e-02
-9.4240215728533069e-02
-8.9059922513141390e-02
-8.4294837756926713e-02
-7.9904755966860294e-02
-7.5855538014397872e-02
-7.2108466869369406e-02
-6.8632750029454237e-02
-6.5408029107372478e-02
-6.2408755952055237e-02
-5.9610226465061839e-02
-5.7000609769211251e-02
-5.4562867223555599e-02
-5.2276501672280512e-02
-5.0135047132839207e-02
-4.8126655796209963e-02
-4.6235205285380152e-02
-4.4456345707508990e-02
-4.2781797948685044e-02
-4.1199731952630818e-02
-3.9706049870146184e-02
-3.8295301709327663e-02
-3.6958701182930646e-02
-3.5692382861326678e-02
-3.4492835633078027e-02
-3.3353459631636481e-02
-3.2270629349630146e-02
-3.1242166611823996e-02
-3.0263057893374499e-02
-2.9329932753763822e-02
-2.8441528112407657e-02
-2.7593990633697614e-02
-2.6784218881119655e-02
-2.6011573038510916e-02
-2.5273052790762560e-02
-2.4565835537262274e-02
-2.3889699266370527e-02
-2.3242272987201409e-02
-2.2621017724346899e-02
-2.2025983433862455e-02
-2.1455263785095040e-02
-2.0906603450251988e-02
-2.0380220653342194e-02
-1.9874551577518988e-02
-1.9387620750416272e-02
-1.8919740582615051e-02
-1.8469598458636029e-02
-1.8035491902678460e-02
-1.7617774818886878e-02
-1.7215317178606891e-02
-1.6826680503217048e-02
-1.6452222745472152e-02
-1.6090944640026136e-02
-1.5741661174359045e-02
-1.5404708065393359e-02
-1.5079177554364538e-02
-1.4764126637199421e-02
-1.4459850571249393e-02
-1.4165503256635622e-02
-1.3880371703281182e-02
-1.3604698471501340e-02
-1.3337676506119939e-02
-1.3078810730791365e-02
-1.2828282934204764e-02
-1.2585307888456451e-02
-1.2349596355511167e-02
-1.2367292603028072e-02
-1.2638950680079360e-02
-1.2919391561681570e-02
-1.3209335175324272e-02
-1.3508574447288486e-02
-1.3817885802020929e-02
-1.4137975791109463e-02
-1.4468570120300625e-02
-1.4810752741108961e-02
-1.5165212865239136e-02
-1.5531598195032276e-02
-1.5911362201741528e-02
-1.6305053271105183e-02
-1.6712591318382420e-02
-1.7135511429376395e-02
-1.7574290602434438e-02
-1.8029257996535271e-02
-1.8501969852095318e-02
-1.8992849172714148e-02
-1.9502721407270086e-02
-2.0033171838357511e-02
-2.0584567486310008e-02
-2.1158335801171931e-02
-2.1756104212913172e-02
-2.2378185340359288e-02
-2.3026738669017666e-02
-2.3703382273013270e-02
-2.4408597136774277e-02
-2.5145220609251586e-02
-2.5914736668673128e-02
-2.6718493733463088e-02
-2.7559526278378873e-02
-2.8439397182852780e-02
-2.9360536826599289e-02
-3.0326248905710604e-02
-3.1338231381581157e-02
-3.2400273298644297e-02
-3.3516005392465416e-02
-3.4687485668613356e-02
-3.5920097793886718e-02
-3.7217261945664520e-02
-3.8582984334793617e-02
-4.0023498474289300e-02
-4.1543167432242373e-02
-4.3148132175236435e-02
-4.4845638619856659e-02
-4.6640990553627866e-02
-4.8543388175442945e-02
-5.0561220114572994e-02
-5.2702445646293616e-02
-5.4979122914553744e-02
-5.7401495946471523e-02
-5.9982124808913441e-02
-6.2736209445281660e-02
-6.5677109949294321e-02
-6.8823836966952934e-02
-7.2195709472882050e-02
-7.5812459399818746e-02
-7.9700732264206903e-02
-8.3886213151959016e-02
-8.8399837135602261e-02
-9.3278101900255983e-02
-9.8557345674007535e-02
-1.0428551379781173e-01
-1.1051355693507342e-01
-1.1729863560519947e-01
-1.2471189536169887e-01
-1.3282903529898341e-01
-1.4174280209582835e-01
-1.5156127747540904e-01
-1.6240446857968194e-01
-1.7442461951588489e-01
-1.8779323624831268e-01
-2.0271719842072131e-01
-2.1944910003430573e-01
-2.3828240151944774e-01
-2.5958801863922520e-01
-2.8381165551631893e-01
-3.1149413094728995e-01
-3.4331641928439732e-01
-3.8015122135875123e-01
-4.2310647450516747e-01
-4.7360361946771834e-01
-5.3348855133403938e-01
-6.0523314907288184e-01
-6.9213878566219911e-01
-7.9873459739718011e-01
-9.3123909570433228e-01
-1.0988568943927552e+00
-1.3150440420083374e+00
-1.5998808398634539e+00
-1.9852505779999503e+00
-2.5233308144108677e+00
-3.3032207115570977e+00
-4.4841938859353085e+00
-6.3631268868907300e+00
-9.4705512290272882e+00
-1.4277762012861272e+01
-1.7858939196646528e+01
0.0000000000000000e+00
2.4055929233035767e-01
0.0000000000000000e+00
0.0000000000000000e+00
];
