%Vec Object:sol 1 MPI processes
%  type: mpi
sol = [
0.0000000000000000e+00
-4.3167407075624098e+01
-2.4890412595084324e+01
-1.3210425456198447e+01
-7.7125066671221552e+00
-4.9604822062658558e+00
-3.4321193857641528e+00
-2.5068423401371049e+00
-1.9071209563063358e+00
-1.4981683575197151e+00
-1.2069877423698725e+00
-9.9266837975878275e-01
-8.3057978839238822e-01
-7.0511369470320806e-01
-6.0589702390207933e-01
-5.2616276667479311e-01
-4.6119779284337103e-01
-4.0756084056237485e-01
-3.6272260785632210e-01
-3.2491318138783265e-01
-2.9274166060099222e-01
-2.6509475526042442e-01
-2.4119939675632468e-01
-2.2041264135681715e-01
-2.0219572873252845e-01
-1.8614909349761510e-01
-1.7195055019704583e-01
-1.5931751485699075e-01
-1.4802309540723210e-01
-1.3790032462544108e-01
-1.2879130476244319e-01
-1.2054865074843721e-01
-1.1308242139732411e-01
-1.0629866533813462e-01
-1.0010310375620098e-01
-9.4439909210379300e-02
-8.9252083343382832e-02
-8.4479898304722773e-02
-8.0083120991915308e-02
-7.6027590128452782e-02
-7.2274549242508437e-02
-6.8793176825712093e-02
-6.5563104022025101e-02
-6.2558755932371868e-02
-5.9755398915270284e-02
-5.7141199296337958e-02
-5.4699100578632372e-02
-5.2408576179344510e-02
-5.0263162354314182e-02
-4.8250998634918656e-02
-4.6355937087774711e-02
-4.4573630069818786e-02
-4.2895789645074296e-02
-4.1310566270713743e-02
-3.9813861320152508e-02
-3.8400219718471587e-02
-3.7060840230312982e-02
-3.5791854579252054e-02
-3.4589749208667683e-02
-3.3447912711530775e-02
-3.2362715388778003e-02
-3.1331978457243996e-02
-3.0350679413418249e-02
-2.9415442829298147e-02
-2.8525006267896089e-02
-2.7675509340093669e-02
-2.6863845238292574e-02
-2.6089375610372820e-02
-2.5349094532278727e-02
-2.4640173950061326e-02
-2.3962393822722309e-02
-2.3313378628081208e-02
-2.2690584078011417e-02
-2.2094062374080330e-02
-2.1521903450513902e-02
-2.0971846969315075e-02
-2.0444113504967450e-02
-1.9937136084853382e-02
-1.9448934645126328e-02
-1.8979823926951783e-02
-1.8528488571449713e-02
-1.8093222010139097e-02
-1.7674380367837091e-02
-1.7270831156031782e-02
-1.6881132354590146e-02
-1.6505643963530152e-02
-1.6143364440953930e-02
-1.5793105816811006e-02
-1.5455205636546751e-02
-1.5128753971818450e-02
-1.4812805461004422e-02
-1.4507656941492430e-02
-1.4212460192024226e-02
-1.3926500469086655e-02
-1.3650021646031098e-02
-1.3382214549616710e-02
-1.3122582949786282e-02
-1.2871309670867772e-02
-1.2627607335863305e-02
-1.2391186141897371e-02
-1.2409021452740842e-02
-1.2681674000242534e-02
-1.2963138586640409e-02
-1.3254137351278053e-02
-1.3554462343620722e-02
-1.3864892342440359e-02
-1.4186136011514484e-02
-1.4517917875520290e-02
-1.4861325197353937e-02
-1.5217049164243967e-02
-1.5584735935314327e-02
-1.5965843438234539e-02
-1.6360921454977098e-02
-1.6769889140523308e-02
-1.7194286188918891e-02
-1.7634590609054174e-02
-1.8091132010182392e-02
-1.8565471145060741e-02
-1.9058031651673028e-02
-1.9569640888580660e-02
-2.0101888516706697e-02
-2.0655141751090629e-02
-2.1230831693915705e-02
-2.1830589989893085e-02
-2.2454728931781642e-02
-2.3105413745017893e-02
-2.3784266269331892e-02
-2.4491767294927705e-02
-2.5230761667453888e-02
-2.6002736139436773e-02
-2.6809041163224322e-02
-2.7652718839104438e-02
-2.8535334186034308e-02
-2.9459322568218309e-02
-3.0427995055625212e-02
-3.1443051377620761e-02
-3.2508288295237914e-02
-3.3627340217394455e-02
-3.4802285735178545e-02
-3.6038247636144945e-02
-3.7339060592590477e-02
-3.8708667017200854e-02
-4.0153230055898388e-02
-4.1677118216447852e-02
-4.3286482613690572e-02
-4.4988581634967738e-02
-4.6788724164518361e-02
-4.8696126325346145e-02
-5.0719188438927559e-02
-5.2865878384658720e-02
-5.5148273447346130e-02
-5.7576628836134069e-02
-6.0163520252067171e-02
-6.2924168070870909e-02
-6.5871943890051562e-02
-6.9025882646785761e-02
-7.2405323791649059e-02
-7.6030015816690694e-02
-7.9926634543413866e-02
-8.4120885529853820e-02
-8.8643731108499588e-02
-9.3531701972778686e-02
-9.8821158039367446e-02
-1.0456008479419927e-01
-1.1079946560424510e-01
-1.1759649237632021e-01
-1.2502235670108239e-01
-1.3315279006655553e-01
-1.4208058410452523e-01
-1.5191386636392332e-01
-1.6277267537033172e-01
-1.7480930906474160e-01
-1.8819530674979323e-01
-2.0313758213166469e-01
-2.1988876449185213e-01
-2.3874231584933531e-01
-2.6006916076124276e-01
-2.8431496898183289e-01
-3.1201685450072447e-01
-3.4386248661337615e-01
-3.8072107303606650e-01
-4.2370019742334375e-01
-4.7422074420807497e-01
-5.3412775369718024e-01
-6.0589185116141420e-01
-6.9281247766623610e-01
-7.9940581793111076e-01
-9.3190428970123973e-01
-1.0994968441606829e+00
-1.3156284088386265e+00
-1.6003407892155095e+00
-1.9855236103741156e+00
-2.5232533326985118e+00
-3.3025490436150902e+00
-4.4824941779875092e+00
-6.3595780592864797e+00
-9.4633130959601797e+00
-1.4263341788167072e+01
-1.7835759305229232e+01
0.0000000000000000e+00
2.4055929233035767e-01
0.0000000000000000e+00
0.0000000000000000e+00
];
