%Vec Object:sol 1 MPI processes
%  type: mpi
sol = [
0.0000000000000000e+00
-7.5768925340339905e+01
-3.5286314442755057e+01
-1.6892103973564687e+01
-9.4505793474499935e+00
-5.9518968331325466e+00
-4.0675783801538303e+00
-2.9471559630309843e+00
-2.2292469520505107e+00
-1.7437699260980148e+00
-1.4001430637238261e+00
-1.1483437841723447e+00
-9.5860247792915687e-01
-8.1210289275654957e-01
-6.9655334803838409e-01
-6.0390798681419722e-01
-5.2855643066607572e-01
-4.6643951619992097e-01
-4.1458316495093472e-01
-3.7090864628736869e-01
-3.3378713348512123e-01
-3.0191398282705945e-01
-2.7437618994055835e-01
-2.5044359869756311e-01
-2.2948853494184321e-01
-2.1104537082348632e-01
-1.9474301093494167e-01
-1.8025279084995610e-01
-1.6730642667888454e-01
-1.5571014265788233e-01
-1.4528128449082092e-01
-1.3584986387268319e-01
-1.2731148368779349e-01
-1.1955764645155456e-01
-1.1247991879756215e-01
-1.0601359953731826e-01
-1.0009291688646213e-01
-9.4649280734466532e-02
-8.9636255190282149e-02
-8.5014384975122745e-02
-8.0739208554162903e-02
-7.6775316542472535e-02
-7.3099117564863397e-02
-6.9681285578287552e-02
-6.6493541518090477e-02
-6.3522095722425759e-02
-6.0747384821949926e-02
-5.8146053204626118e-02
-5.5710469397668057e-02
-5.3427029151030120e-02
-5.1277418138282849e-02
-4.9256473706508749e-02
-4.7354682900098297e-02
-4.5558625067622011e-02
-4.3863498285008420e-02
-4.2263016373823903e-02
-4.0747223266285257e-02
-3.9311636329759071e-02
-3.7952181099291209e-02
-3.6661386059765627e-02
-3.5434930104306289e-02
-3.4270260916850391e-02
-3.3161880821476857e-02
-3.2105943261553700e-02
-3.1100925975744650e-02
-3.0142471421733916e-02
-2.9227062840177665e-02
-2.8353887808344705e-02
-2.7519555903588483e-02
-2.6720884366627558e-02
-2.5957537249719373e-02
-2.5226837414384577e-02
-2.4525935843111211e-02
-2.3854807844567411e-02
-2.3211303134931461e-02
-2.2592901783850095e-02
-2.1999773153883580e-02
-2.1430155829751552e-02
-2.0881850764514969e-02
-2.0355137915925917e-02
-1.9848541840375468e-02
-1.9360173352165607e-02
-1.8890363813409118e-02
-1.8437846623456967e-02
-1.8001029516820578e-02
-1.7580253382141690e-02
-1.7174402374232758e-02
-1.6782166918085779e-02
-1.6403868150200573e-02
-1.6038497102878701e-02
-1.5685011954421117e-02
-1.5343693933470294e-02
-1.5013607706028704e-02
-1.4693963970393780e-02
-1.4384990604547263e-02
-1.4085800811850355e-02
-1.3795842700958579e-02
-1.3515282037797699e-02
-1.3243261539552213e-02
-1.2979451828204432e-02
-1.2982218641481948e-02
-1.3251165324838977e-02
-1.3528564790141119e-02
-1.3815134527710706e-02
-1.4110615664410542e-02
-1.4415781020446192e-02
-1.4731325449269608e-02
-1.5056914801979441e-02
-1.5393634205841993e-02
-1.5742150746830285e-02
-1.6102043261957563e-02
-1.6474770196066486e-02
-1.6860841396316897e-02
-1.7260111828660676e-02
-1.7674109786588090e-02
-1.8103259697353779e-02
-1.8547830798389623e-02
-1.9009356117348074e-02
-1.9488191370728103e-02
-1.9985104639014022e-02
-2.0501639306933578e-02
-2.1038078631008750e-02
-2.1595791358111408e-02
-2.2176341714906806e-02
-2.2779939756323992e-02
-2.3408679821918618e-02
-2.4064090563561645e-02
-2.4746532904243564e-02
-2.5458761351269746e-02
-2.6202138085162710e-02
-2.6977879167209916e-02
-2.7788899944837575e-02
-2.8636607796243174e-02
-2.9523278093496152e-02
-3.0452050924437684e-02
-3.1424428388676359e-02
-3.2444006248859784e-02
-3.3514196905730570e-02
-3.4636813340529975e-02
-3.5816973922000152e-02
-3.7058121333121384e-02
-3.8363776721274563e-02
-3.9739754929713850e-02
-4.1190050782912692e-02
-4.2720402062739603e-02
-4.4337604625124996e-02
-4.6046482401463029e-02
-4.7855686774602502e-02
-4.9773007577456757e-02
-5.1805758602031647e-02
-5.3965246260068996e-02
-5.6260913216020725e-02
-5.8704417549384047e-02
-6.1309928711790529e-02
-6.4089715689710419e-02
-6.7061497395634939e-02
-7.0243172135849366e-02
-7.3652919800173133e-02
-7.7315534939210021e-02
-8.1254706268015231e-02
-8.5499065282621009e-02
-9.0082443099050030e-02
-9.5038283738719406e-02
-1.0041103391350892e-01
-1.0624773640885191e-01
-1.1260110303852937e-01
-1.1953695345058256e-01
-1.2712503306219519e-01
-1.3545098386867022e-01
-1.4461456308201398e-01
-1.5472460013424036e-01
-1.6591790685853577e-01
-1.7835629721240823e-01
-1.9223004059259596e-01
-2.0777152243163163e-01
-2.2525026995741598e-01
-2.4500733400548416e-01
-2.6745212533592133e-01
-2.9308858251958919e-01
-3.2255603501683244e-01
-3.5664329218486251e-01
-3.9637043154711171e-01
-4.4304605268802344e-01
-4.9836947508009249e-01
-5.6457195357723522e-01
-6.4467914229616763e-01
-7.4290031973885140e-01
-8.6509325434014905e-01
-1.0196374837076458e+00
-1.2187340628150580e+00
-1.4810915090527870e+00
-1.8363834036588131e+00
-2.3320193893515473e+00
-3.0507689255128785e+00
-4.1396923736392077e+00
-5.8717374227676249e+00
-8.7272604492454597e+00
-1.3089835978829553e+01
-1.6237372823687451e+01
0.0000000000000000e+00
1.3464638167935297e-01
0.0000000000000000e+00
0.0000000000000000e+00
];
