%Vec Object:sol 1 MPI processes
%  type: mpi
sol = [
0.0000000000000000e+00
-4.1722730436374476e+01
-2.4439225702990726e+01
-1.3085447085949943e+01
-7.6668586490802015e+00
-4.9390772614310494e+00
-3.4212661967425411e+00
-2.5004717581368534e+00
-1.9035099836894869e+00
-1.4958128837458138e+00
-1.2058324919395453e+00
-9.9211163472150732e-01
-8.3031218488493330e-01
-7.0505426371051394e-01
-6.0607182799471160e-01
-5.2651638268487844e-01
-4.6167552375760451e-01
-4.0812476467134695e-01
-3.6331862271387833e-01
-3.2552307245783202e-01
-2.9335961577704484e-01
-2.6571643886301793e-01
-2.4182147474708537e-01
-2.2103258867882150e-01
-2.0281164362290846e-01
-1.8675953330692296e-01
-1.7255793871670361e-01
-1.5992407368443112e-01
-1.4862684911855270e-01
-1.3849976982058948e-01
-1.2938529650595523e-01
-1.2113629557573574e-01
-1.1366307724081690e-01
-1.0687186824876872e-01
-1.0066849374984094e-01
-9.4997264236267989e-02
-8.9801276682222125e-02
-8.5020846174306955e-02
-8.0615805109054778e-02
-7.6552052682688318e-02
-7.2790848969970859e-02
-6.9301392473162554e-02
-6.6063360214572792e-02
-6.3051183497982249e-02
-6.0240119125906801e-02
-5.7618372007335279e-02
-5.5168893420925347e-02
-5.2871191846851677e-02
-5.0718268311754043e-02
-4.8698580989855592e-02
-4.6796208622112000e-02
-4.5006826487233732e-02
-4.3322140680798961e-02
-4.1730264526142924e-02
-4.0227111369985330e-02
-3.8807225965524397e-02
-3.7461776967817800e-02
-3.6186899480552488e-02
-3.4979084377063388e-02
-3.3831695952803595e-02
-3.2741101313489306e-02
-3.1705129628749183e-02
-3.0718738791761954e-02
-2.9778545360775972e-02
-2.8883297425527730e-02
-2.8029118713402329e-02
-2.7212891069361794e-02
-2.6433988424946125e-02
-2.5689391875793385e-02
-2.4976259870537094e-02
-2.4294385759971046e-02
-2.3641383250393999e-02
-2.3014693398545314e-02
-2.2414382356187347e-02
-2.1838530900820233e-02
-2.1284863704174668e-02
-2.0753615401565031e-02
-2.0243210979115578e-02
-1.9751655733017404e-02
-1.9279278199589758e-02
-1.8824755671169383e-02
-1.8386367850898817e-02
-1.7964484092497485e-02
-1.7557964897289176e-02
-1.7165355894276729e-02
-1.6787029493955306e-02
-1.6421977184817051e-02
-1.6069000400024281e-02
-1.5728448080196713e-02
-1.5399403120694802e-02
-1.5080911628338255e-02
-1.4773280654241614e-02
-1.4475654385132279e-02
-1.4187311859324691e-02
-1.3908505856704464e-02
-1.3638419022081828e-02
-1.3376551421445526e-02
-1.3123093377171564e-02
-1.2877248597013396e-02
-1.2638726252446142e-02
-1.2659489978588684e-02
-1.2940270295733938e-02
-1.3230151348700925e-02
-1.3529874197954109e-02
-1.3839233284232614e-02
-1.4159027885336486e-02
-1.4489986553860077e-02
-1.4831835531047929e-02
-1.5185689713002911e-02
-1.5552261164911102e-02
-1.5931196901455266e-02
-1.6323991341188511e-02
-1.6731213764286722e-02
-1.7152790405682305e-02
-1.7590301118404327e-02
-1.8044243383794640e-02
-1.8514963442671329e-02
-1.9004064901507415e-02
-1.9511991293870809e-02
-2.0039598699672104e-02
-2.0588522731926767e-02
-2.1159151003668480e-02
-2.1752958608340395e-02
-2.2371626790244330e-02
-2.3015488952319370e-02
-2.3686773500477050e-02
-2.4387154680297771e-02
-2.5117140446470034e-02
-2.5879657968732268e-02
-2.6676246574005458e-02
-2.7508306922741498e-02
-2.8378972458574011e-02
-2.9289866221909482e-02
-3.0243503381721090e-02
-3.1243297797296704e-02
-3.2291014630573323e-02
-3.3390569147239445e-02
-3.4545715834350434e-02
-3.5758594341908867e-02
-3.7034751409513712e-02
-3.8378048598285953e-02
-3.9792452791242772e-02
-4.1284323724492866e-02
-4.2858184024172852e-02
-4.4520388032363967e-02
-4.6278430522629838e-02
-4.8137809696058326e-02
-5.0108038083086386e-02
-5.2197796331329198e-02
-5.4415325843798892e-02
-5.6773093468693456e-02
-5.9281701416680731e-02
-6.1954141505255154e-02
-6.4806130330733777e-02
-6.7851492726664422e-02
-7.1109881601024716e-02
-7.4601273071143726e-02
-7.8346073420111517e-02
-8.2371822078184456e-02
-8.6705073699176530e-02
-9.1377801572166018e-02
-9.6427721452283968e-02
-1.0189238950432733e-01
-1.0782133909089869e-01
-1.1426720856680848e-01
-1.2128904577291122e-01
-1.2896032896134757e-01
-1.3735938980119067e-01
-1.4657669113536675e-01
-1.5672707141878775e-01
-1.6793486810663372e-01
-1.8035690442078903e-01
-1.9416978231432200e-01
-2.0958647671793934e-01
-2.2686696197371417e-01
-2.4631315345045954e-01
-2.6830657928511936e-01
-2.9330551981015257e-01
-3.2187405346831421e-01
-3.5472740250843549e-01
-3.9274834390192664e-01
-4.3707780605003382e-01
-4.8917926957283098e-01
-5.5090517051149146e-01
-6.2479053462215350e-01
-7.1424600183130360e-01
-8.2393812586827098e-01
-9.6040135019937534e-01
-1.1328876302352726e+00
-1.3549557334617370e+00
-1.6476474501520526e+00
-2.0433309320601438e+00
-2.5954768227560439e+00
-3.3946693213163761e+00
-4.6046120442924909e+00
-6.5281718247339615e+00
-9.7089268846033132e+00
-1.4641551086154436e+01
-1.8339468602229637e+01
0.0000000000000000e+00
2.4055929233035767e-01
0.0000000000000000e+00
0.0000000000000000e+00
];
