%Vec Object:sol 1 MPI processes
%  type: mpi
sol = [
0.0000000000000000e+00
-4.1360806993636253e+01
-2.4320944105349675e+01
-1.3051987073733120e+01
-7.6533170624054181e+00
-4.9330357525193103e+00
-3.4179765295778490e+00
-2.4982281452479485e+00
-1.9021733628406865e+00
-1.4948157346838671e+00
-1.2050686984680468e+00
-9.9165428453757110e-01
-8.2995818395079857e-01
-7.0477524172459260e-01
-6.0585110897766081e-01
-5.2634175378102355e-01
-4.6153778683820862e-01
-4.0801695408823152e-01
-3.6326278233855830e-01
-3.2550626333288962e-01
-2.9335487285650363e-01
-2.6572177960048893e-01
-2.4183525271056841e-01
-2.2105345255167294e-01
-2.0283849526484690e-01
-1.8679145347995815e-01
-1.7259415119843055e-01
-1.5996393239121343e-01
-1.4866981210706010e-01
-1.3854536900405620e-01
-1.2943313471591625e-01
-1.2118603938692812e-01
-1.1371443389130272e-01
-1.0692458635024198e-01
-1.0072235974341483e-01
-9.5052090495095901e-02
-8.9856900495951547e-02
-8.5077127116358120e-02
-8.0672620229170239e-02
-7.6609294796272057e-02
-7.2848424516369609e-02
-6.9359219193773913e-02
-6.6121366722436889e-02
-6.3109307162942413e-02
-6.0298303726975679e-02
-5.7676571460144731e-02
-5.5227063409251549e-02
-5.2929225812549052e-02
-5.0776641115468549e-02
-4.8757454637132325e-02
-4.6855483233616269e-02
-4.5066416388895858e-02
-4.3381970804899105e-02
-4.1790265904059244e-02
-4.0287224829562061e-02
-3.8867400181517145e-02
-3.7521964214057735e-02
-3.6247058604703827e-02
-3.5039180431322862e-02
-3.3891694383154036e-02
-3.2800984843428464e-02
-3.1764779490571278e-02
-3.0777978944283337e-02
-2.9837360576559953e-02
-2.8941693177258112e-02
-2.8087099212153206e-02
-2.7270459757771238e-02
-2.6491151300194787e-02
-2.5746153844617103e-02
-2.5032624556961400e-02
-2.4350359426689012e-02
-2.3696971207853443e-02
-2.3069899324369054e-02
-2.2469212601439789e-02
-2.1892990961917644e-02
-2.1338957239591637e-02
-2.0807348730716702e-02
-2.0296589622220296e-02
-1.9804683296101796e-02
-1.9331960889965118e-02
-1.8877098910396274e-02
-1.8438375181495159e-02
-1.8016161557232898e-02
-1.7609317727394685e-02
-1.7216387574828011e-02
-1.6837745870286008e-02
-1.6472383228097208e-02
-1.6119099551596922e-02
-1.5778245968953761e-02
-1.5448904406001504e-02
-1.5130119729069160e-02
-1.4822200973406773e-02
-1.4524291230896982e-02
-1.4235668650302898e-02
-1.3956587767425361e-02
-1.3686229980168817e-02
-1.3424094868898666e-02
-1.3170374262126472e-02
-1.2924270445547607e-02
-1.2685492555270132e-02
-1.2706949394248363e-02
-1.2989412209404137e-02
-1.3281037845233670e-02
-1.3582571313447067e-02
-1.3893808010689091e-02
-1.4215551512518210e-02
-1.4548534609144171e-02
-1.4892484445743216e-02
-1.5248521657914536e-02
-1.5617362854583592e-02
-1.5998655878363143e-02
-1.6393902693906587e-02
-1.6803677002347368e-02
-1.7227907145381135e-02
-1.7668181397420754e-02
-1.8125001807187277e-02
-1.8598718680365788e-02
-1.9090944770509332e-02
-1.9602128435455998e-02
-2.0133132327938553e-02
-2.0685602050556143e-02
-2.1259930345024193e-02
-2.1857602082629192e-02
-2.2480309494555043e-02
-2.3128391500355051e-02
-2.3804090354448287e-02
-2.4509092182077839e-02
-2.5243911954720623e-02
-2.6011494874844252e-02
-2.6813392592090111e-02
-2.7651017749288530e-02
-2.8527524141346822e-02
-2.9444548710533907e-02
-3.0404625061745006e-02
-3.1411190349497971e-02
-3.2466025734780926e-02
-3.3573073338336284e-02
-3.4736114521682765e-02
-3.5957308507182206e-02
-3.7242239177648240e-02
-3.8594797803787328e-02
-4.0018982259023048e-02
-4.1521196454926003e-02
-4.3105998871455609e-02
-4.4779790191359317e-02
-4.6550118863775719e-02
-4.8422527524519483e-02
-5.0406595853888833e-02
-5.2511068971704426e-02
-5.4744251969083453e-02
-5.7118700333409315e-02
-5.9645096876620549e-02
-6.2336529354012668e-02
-6.5208828184222772e-02
-6.8275924089465256e-02
-7.1557611833620000e-02
-7.5074014788856683e-02
-7.8845692559318975e-02
-8.2900383289515739e-02
-8.7264839301435027e-02
-9.1971268214237775e-02
-9.7057659930202281e-02
-1.0256184988486815e-01
-1.0853372941752729e-01
-1.1502632159536505e-01
-1.2209910627842475e-01
-1.2982609240886447e-01
-1.3828602776768764e-01
-1.4757536933419735e-01
-1.5780650594534537e-01
-1.6910421427448658e-01
-1.8162226377427232e-01
-1.9553735054126789e-01
-2.1106803313777031e-01
-2.2847614824899773e-01
-2.4806576983899919e-01
-2.7022113057360664e-01
-2.9540374446908935e-01
-3.2418164422256374e-01
-3.5727502607743800e-01
-3.9557276224714960e-01
-4.4022358756938818e-01
-4.9270090163089048e-01
-5.5491756033030148e-01
-6.2936294836004880e-01
-7.1946014551082949e-01
-8.2993172003326254e-01
-9.6735399522073151e-01
-1.1411287582042264e+00
-1.3647809540257707e+00
-1.6594621533422484e+00
-2.0580014453903974e+00
-2.6137703785015853e+00
-3.4183813118214612e+00
-4.6362659485608795e+00
-6.5725538099963394e+00
-9.7741119964320955e+00
-1.4743240116607279e+01
-1.8476443730776410e+01
0.0000000000000000e+00
2.4055929233035767e-01
0.0000000000000000e+00
0.0000000000000000e+00
];
