%Vec Object:sol 1 MPI processes
%  type: mpi
sol = [
0.0000000000000000e+00
-4.1278558694044925e+01
-2.4293945420959393e+01
-1.3044004222047077e+01
-7.6502337758108983e+00
-4.9316703950529712e+00
-3.4171217152310640e+00
-2.4977268008350801e+00
-1.9018768222489222e+00
-1.4945948890737650e+00
-1.2048998518127119e+00
-9.9152234730622879e-01
-8.2988159111346405e-01
-7.0471515723743960e-01
-6.0580385369077838e-01
-5.2630463406928751e-01
-4.6150877405688923e-01
-4.0799450775480328e-01
-3.6324571990287025e-01
-3.2550136516216649e-01
-2.9335545999073037e-01
-2.6572451601833896e-01
-2.4183978361094108e-01
-2.2105948680350876e-01
-2.0284579645910633e-01
-1.8679982377594193e-01
-1.7260342360202488e-01
-1.5997396802694394e-01
-1.4868049457892357e-01
-1.3855659784885824e-01
-1.2944482478564015e-01
-1.2119811926886950e-01
-1.1372684096449201e-01
-1.0693726693110416e-01
-1.0073526824945578e-01
-9.5065186970649571e-02
-8.9870150364250959e-02
-8.5090500555802764e-02
-8.0686091199696469e-02
-7.6622840670002315e-02
-7.2862025563795285e-02
-6.9372858098365547e-02
-6.6135028543845079e-02
-6.3122978813898875e-02
-6.0311973496153283e-02
-5.7690229468909435e-02
-5.5240701052693138e-02
-5.2942835042551491e-02
-5.0790215449615123e-02
-4.8770988499348342e-02
-4.6868971114311077e-02
-4.5079854065877140e-02
-4.3395354737305221e-02
-4.1803592448474057e-02
-4.0300491243803277e-02
-3.8880604331406873e-02
-3.7535103790991529e-02
-3.6260131832713045e-02
-3.5052186112938123e-02
-3.3904632823993995e-02
-3.2813843460808720e-02
-3.1777653052646078e-02
-3.0791019866939575e-02
-2.9850563484127582e-02
-2.8955051486735505e-02
-2.8100535937657840e-02
-2.7283806576824533e-02
-2.6504400442598889e-02
-2.5759306631117172e-02
-2.5045681998168857e-02
-2.4363323136671347e-02
-2.3709842568829249e-02
-2.3082679329833010e-02
-2.2481902857851465e-02
-2.1905592868911888e-02
-2.1351471762792298e-02
-2.0819777446714583e-02
-2.0308933915496551e-02
-1.9816944101309877e-02
-1.9344139739520566e-02
-1.8889197149175998e-02
-1.8450393714156826e-02
-1.8028101863263802e-02
-1.7621181093879851e-02
-1.7228174880655384e-02
-1.6849458537043848e-02
-1.6484022471391243e-02
-1.6130666229882809e-02
-1.5789741443634719e-02
-1.5460329811205596e-02
-1.5141475909447793e-02
-1.4833489229707300e-02
-1.4535512608252751e-02
-1.4246823986080457e-02
-1.3967678302458738e-02
-1.3697256665131973e-02
-1.3435058540437389e-02
-1.3181276102777684e-02
-1.2935111307719727e-02
-1.2696273281642179e-02
-1.2717888685523539e-02
-1.3000738079312653e-02
-1.3292764539590404e-02
-1.3594713985626037e-02
-1.3906382030541000e-02
-1.4228573236979269e-02
-1.4562021367916655e-02
-1.4906453772553799e-02
-1.5262992405054014e-02
-1.5632354916812589e-02
-1.6014189336375242e-02
-1.6409999362232853e-02
-1.6820359708738519e-02
-1.7245199197510795e-02
-1.7686108037141299e-02
-1.8143589322286505e-02
-1.8617994288664029e-02
-1.9110937789669605e-02
-1.9622869287115288e-02
-2.0154652940032890e-02
-2.0707936643189321e-02
-2.1283114311106716e-02
-2.1881673057511604e-02
-2.2505307633461712e-02
-2.3154358219151957e-02
-2.3831070246102672e-02
-2.4537132562781835e-02
-2.5273061744687571e-02
-2.6041807131421985e-02
-2.6844923195408245e-02
-2.7683825323315762e-02
-2.8561671977354552e-02
-2.9480103282955583e-02
-3.0441657069812403e-02
-3.1449775832920600e-02
-3.2506244395362517e-02
-3.3615011034066715e-02
-3.4779863269384120e-02
-3.6002964803045212e-02
-3.7289908033259288e-02
-3.8644591035879486e-02
-4.0071018782048592e-02
-4.1575605307873291e-02
-4.3162917303640115e-02
-4.4839366068986232e-02
-4.6612512351520641e-02
-4.8487908960099066e-02
-5.0475150961525238e-02
-5.2582998242895793e-02
-5.4819770478772040e-02
-5.7198043464181871e-02
-5.9728518467764093e-02
-6.2424305217167096e-02
-6.5301260202064434e-02
-6.8373338387458973e-02
-7.1660367027853014e-02
-7.5182503220715083e-02
-7.8960341661999861e-02
-8.3021666008917999e-02
-8.7393273837424609e-02
-9.2107426418116520e-02
-9.7202176415887576e-02
-1.0271542320363375e-01
-1.0869714007180416e-01
-1.1520043815038858e-01
-1.2228489618352081e-01
-1.3002464443147504e-01
-1.3849856106508365e-01
-1.4780326106923200e-01
-1.5805131695596447e-01
-1.6936771087973626e-01
-1.8191101386154410e-01
-1.9585092607376930e-01
-2.1140771681932194e-01
-2.2884506234127575e-01
-2.4846753030300642e-01
-2.7065997191156710e-01
-2.9588464062300879e-01
-3.2471047322180713e-01
-3.5785880307019913e-01
-3.9621989558713405e-01
-4.4094426965819922e-01
-4.9350759129593791e-01
-5.5582562775954125e-01
-6.3041031366568190e-01
-7.2065433045420813e-01
-8.3130419796389432e-01
-9.6894579960674587e-01
-1.1429943429721030e+00
-1.3670301156735893e+00
-1.6621660463537795e+00
-2.0613584198346881e+00
-2.6179548146800404e+00
-3.4238034037957710e+00
-4.6435007140009441e+00
-6.5826921137154555e+00
-9.7889899836429013e+00
-1.4766429203209880e+01
-1.8507668526783597e+01
0.0000000000000000e+00
2.4055929233035767e-01
0.0000000000000000e+00
0.0000000000000000e+00
];
