%Vec Object:sol 1 MPI processes
%  type: mpi
sol = [
0.0000000000000000e+00
-7.6487722240271324e+01
-3.5392820501208291e+01
-1.6902308900094599e+01
-9.4508237231300907e+00
-5.9495601346330940e+00
-4.0653741541480448e+00
-2.9453315292906774e+00
-2.2278019396111790e+00
-1.7424082972681809e+00
-1.3990243765863455e+00
-1.1474438458903327e+00
-9.5780354236503862e-01
-8.1130835143959956e-01
-6.9587057225667581e-01
-6.0331194272552835e-01
-5.2802912933683066e-01
-4.6596768304064434e-01
-4.1415678089402108e-01
-3.7050095073957512e-01
-3.3338470757552452e-01
-3.0152442682811520e-01
-2.7401563993014910e-01
-2.5010816760035298e-01
-2.2917502780091875e-01
-2.1075113632476442e-01
-1.9446582815093638e-01
-1.7999078566386603e-01
-1.6705800641315019e-01
-1.5547393978087848e-01
-1.4505612005088767e-01
-1.3563472066956875e-01
-1.2710546865739539e-01
-1.1935997612056012e-01
-1.1228990947252288e-01
-1.0583064087182666e-01
-9.9916464995572135e-02
-9.4478855336448120e-02
-8.9471424122229803e-02
-8.4854756665344172e-02
-8.0584433234428585e-02
-7.6625079250396091e-02
-7.2953123724450744e-02
-6.9539353952019239e-02
-6.6354404683086260e-02
-6.3385514262257192e-02
-6.0613283823213286e-02
-5.8014364821140425e-02
-5.5581118640296259e-02
-5.3299941855722795e-02
-5.1152529152596847e-02
-4.9133712432532305e-02
-4.7233979767885376e-02
-4.5439918688681247e-02
-4.3746724669206663e-02
-4.2148111758099752e-02
-4.0634130843506325e-02
-3.9200300140952389e-02
-3.7842541418538954e-02
-3.6553389265967288e-02
-3.5328679043676557e-02
-3.4165848618092465e-02
-3.3059232123528452e-02
-3.2004987993400978e-02
-3.1001594354970987e-02
-3.0044700034040150e-02
-2.9130793312782746e-02
-2.8259061044298754e-02
-2.7426117890149277e-02
-2.6628786111785391e-02
-2.5866728252254549e-02
-2.5137271290920540e-02
-2.4437571119549195e-02
-2.3767601010357152e-02
-2.3125214082854055e-02
-2.2507895112196023e-02
-2.1915811093806449e-02
-2.1347203499976243e-02
-2.0799877693671448e-02
-2.0274111093940124e-02
-1.9768430790197435e-02
-1.9280951628274475e-02
-1.8812002382455582e-02
-1.8360318760175420e-02
-1.7924312072338015e-02
-1.7504320671699485e-02
-1.7099230903151040e-02
-1.6707736246713786e-02
-1.6330155433116580e-02
-1.5965481653464710e-02
-1.5612675559819164e-02
-1.5272016171495460e-02
-1.4942570354958117e-02
-1.4623550650719894e-02
-1.4315182974475222e-02
-1.4016582832102610e-02
-1.3727199498788794e-02
-1.3447197067350081e-02
-1.3175720709439681e-02
-1.2912441498777591e-02
-1.2914374446215437e-02
-1.3181074293556866e-02
-1.3456142853180312e-02
-1.3740292161788247e-02
-1.4033262083758484e-02
-1.4335819497764669e-02
-1.4648653417192603e-02
-1.4971428490315254e-02
-1.5305221907955070e-02
-1.5650694497219762e-02
-1.6007423979186419e-02
-1.6376858369131622e-02
-1.6759501423166605e-02
-1.7155205199756760e-02
-1.7565486362232739e-02
-1.7990763030828964e-02
-1.8431298811171747e-02
-1.8888614098825730e-02
-1.9363057924068856e-02
-1.9855389257656897e-02
-2.0367137678712677e-02
-2.0898579300332495e-02
-2.1451069325653847e-02
-2.2026156773761626e-02
-2.2624043968123491e-02
-2.3246806079020955e-02
-2.3895955271559730e-02
-2.4571842606818377e-02
-2.5277197628354939e-02
-2.6013365338054591e-02
-2.6781545042669001e-02
-2.7584623855108670e-02
-2.8423989692761501e-02
-2.9301892216293951e-02
-3.0221439109307264e-02
-3.1184109974181154e-02
-3.2193463171691854e-02
-3.3252873598088706e-02
-3.4364126621299791e-02
-3.5532288887235350e-02
-3.6760761405681117e-02
-3.8053021780006649e-02
-3.9414823147672161e-02
-4.0850109850638541e-02
-4.2364554678091526e-02
-4.3964878260565429e-02
-4.5655841734736122e-02
-4.7446002353415950e-02
-4.9343059200495448e-02
-5.1354236088826090e-02
-5.3490714903360340e-02
-5.5761824390821779e-02
-5.8179087236597510e-02
-6.0756512420510063e-02
-6.3506218764409803e-02
-6.6445724937085601e-02
-6.9592720746226563e-02
-7.2965168464770733e-02
-7.6587581420324152e-02
-8.0483367366042141e-02
-8.4680824960077783e-02
-8.9213395938651421e-02
-9.4114125628197098e-02
-9.9426975632839018e-02
-1.0519670672521771e-01
-1.1147555612439153e-01
-1.1832956110295358e-01
-1.2582753963019150e-01
-1.3405400952290120e-01
-1.4310741078994915e-01
-1.5309674710935492e-01
-1.6416071546557964e-01
-1.7645516599903394e-01
-1.9016815481600927e-01
-2.0552937884812905e-01
-2.2280523963726334e-01
-2.4233286899672027e-01
-2.6451697880998082e-01
-2.8985574811971510e-01
-3.1898124809966993e-01
-3.5267336361490215e-01
-3.9194071704107009e-01
-4.3807081838421108e-01
-4.9269802743053343e-01
-5.5810302948893042e-01
-6.3728320623356327e-01
-7.3437441787406776e-01
-8.5517149853845364e-01
-1.0078966068738360e+00
-1.2046268266888240e+00
-1.4640458639856551e+00
-1.8151298332054806e+00
-2.3053342860051793e+00
-3.0159352053537476e+00
-4.0927531154662056e+00
-5.8057918735190936e+00
-8.6278472247648192e+00
-1.2933039002994136e+01
-1.6025784367574929e+01
0.0000000000000000e+00
1.3464638167935297e-01
0.0000000000000000e+00
0.0000000000000000e+00
];
