%Vec Object:sol 1 MPI processes
%  type: mpi
sol = [
0.0000000000000000e+00
-4.2772332952182687e+01
-2.4772610006027634e+01
-1.3179141646033957e+01
-7.7023480406757781e+00
-4.9565731642297326e+00
-3.4308130363922547e+00
-2.5067774453488432e+00
-1.9074089133681882e+00
-1.4987187826961186e+00
-1.2077435241433301e+00
-9.9344255573817353e-01
-8.3135271599727767e-01
-7.0587416153360827e-01
-6.0672014046806200e-01
-5.2695682576519975e-01
-4.6195789871493598e-01
-4.0828832988961045e-01
-3.6341900090041568e-01
-3.2558014961694764e-01
-2.9338088696796616e-01
-2.6570781263946752e-01
-2.4178784899916556e-01
-2.2097797852151546e-01
-2.0273930955457897e-01
-1.8667220150781577e-01
-1.7245790865230504e-01
-1.5981325801895702e-01
-1.4850685095059685e-01
-1.3837202137910737e-01
-1.2924655543201835e-01
-1.2098827814913542e-01
-1.1350733454312477e-01
-1.0670970392845538e-01
-1.0050100110980685e-01
-9.4825377680680750e-02
-8.9625790559641982e-02
-8.4842436338777930e-02
-8.0435051067751187e-02
-7.6369450196151295e-02
-7.2606824277149928e-02
-6.9116313764602394e-02
-6.5877541649943347e-02
-6.2864896608674753e-02
-6.0053602157344822e-02
-5.7431827000195119e-02
-5.4982490444197854e-02
-5.2685020018093894e-02
-5.0532961672689461e-02
-4.8514437800973517e-02
-4.6613258891684529e-02
-4.4825086044183601e-02
-4.3141619581395042e-02
-4.1550977585861328e-02
-4.0049063751511661e-02
-3.8630417113710014e-02
-3.7286211160407125e-02
-3.6012575247143380e-02
-3.4805994194858726e-02
-3.3659836795959568e-02
-3.2570467669174846e-02
-3.1535709468008509e-02
-3.0550524093353262e-02
-2.9611528224326448e-02
-2.8717462992115857e-02
-2.7864455624339340e-02
-2.7049390082333778e-02
-2.6271632999335742e-02
-2.5528168508719907e-02
-2.4816158652163887e-02
-2.4135389255903063e-02
-2.3483476687967773e-02
-2.2857866605405872e-02
-2.2258617544617471e-02
-2.1683812679534342e-02
-2.1131181874698812e-02
-2.0600952191006210e-02
-2.0091550861783221e-02
-1.9600988600716872e-02
-1.9129586542358648e-02
-1.8676024194183516e-02
-1.8238586583312306e-02
-1.7817635950729081e-02
-1.7412035090794913e-02
-1.7020334583757468e-02
-1.6642900126357493e-02
-1.6278725681608677e-02
-1.5926617022880486e-02
-1.5586916868555010e-02
-1.5258710862237821e-02
-1.4941048631627596e-02
-1.4634231583915981e-02
-1.4337407012583497e-02
-1.4049856481371754e-02
-1.3771827775051143e-02
-1.3502507079330458e-02
-1.3241395838784047e-02
-1.2988680090807348e-02
-1.2743567583766761e-02
-1.2505767588414018e-02
-1.2524556480456245e-02
-1.2800548711299056e-02
-1.3085464763265661e-02
-1.3380034440968983e-02
-1.3684049448251525e-02
-1.3998296820515633e-02
-1.4323493036570115e-02
-1.4659361746999562e-02
-1.5007001500473238e-02
-1.5367111413831281e-02
-1.5739336125877829e-02
-1.6125148563082777e-02
-1.6525105403143028e-02
-1.6939126864511461e-02
-1.7368768812081534e-02
-1.7814515704809655e-02
-1.8276702191891127e-02
-1.8756905820826262e-02
-1.9255556368516464e-02
-1.9773491181427908e-02
-2.0312317409764472e-02
-2.0872408040525033e-02
-2.1455210305265478e-02
-2.2062374140649574e-02
-2.2694217216573928e-02
-2.3352928481541840e-02
-2.4040148326022824e-02
-2.4756364697887917e-02
-2.5504453387604261e-02
-2.6285918600721162e-02
-2.7102126847132268e-02
-2.7956153579625605e-02
-2.8849582217244780e-02
-2.9784875392007960e-02
-3.0765380581186722e-02
-3.1792817347693972e-02
-3.2871024431953728e-02
-3.4003679736008215e-02
-3.5192867128153518e-02
-3.6444027521566363e-02
-3.7760937846871213e-02
-3.9147476621160041e-02
-4.0609877637518117e-02
-4.2152561832775742e-02
-4.3781751331624069e-02
-4.5504788945579341e-02
-4.7327043815034504e-02
-4.9257833131733909e-02
-5.1305649161106560e-02
-5.3478599191880291e-02
-5.5788817600570466e-02
-5.8245864411963569e-02
-6.0863149753249177e-02
-6.3656088275442571e-02
-6.6638183855255911e-02
-6.9828662775383660e-02
-7.3247055579232861e-02
-7.6913302060969080e-02
-8.0854340145135498e-02
-8.5096120670632630e-02
-8.9669901490586262e-02
-9.4612560790901606e-02
-9.9960793459564073e-02
-1.0576303398308259e-01
-1.1207073159862299e-01
-1.1894159283056492e-01
-1.2644745258764920e-01
-1.3466470658071342e-01
-1.4368696038652218e-01
-1.5362327746618157e-01
-1.6459470770623949e-01
-1.7675483908496314e-01
-1.9027662329366760e-01
-2.0536865829114170e-01
-2.2228560745667908e-01
-2.4132322909336512e-01
-2.6285533591735089e-01
-2.8733098113595823e-01
-3.1530295717148810e-01
-3.4747249707095068e-01
-3.8466698668116850e-01
-4.2802977122522823e-01
-4.7899179479846682e-01
-5.3941042485343860e-01
-6.1177240780100306e-01
-6.9939798787812257e-01
-8.0686670788736670e-01
-9.4044359853919923e-01
-1.1092834127507030e+00
-1.3269618998169106e+00
-1.6137862598147281e+00
-2.0015080808894545e+00
-2.5428202823805477e+00
-3.3269858470332250e+00
-4.5138693882751513e+00
-6.4012225268784766e+00
-9.5220733061312064e+00
-1.4349461136719080e+01
-1.7945831098530750e+01
0.0000000000000000e+00
2.4055929233035767e-01
0.0000000000000000e+00
0.0000000000000000e+00
];
