%Vec Object:sol 1 MPI processes
%  type: mpi
sol = [
0.0000000000000000e+00
-8.8954278704884018e+01
-3.6552814376580677e+01
-1.6714560859062416e+01
-9.1512471791844785e+00
-5.6729149117691984e+00
-3.8235406090255446e+00
-2.7343305945175165e+00
-2.0419919648043470e+00
-1.5772092108063445e+00
-1.2506410334581148e+00
-1.0130153586012505e+00
-8.3516040919599810e-01
-6.9874573307807952e-01
-5.9192706022763963e-01
-5.0685735962697731e-01
-4.3812989765382243e-01
-3.8185354217189410e-01
-3.3519227892493175e-01
-2.9615671085490142e-01
-2.6320019339298062e-01
-2.3510094729668765e-01
-2.1099684528126919e-01
-1.9018111260225976e-01
-1.7207886770258346e-01
-1.5625434071215050e-01
-1.4235989127164353e-01
-1.3009315056872636e-01
-1.1920841478929028e-01
-1.0952371731277050e-01
-1.0087210277610155e-01
-9.3102311104594146e-02
-8.6115067528275399e-02
-7.9811958182665801e-02
-7.4098538884721066e-02
-6.8913721088624744e-02
-6.4197922369783222e-02
-5.9892044966192992e-02
-5.5953834389362724e-02
-5.2347043700141906e-02
-4.9033639686179770e-02
-4.5982846922960008e-02
-4.3172315158265265e-02
-4.0577021623104871e-02
-3.8173616402578110e-02
-3.5948250205103824e-02
-3.3884162303150583e-02
-3.1963090991513177e-02
-3.0176482545925355e-02
-2.8512676944286566e-02
-2.6957874742824663e-02
-2.5506058324493732e-02
-2.4149023086831613e-02
-2.2876810844115428e-02
-2.1684420856294778e-02
-2.0566222556624030e-02
-1.9514927256145800e-02
-1.8526327092205062e-02
-1.7596535088189189e-02
-1.6720144843939168e-02
-1.5893592321794780e-02
-1.5114181110150355e-02
-1.4377849354760804e-02
-1.3681569300496597e-02
-1.3023462743106000e-02
-1.2400439260027096e-02
-1.1809925642656934e-02
-1.1250607877293298e-02
-1.0720103321967907e-02
-1.0216230731096515e-02
-9.7380640994265896e-03
-9.2837413499261556e-03
-8.8514205744125510e-03
-8.4404424892287246e-03
-8.0493302464300417e-03
-7.6765366645366092e-03
-7.3215862656629688e-03
-6.9832817328338223e-03
-6.6603523611016933e-03
-6.3524124987136884e-03
-6.0585158714143855e-03
-5.7775875545395209e-03
-5.5093401145134991e-03
-5.2529835289549008e-03
-5.0076253880591715e-03
-4.7730507939286069e-03
-4.5485872224653133e-03
-4.3334905847111499e-03
-4.1275980537538596e-03
-3.9303246474302906e-03
-3.7410612738615666e-03
-3.5596988975808560e-03
-3.3856207126566635e-03
-3.2185089614894810e-03
-3.0580697331938698e-03
-2.9039088790166110e-03
-2.7556600897178955e-03
-2.6131511784387791e-03
-2.4759545935810982e-03
-2.3437943142491941e-03
-2.2614408637496976e-03
-2.2236918556002242e-03
-2.1839972040348407e-03
-2.1424419088015580e-03
-2.0988854492708605e-03
-2.0534551182976525e-03
-2.0062671627474955e-03
-1.9572249479797004e-03
-1.9065874564196895e-03
-1.8545415460847366e-03
-1.8010705364955681e-03
-1.7466233758479729e-03
-1.6914801475149375e-03
-1.6358313291483680e-03
-1.5802993839923467e-03
-1.5253147134736678e-03
-1.4713299862910048e-03
-1.4191353945919179e-03
-1.3692773658525116e-03
-1.3224090063042677e-03
-1.2793466499205688e-03
-1.2405231081438085e-03
-1.2065367850302836e-03
-1.1778870727769803e-03
-1.1545106034589266e-03
-1.1366615988608218e-03
-1.1242357577387480e-03
-1.1165920367851936e-03
-1.1136559018755448e-03
-1.1148219076972032e-03
-1.1193612629615346e-03
-1.1270418982929889e-03
-1.1371282737476555e-03
-1.1491593247453147e-03
-1.1629528103842995e-03
-1.1777681858764618e-03
-1.1935514723823062e-03
-1.2101548158709432e-03
-1.2268275648782770e-03
-1.2439038419873537e-03
-1.2610497390551007e-03
-1.2778560004836981e-03
-1.2946198342087523e-03
-1.3108358984255852e-03
-1.3264856738220560e-03
-1.3417770198858843e-03
-1.3559700249332451e-03
-1.3696246390398248e-03
-1.3828229827372630e-03
-1.3954094777224343e-03
-1.4091465209800725e-03
-1.4260347241326027e-03
-1.4517323153748994e-03
-1.4993594637102978e-03
-1.5941726950564341e-03
-1.7845656927194509e-03
-2.1372475802461529e-03
-2.7126883817229939e-03
-3.5407458853087591e-03
-4.6225424240097773e-03
-5.9531798032522237e-03
-7.5335924705675550e-03
-9.3723384153387365e-03
-1.1487664912247024e-02
-1.3905019029481477e-02
-1.6657221292081241e-02
-1.9786155144920877e-02
-2.3341276403151676e-02
-2.7383016224863180e-02
-3.1983835964551940e-02
-3.7228760387799528e-02
-4.3222597154130751e-02
-5.0089307122853824e-02
-5.7979385475282079e-02
-6.7077491597915817e-02
-7.7605914999349351e-02
-8.9843303697747984e-02
-1.0413290405055980e-01
-1.2090350296665923e-01
-1.4070161073247667e-01
-1.6421170378572622e-01
-1.9233454644638073e-01
-2.2623875611425701e-01
-2.6746503258040788e-01
-3.1809482590051502e-01
-3.8095407000325726e-01
-4.5998323660937029e-01
-5.6077499474030035e-01
-6.9143813376271490e-01
-8.6409731315036997e-01
-1.0971658812877307e+00
-1.4204364430631780e+00
-1.8830422487135403e+00
-2.5696234344308695e+00
-3.6349599275639362e+00
-5.3705174437410186e+00
-8.3048582464718432e+00
-1.2949493232984125e+01
-1.6637576539427251e+01
0.0000000000000000e+00
1.3464638167935297e-01
0.0000000000000000e+00
0.0000000000000000e+00
];
