%Vec Object:sol 1 MPI processes
%  type: mpi
sol = [
0.0000000000000000e+00
-4.3026288653497588e+01
-2.4849820686989723e+01
-1.3200711536290704e+01
-7.7101196927428637e+00
-4.9601453972994012e+00
-3.4325667822281476e+00
-2.5076170960689823e+00
-1.9079317154939117e+00
-1.4990470271336593e+00
-1.2078255484993414e+00
-9.9346045618670931e-01
-8.3132667227922707e-01
-7.0581750424527756e-01
-6.0658981452134164e-01
-5.2681373987220581e-01
-4.6181070291370280e-01
-4.0813905424581282e-01
-3.6326908520093593e-01
-3.2543063742905842e-01
-2.9323252314013343e-01
-2.6556112506860291e-01
-2.4164321268569103e-01
-2.2083565083114623e-01
-2.0259946365411691e-01
-1.8653494688727146e-01
-1.7232333035126315e-01
-1.5967872167711011e-01
-1.4836930072452079e-01
-1.3823255041643612e-01
-1.2911047573020271e-01
-1.2085557197352549e-01
-1.1337786697572749e-01
-1.0658334414432616e-01
-1.0037763248632352e-01
-9.4704880852003431e-02
-8.9508049387455102e-02
-8.4727346334753845e-02
-8.0322509924956320e-02
-7.6259356405404308e-02
-7.2499085198679800e-02
-6.9010842682232246e-02
-6.5774250381253146e-02
-6.2763703304698090e-02
-5.9954433648566764e-02
-5.7334606780345986e-02
-5.4887146155995881e-02
-5.2591490023568041e-02
-5.0441179510756086e-02
-4.8424339941460046e-02
-4.6524792225374020e-02
-4.4738193263568010e-02
-4.3056245291016544e-02
-4.1467074768515279e-02
-3.9966583393461035e-02
-3.8549310739002675e-02
-3.7206437004347871e-02
-3.5934091245797425e-02
-3.4728757762751014e-02
-3.3583810713267742e-02
-3.2495615691497205e-02
-3.1461994035956085e-02
-3.0477911944808041e-02
-2.9539987987525960e-02
-2.8646961409392518e-02
-2.7794962898664972e-02
-2.6980878923379848e-02
-2.6204073844160521e-02
-2.5461534607627612e-02
-2.4750426143136769e-02
-2.4070531761241565e-02
-2.3419470152669267e-02
-2.2794690048740768e-02
-2.2196247345582551e-02
-2.1622227180153605e-02
-2.1070362519129325e-02
-2.0540877753012530e-02
-2.0032201826757863e-02
-1.9542348453573926e-02
-1.9071636145178931e-02
-1.8618745959307403e-02
-1.8181965714630176e-02
-1.7761655138026869e-02
-1.7356678486999233e-02
-1.6965588839234793e-02
-1.6588749536348445e-02
-1.6225155978920710e-02
-1.5873616075228022e-02
-1.5534470386064815e-02
-1.5206806017690446e-02
-1.4889674314497959e-02
-1.4583374755514444e-02
-1.4287056164084311e-02
-1.4000001358965631e-02
-1.3722456449861704e-02
-1.3453609254313268e-02
-1.3192961975810134e-02
-1.2940699248404403e-02
-1.2696030582651244e-02
-1.2458665484621559e-02
-1.2476931844366289e-02
-1.2751413950260590e-02
-1.3034766796007645e-02
-1.3327716677926295e-02
-1.3630054967995254e-02
-1.3942564904857744e-02
-1.4265959300140274e-02
-1.4599961619273875e-02
-1.4945665279588570e-02
-1.5303765571607380e-02
-1.5673907133784103e-02
-1.6057556108361428e-02
-1.6455265642740573e-02
-1.6866954795689112e-02
-1.7294171994278611e-02
-1.7737398208828744e-02
-1.8196965148732553e-02
-1.8674442463573398e-02
-1.9170256404070191e-02
-1.9685239130863695e-02
-2.0220989369217825e-02
-2.0777876535010984e-02
-2.1357339846352880e-02
-2.1961020195681906e-02
-2.2589231607557332e-02
-2.3244151474063467e-02
-2.3927410692551433e-02
-2.4639492507396575e-02
-2.5383257639519870e-02
-2.6160200876678003e-02
-2.6971679775936928e-02
-2.7820753166688493e-02
-2.8708994138483313e-02
-2.9638850957795081e-02
-3.0613652481042208e-02
-3.1635106701150661e-02
-3.2707030824249944e-02
-3.3833080980198785e-02
-3.5015330011118881e-02
-3.6259209360809064e-02
-3.7568418839499872e-02
-3.8946835044996235e-02
-4.0400681289033749e-02
-4.1934206608108454e-02
-4.3553353936566105e-02
-4.5265739049250735e-02
-4.7076694190567411e-02
-4.8995480683115239e-02
-5.1030537914735559e-02
-5.3189868804779390e-02
-5.5485608030877917e-02
-5.7928055493920216e-02
-6.0529842883626443e-02
-6.3306259270213078e-02
-6.6270731105059294e-02
-6.9442377513733694e-02
-7.2840619624201380e-02
-7.6485285195750402e-02
-8.0403163473318842e-02
-8.4620061155696785e-02
-8.9167064067926377e-02
-9.4080848711511594e-02
-9.9397909120326630e-02
-1.0516641756914964e-01
-1.1143754553489411e-01
-1.1826868969553860e-01
-1.2573130192246060e-01
-1.3390137279854827e-01
-1.4287201477036562e-01
-1.5275172051163394e-01
-1.6366091152842746e-01
-1.7575238301642693e-01
-1.8919820232659468e-01
-2.0420590916696257e-01
-2.2102888503200008e-01
-2.3996141662468326e-01
-2.6137546995335881e-01
-2.8571790616062054e-01
-3.1353893962364587e-01
-3.4550573195395445e-01
-3.8249990258604816e-01
-4.2563189538502977e-01
-4.7632573964380348e-01
-5.3643034507488840e-01
-6.0842130920065218e-01
-6.9560428652484030e-01
-8.0252970808905788e-01
-9.3539052711122062e-01
-1.1034139264159069e+00
-1.3200642094674748e+00
-1.6054529645427003e+00
-1.9914253796136738e+00
-2.5302124700236601e+00
-3.3108767941804680e+00
-4.4926377603963514e+00
-6.3722088741152962e+00
-9.4796944255311821e+00
-1.4284885299377327e+01
-1.7860207087085865e+01
0.0000000000000000e+00
2.4055929233035767e-01
0.0000000000000000e+00
0.0000000000000000e+00
];
