%Vec Object:sol 1 MPI processes
%  type: mpi
sol = [
0.0000000000000000e+00
-4.1118664221930672e+01
-2.4241322148644528e+01
-1.3028420358664233e+01
-7.6442070008729450e+00
-4.9289964301581515e+00
-3.4154402434472577e+00
-2.4967427309011039e+00
-1.9012939943063909e+00
-1.4941608029515685e+00
-1.2045679320360452e+00
-9.9126375667118971e-01
-8.2973058458460602e-01
-7.0459666294310741e-01
-6.0571061987581132e-01
-5.2623135218053496e-01
-4.6145144737508420e-01
-4.0795010085823497e-01
-3.6321190331682202e-01
-3.2547619037923137e-01
-2.9335628069944175e-01
-2.6572959915970668e-01
-2.4184842425273470e-01
-2.2107110685449527e-01
-2.0285992659401039e-01
-1.8681607146873599e-01
-1.7262145773296636e-01
-1.5999351329469513e-01
-1.4870132029840527e-01
-1.3857850504650798e-01
-1.2946764486465664e-01
-1.2122171081899695e-01
-1.1375108007524024e-01
-1.0696204740222180e-01
-1.0076049989544890e-01
-9.5090790783778911e-02
-8.9896057990576303e-02
-8.5116653070972645e-02
-8.0712437105853255e-02
-7.6649335260514873e-02
-7.2888629859073226e-02
-6.9399537891309010e-02
-6.6161754329838993e-02
-6.3149724749320263e-02
-6.0338716456468496e-02
-5.7716949952361062e-02
-5.5267382072819886e-02
-5.2969460715042826e-02
-5.0816772980241794e-02
-4.8797466882558406e-02
-4.6895359480672472e-02
-4.5106144083186993e-02
-4.3421539416875106e-02
-4.1829664604659561e-02
-4.0326445465628913e-02
-3.8906436405284711e-02
-3.7560809156136708e-02
-3.6285707052968415e-02
-3.5077628905909458e-02
-3.3929940514017896e-02
-3.2839013955988809e-02
-3.1802685346156753e-02
-3.0815913175753516e-02
-2.9875316497783942e-02
-2.8979649755447697e-02
-2.8125036751439490e-02
-2.7308359974070301e-02
-2.6528999388493204e-02
-2.5783935696911339e-02
-2.5070326363027227e-02
-2.4387970285798005e-02
-2.3734483116874532e-02
-2.3107302936928170e-02
-2.2506516214161245e-02
-2.1930168551249581e-02
-2.1375918582380606e-02
-2.0844084235056674e-02
-2.0333075030448657e-02
-1.9840921376315407e-02
-1.9367956178414008e-02
-1.8912855388739828e-02
-1.8473895529826940e-02
-1.8051450155543755e-02
-1.7644378386764064e-02
-1.7251222899435065e-02
-1.6872360068999566e-02
-1.6506779900728633e-02
-1.6153281242039848e-02
-1.5812216708049599e-02
-1.5482667552609354e-02
-1.5163677786261409e-02
-1.4855557792487427e-02
-1.4557449907466748e-02
-1.4268631665771123e-02
-1.3989358795739168e-02
-1.3718811837464939e-02
-1.3456490034251874e-02
-1.3202586236842163e-02
-1.2956301755078552e-02
-1.2717345696249098e-02
-1.2739270545169910e-02
-1.3022875034417240e-02
-1.3315684399617337e-02
-1.3618446332066943e-02
-1.3930956865622214e-02
-1.4254022490158632e-02
-1.4588378867673774e-02
-1.4933753743362817e-02
-1.5291271646094126e-02
-1.5661652261904049e-02
-1.6044543979616892e-02
-1.6441453883434175e-02
-1.6852958664552373e-02
-1.7278988078943708e-02
-1.7721136111645476e-02
-1.8179907897396475e-02
-1.8655656485267409e-02
-1.9150000827876018e-02
-1.9663392539701181e-02
-2.0196698718406399e-02
-2.0751571732680146e-02
-2.1328407783226633e-02
-2.1928698359727206e-02
-2.2554143130713130e-02
-2.3205084733031154e-02
-2.3883774798913782e-02
-2.4591907489970435e-02
-2.5330002507873740e-02
-2.6101017266561537e-02
-2.6906511744302995e-02
-2.7747906678792535e-02
-2.8628369639855114e-02
-2.9549546960522630e-02
-3.0513984711984850e-02
-3.1525135808901240e-02
-3.2584792214600720e-02
-3.3696914216699812e-02
-3.4865301349934673e-02
-3.6092126048981522e-02
-3.7382997326097872e-02
-3.8741826529155129e-02
-4.0172632471038229e-02
-4.1681848938515662e-02
-4.3274058632153792e-02
-4.4955693559059769e-02
-4.6734338454908743e-02
-4.8615565963705629e-02
-5.0609001163668024e-02
-5.2723432740459854e-02
-5.4967208804332243e-02
-5.7352944757167741e-02
-5.9891377855691874e-02
-6.2595660673329612e-02
-6.5481700540553939e-02
-6.8563499686517926e-02
-7.1860948722389961e-02
-7.5394270502416399e-02
-7.9184128136089119e-02
-8.3258394022138943e-02
-8.7643953958367327e-02
-9.2373173811010165e-02
-9.7484228643739040e-02
-1.0301514237919844e-01
-1.0901604810398295e-01
-1.1554022860111110e-01
-1.2264745534886307e-01
-1.3041209507482104e-01
-1.3891328006687079e-01
-1.4824793324907576e-01
-1.5852898508212812e-01
-1.6988181647055184e-01
-1.8246543927709016e-01
-1.9645896197247747e-01
-2.1207049614891205e-01
-2.2956484786276757e-01
-2.4925137084362395e-01
-2.7151612162059635e-01
-2.9682279443583853e-01
-3.2574208754547668e-01
-3.5899754968548014e-01
-3.9748216028234723e-01
-4.4234991341926455e-01
-4.9508088934712785e-01
-5.5759652524019199e-01
-6.3245290703078072e-01
-7.2298306081328356e-01
-8.3398036514087193e-01
-9.7204931208245049e-01
-1.1466312275643740e+00
-1.3714146021118025e+00
-1.6674361717737018e+00
-2.0679008489072190e+00
-2.6261081094502217e+00
-3.4343662651603122e+00
-4.6575911075467618e+00
-6.6024313037509552e+00
-9.8179438195093400e+00
-1.4811534868736095e+01
-1.8568392708606130e+01
0.0000000000000000e+00
2.4055929233035767e-01
0.0000000000000000e+00
0.0000000000000000e+00
];
