%Vec Object:sol 1 MPI processes
%  type: mpi
sol = [
0.0000000000000000e+00
-4.1015356484856625e+01
-2.4207236759962154e+01
-1.3018317800556613e+01
-7.6403008531518593e+00
-4.9272645768870253e+00
-3.4143521178902350e+00
-2.4961067542404853e+00
-1.9008675217246640e+00
-1.4938815210366285e+00
-1.2043544475035108e+00
-9.9109750163131671e-01
-8.2963386338427625e-01
-7.0452084314604058e-01
-6.0565104035426176e-01
-5.2618460033369718e-01
-4.6141495321052145e-01
-4.0792191300108932e-01
-3.6319052379649991e-01
-3.2546042462576880e-01
-2.9334771630823686e-01
-2.6573333059097076e-01
-2.4185442003301275e-01
-2.2107899829832955e-01
-2.0286941436584852e-01
-1.8682690517656295e-01
-1.7263342613356805e-01
-1.6000644075636128e-01
-1.4871505965256063e-01
-1.3859292935769510e-01
-1.2948264658640224e-01
-1.2123719974878495e-01
-1.1376697719072627e-01
-1.0697828498976210e-01
-1.0077702045026046e-01
-9.5107543950351425e-02
-8.9913000220090675e-02
-8.5133746765842594e-02
-8.0729649529249797e-02
-7.6666637962471237e-02
-7.2905998035774591e-02
-6.9416949781254830e-02
-6.6179191188571254e-02
-6.3167170163225830e-02
-6.0356155733159091e-02
-5.7734370731642767e-02
-5.5284773597797890e-02
-5.2986812908504981e-02
-5.0834077761049888e-02
-4.8814717310745950e-02
-4.6912548677091062e-02
-4.5123266809394783e-02
-4.3438591293035914e-02
-4.1846641103367770e-02
-4.0343343205384914e-02
-3.8923252773277905e-02
-3.7577541299864424e-02
-3.6302352844125821e-02
-3.5094186960069988e-02
-3.3946409180086949e-02
-3.2855391956890419e-02
-3.1818972154587392e-02
-3.0832108002998314e-02
-2.9891418649002740e-02
-2.8995659300900863e-02
-2.8140953521606026e-02
-2.7324183678168818e-02
-2.6544730451085404e-02
-2.5799574495981553e-02
-2.5085873261164439e-02
-2.4403426581283999e-02
-2.3749847559941129e-02
-2.3122575186853317e-02
-2.2521681861878001e-02
-2.1945247638862554e-02
-2.1390994437422071e-02
-2.0859162897677072e-02
-2.0348177162251905e-02
-1.9856039411266613e-02
-1.9383083907402190e-02
-1.8927986965129203e-02
-1.8489026635306431e-02
-1.8066585761526022e-02
-1.7659448383538324e-02
-1.7266202295252754e-02
-1.6887243715965689e-02
-1.6521569365196560e-02
-1.6167977635168272e-02
-1.5826821780131398e-02
-1.5497182763990093e-02
-1.5178104228443056e-02
-1.4869897136366455e-02
-1.4571703498178672e-02
-1.4282800583712797e-02
-1.4003444633704258e-02
-1.3732815818719935e-02
-1.3470413236669282e-02
-1.3216430177397279e-02
-1.2970067530646190e-02
-1.2731034390918035e-02
-1.2753159850933117e-02
-1.3037254422820249e-02
-1.3330571910239116e-02
-1.3633861154280625e-02
-1.3946918460504616e-02
-1.4270551569271806e-02
-1.4605497374549683e-02
-1.4951483876958657e-02
-1.5309637276103722e-02
-1.5680678577724028e-02
-1.6064256402607949e-02
-1.6461880032072506e-02
-1.6874127439049293e-02
-1.7300928984088488e-02
-1.7743881102555013e-02
-1.8203490251533831e-02
-1.8680110655182394e-02
-1.9175363925433012e-02
-1.9689703071766467e-02
-2.0223997097109064e-02
-2.0779901272095894e-02
-2.1357813278564029e-02
-2.1959227444065733e-02
-2.2585846626283993e-02
-2.3238015053202835e-02
-2.3917988378793824e-02
-2.4627464209781322e-02
-2.5366964272842792e-02
-2.6139451218943351e-02
-2.6946488595402739e-02
-2.7789500608264819e-02
-2.8671660733696994e-02
-2.9594619328108248e-02
-3.0560927805844885e-02
-3.1574045837894388e-02
-3.2635770014778819e-02
-3.3750068411877748e-02
-3.4920748353203981e-02
-3.6149987932446594e-02
-3.7443406934758443e-02
-3.8804925310955710e-02
-4.0238570845873574e-02
-4.1750790131498336e-02
-4.3346176245218408e-02
-4.5031174617795579e-02
-4.6813385535736801e-02
-4.8698394497682568e-02
-5.0695846037755801e-02
-5.2814547508395114e-02
-5.5062865449351073e-02
-5.7453440937394663e-02
-5.9997034553598547e-02
-6.2706826642094440e-02
-6.5598757487278017e-02
-6.8686859948512119e-02
-7.1991065702406570e-02
-7.5531640220652188e-02
-7.9329290948764369e-02
-8.3411947801092887e-02
-8.7806553747297844e-02
-9.2545542438109613e-02
-9.7667168195710544e-02
-1.0320953577455656e-01
-1.0922288175608527e-01
-1.1576060015403289e-01
-1.2288258733354490e-01
-1.3066336325146197e-01
-1.3918222484799006e-01
-1.4853629457555848e-01
-1.5883873481993518e-01
-1.7021518482989650e-01
-1.8282498011495321e-01
-1.9684759471313237e-01
-2.1249958686959000e-01
-2.3003159837164416e-01
-2.4975964230096587e-01
-2.7207126269043280e-01
-2.9743108707674626e-01
-3.2641095465755349e-01
-3.5973584902552724e-01
-3.9830050723863342e-01
-4.4326117350541855e-01
-4.9610078681643544e-01
-5.5874445486911384e-01
-6.3376929946986948e-01
-7.2449254345870762e-01
-8.3571485433009907e-01
-9.7406051931660809e-01
-1.1489877538460602e+00
-1.3742553735990026e+00
-1.6708501442558927e+00
-2.0721385288029701e+00
-2.6313878644075785e+00
-3.4412048885039122e+00
-4.6667107888211881e+00
-6.6152026052445621e+00
-9.8366673679277987e+00
-1.4840687379458782e+01
-1.8607631010223681e+01
0.0000000000000000e+00
2.4055929233035767e-01
0.0000000000000000e+00
0.0000000000000000e+00
];
