%Vec Object:sol 1 MPI processes
%  type: mpi
sol = [
0.0000000000000000e+00
-7.6634008852095860e+01
-3.5414351381215496e+01
-1.6904371728866344e+01
-9.4508766383285501e+00
-5.9490923411370966e+00
-4.0649328969131711e+00
-2.9449200255199770e+00
-2.2275138182284486e+00
-1.7421207789294693e+00
-1.3988010537884903e+00
-1.1472641807497259e+00
-9.5761530434250863e-01
-8.1114952256829509e-01
-6.9573402454270006e-01
-6.0319268848702368e-01
-5.2792358481375279e-01
-4.6587320370631213e-01
-4.1407152206093994e-01
-3.7040813500644815e-01
-3.3329984780066035e-01
-3.0144633139113514e-01
-2.7394335250197271e-01
-2.5004091052457167e-01
-2.2911216168594742e-01
-2.1069213052179531e-01
-1.9441023813264929e-01
-1.7993823623389524e-01
-1.6700817865223910e-01
-1.5542655987876572e-01
-1.4501095192386007e-01
-1.3559156055224172e-01
-1.2706413769505845e-01
-1.1932031738790408e-01
-1.1225178598085628e-01
-1.0579393035362496e-01
-9.9881058496179051e-02
-9.4444656613759309e-02
-8.9438346580563349e-02
-8.4822721963898479e-02
-8.0553368568116929e-02
-7.6594788530631591e-02
-7.2922389843839974e-02
-6.9508193888521752e-02
-6.6323962328596386e-02
-6.3355900989198494e-02
-6.0584450811417209e-02
-5.7986268787573195e-02
-5.5553718155290685e-02
-5.3273198682178308e-02
-5.1126409573617505e-02
-4.9108183828829435e-02
-4.7209011740696090e-02
-4.5415484287157158e-02
-4.3722797929972052e-02
-4.2124668128434031e-02
-4.0611148426623049e-02
-3.9177758005308906e-02
-3.7820419454173873e-02
-3.6531669424524120e-02
-3.5307344256508159e-02
-3.4144882208432557e-02
-3.3038619028261322e-02
-3.1984714148931469e-02
-3.0981645777298065e-02
-3.0025064013642664e-02
-2.9111458149751308e-02
-2.8240014895010667e-02
-2.7407349928827002e-02
-2.6610286518051883e-02
-2.5848486904404173e-02
-2.5119278891782396e-02
-2.4419819355195146e-02
-2.3750081159501928e-02
-2.3107918105805720e-02
-2.2490815911930497e-02
-2.1898941099271783e-02
-2.1330535718563175e-02
-2.0783406016424241e-02
-2.0257828903182527e-02
-1.9752331975733117e-02
-1.9265030888009602e-02
-1.8796253895402751e-02
-1.8344737167880695e-02
-1.7908892733406390e-02
-1.7489058436013137e-02
-1.7084121059587721e-02
-1.6692774696837005e-02
-1.6315337595658647e-02
-1.5950803380005416e-02
-1.5598133198165279e-02
-1.5257605625877668e-02
-1.4928287970936661e-02
-1.4609393143464088e-02
-1.4301146665007760e-02
-1.4002664503410920e-02
-1.3713396167908414e-02
-1.3433505415115050e-02
-1.3162137909309472e-02
-1.2898964814758419e-02
-1.2900729481422584e-02
-1.3166976839183013e-02
-1.3441575957446557e-02
-1.3725237773702497e-02
-1.4017701894986658e-02
-1.4319734002321758e-02
-1.4632021931434983e-02
-1.4954230084706725e-02
-1.5287434053509148e-02
-1.5632293402248830e-02
-1.5988385622915820e-02
-1.6357156629109731e-02
-1.6739108946992494e-02
-1.7134094044944280e-02
-1.7543626241934625e-02
-1.7968122383699707e-02
-1.8407844936900154e-02
-1.8864311749723903e-02
-1.9337870500396231e-02
-1.9829278319797420e-02
-2.0340062001851209e-02
-2.0870496214119724e-02
-2.1421933426047320e-02
-2.1995919587326385e-02
-2.2592655455828128e-02
-2.3214212333780886e-02
-2.3862099057028793e-02
-2.4536664690064096e-02
-2.5240633739194801e-02
-2.5975347734862493e-02
-2.6742002596903545e-02
-2.7543479738761038e-02
-2.8381163143435601e-02
-2.9257297277427031e-02
-3.0174983280701048e-02
-3.1135696205424161e-02
-3.2142986858790801e-02
-3.3200222560429961e-02
-3.4309183092103852e-02
-3.5474924654540503e-02
-3.6700839833952940e-02
-3.7990397430689535e-02
-3.9349338116521380e-02
-4.0781596025613494e-02
-4.2292830811755035e-02
-4.3889747903225806e-02
-4.5577095735249575e-02
-4.7363412538685576e-02
-4.9256379048530391e-02
-5.1263200879514872e-02
-5.3395034745243715e-02
-5.5661186351126400e-02
-5.8073151001489846e-02
-6.0644905226553449e-02
-6.3388537464206363e-02
-6.6321525884870461e-02
-6.9461518114505377e-02
-7.2826432385355327e-02
-7.6440725129002213e-02
-8.0327747226655838e-02
-8.4515729993052610e-02
-8.9038037656621938e-02
-9.3927069094829965e-02
-9.9225273336987899e-02
-1.0498052691657876e-01
-1.1124473859451635e-01
-1.1808272399451057e-01
-1.2556313386018134e-01
-1.3377028339519711e-01
-1.4280237677436433e-01
-1.5276815424482490e-01
-1.6380598296081453e-01
-1.7607133974647043e-01
-1.8975183252456812e-01
-2.0507661375646061e-01
-2.2231145181303016e-01
-2.4179268457556080e-01
-2.6392407178138150e-01
-2.8920262516141454e-01
-3.1825894456611664e-01
-3.5187110525629328e-01
-3.9104540631053397e-01
-4.3704947415540674e-01
-4.9154601592442548e-01
-5.5679515477581154e-01
-6.3578750742223422e-01
-7.3264969625361254e-01
-8.5316375573310121e-01
-1.0054984368935485e+00
-1.2017706515499045e+00
-1.4605929390993779e+00
-1.8108228257148993e+00
-2.2999225957927787e+00
-3.0088660603690345e+00
-4.0832185019681972e+00
-5.7923811613832523e+00
-8.6076193294852885e+00
-1.2901112267097897e+01
-1.5982706895348546e+01
0.0000000000000000e+00
1.3464638167935297e-01
0.0000000000000000e+00
0.0000000000000000e+00
];
