%Vec Object:sol 1 MPI processes
%  type: mpi
sol = [
0.0000000000000000e+00
-7.4666704192959543e+01
-3.5120711127211052e+01
-1.6870935053918483e+01
-9.4506363553314081e+00
-5.9545080091503095e+00
-4.0706728777455075e+00
-2.9495162278771390e+00
-2.2316234748365229e+00
-1.7455359931415371e+00
-1.4019678694184139e+00
-1.1498118222302889e+00
-9.5981719395882281e-01
-8.1318981845430216e-01
-6.9762061985782786e-01
-6.0487391320791672e-01
-5.2941056890910676e-01
-4.6720342845991791e-01
-4.1527312858580900e-01
-3.7153712464348776e-01
-3.3436385667543217e-01
-3.0245126481496765e-01
-2.7489451841137363e-01
-2.5094307664702720e-01
-2.2996959655370999e-01
-2.1150864707924041e-01
-1.9518855861970213e-01
-1.8067381193566012e-01
-1.6770544444176477e-01
-1.5608937567193173e-01
-1.4564264520672771e-01
-1.3619500112911145e-01
-1.2764184632565703e-01
-1.1987450541805457e-01
-1.1278438223255539e-01
-1.0630665732530167e-01
-1.0037545114825687e-01
-9.4922069896653971e-02
-8.9899999807962649e-02
-8.5269719937575081e-02
-8.0986700673769840e-02
-7.7015476388144599e-02
-7.3332416172209314e-02
-6.9908148484559562e-02
-6.6714349963713990e-02
-6.3737208276710991e-02
-6.0957129530485661e-02
-5.8350720495512334e-02
-5.5910338298675588e-02
-5.3622357518084439e-02
-5.1468432798172849e-02
-4.9443395042382800e-02
-4.7537716618720978e-02
-4.5737953082999196e-02
-4.4039296493717829e-02
-4.2435451511076208e-02
-4.0916443492124865e-02
-3.9477784958121639e-02
-3.8115393177517623e-02
-3.6821782350112513e-02
-3.5592780194915095e-02
-3.4425823811080884e-02
-3.3315231001074051e-02
-3.2257151059760500e-02
-3.1250064145663524e-02
-3.0289605931905137e-02
-2.9372254540895520e-02
-2.8497200888234812e-02
-2.7661048952743780e-02
-2.6860610235029846e-02
-2.6095552780504006e-02
-2.5363194777356823e-02
-2.4660681153670254e-02
-2.3987991632026855e-02
-2.3342971949459237e-02
-2.2723096070899524e-02
-2.2128538000773849e-02
-2.1557532841063012e-02
-2.1007875620984603e-02
-2.0479850999095446e-02
-1.9971980373586218e-02
-1.9482369010639208e-02
-1.9011352895947974e-02
-1.8557662449511070e-02
-1.8119700403074118e-02
-1.7697812072693896e-02
-1.7290878686770695e-02
-1.6897586354428659e-02
-1.6518260348916961e-02
-1.6151888723387735e-02
-1.5797426150248806e-02
-1.5455157620518127e-02
-1.5124144676396835e-02
-1.4803595422049034e-02
-1.4493741058482147e-02
-1.4193691442531816e-02
-1.3902893087496057e-02
-1.3621514587788841e-02
-1.3348695025588980e-02
-1.3084104501862074e-02
-1.3088219769853074e-02
-1.3360723837201908e-02
-1.3641814813171277e-02
-1.3932218889474338e-02
-1.4231679338245179e-02
-1.4540978467958814e-02
-1.4860820479320466e-02
-1.5190873308226924e-02
-1.5532234745318407e-02
-1.5885581929186446e-02
-1.6250495685923957e-02
-1.6628451097996027e-02
-1.7019967868812168e-02
-1.7424905811045836e-02
-1.7844811791894524e-02
-1.8280120459491778e-02
-1.8731110337845067e-02
-1.9199334808956501e-02
-1.9685160453960231e-02
-2.0189372537620928e-02
-2.0713543782647954e-02
-2.1257960627042875e-02
-2.1823953682740437e-02
-2.2413161274567352e-02
-2.3025751174113963e-02
-2.3663882496641152e-02
-2.4329128906934182e-02
-2.5021866664016706e-02
-2.5744889419787302e-02
-2.6499586194356630e-02
-2.7287199203195663e-02
-2.8110688025272744e-02
-2.8971490410904608e-02
-2.9871921934977785e-02
-3.0815173402228783e-02
-3.1802781988591204e-02
-3.2838401983193176e-02
-3.3925504431499810e-02
-3.5065945346735440e-02
-3.6264924049353907e-02
-3.7525948298082264e-02
-3.8852607215353913e-02
-4.0250812141002353e-02
-4.1724636671439386e-02
-4.3279920124703775e-02
-4.4923575904618089e-02
-4.6660525861472589e-02
-4.8499568476065562e-02
-5.0448635256261441e-02
-5.2515180349313934e-02
-5.4710704686530255e-02
-5.7044828635578963e-02
-5.9529421569116038e-02
-6.2178903433258485e-02
-6.5005777328757619e-02
-6.8028074691156223e-02
-7.1264019042584725e-02
-7.4732129525125104e-02
-7.8457639424118791e-02
-8.2464675400498053e-02
-8.6782387859249091e-02
-9.1445214999328298e-02
-9.6487221459604422e-02
-1.0195364771494568e-01
-1.0789239165289584e-01
-1.1435712664440326e-01
-1.2141485119966260e-01
-1.2913658153052468e-01
-1.3760949927360069e-01
-1.4693515303224650e-01
-1.5722603633209675e-01
-1.6862521349428752e-01
-1.8129350443134917e-01
-1.9542494741254268e-01
-2.1125652543243473e-01
-2.2906316167896271e-01
-2.4919114369640774e-01
-2.7204250870810986e-01
-2.9814311946969602e-01
-3.2814357526964960e-01
-3.6284653480227208e-01
-4.0328984579090998e-01
-4.5080475061106839e-01
-5.0711974688195316e-01
-5.7454994484539534e-01
-6.5618685998654380e-01
-7.5619984955384456e-01
-8.8056179923667077e-01
-1.0378243802202887e+00
-1.2405979353671392e+00
-1.5076273450393614e+00
-1.8689973331326726e+00
-2.3735011281246190e+00
-3.1048613097481148e+00
-4.2124779106010326e+00
-5.9737893082137505e+00
-8.8798169082810503e+00
-1.3331388542623747e+01
-1.6563123935571241e+01
0.0000000000000000e+00
1.3464638167935297e-01
0.0000000000000000e+00
0.0000000000000000e+00
];
