%Vec Object:sol 1 MPI processes
%  type: mpi
sol = [
0.0000000000000000e+00
-7.7840383073353948e+01
-3.5581510902917465e+01
-1.6922109900806234e+01
-9.4515068434165794e+00
-5.9455939746802855e+00
-4.0615491581061036e+00
-2.9417218341298219e+00
-2.2251582468272950e+00
-1.7398722129710902e+00
-1.3970569395420760e+00
-1.1456603078725487e+00
-9.5613769030148188e-01
-8.0990352272131805e-01
-6.9466327369871828e-01
-6.0225773902318502e-01
-5.2704313058419727e-01
-4.6503047980772344e-01
-4.1326781046993166e-01
-3.6967745509855598e-01
-3.3263160173206963e-01
-3.0083114010834028e-01
-2.7337369864459193e-01
-2.4951068578863811e-01
-2.2861634476145903e-01
-2.1022655717494498e-01
-1.9397142282494537e-01
-1.7952323728274566e-01
-1.6661448717190380e-01
-1.5504994621550505e-01
-1.4464659979649311e-01
-1.3523885790407641e-01
-1.2672248445025794e-01
-1.1898913776928360e-01
-1.1193054316754310e-01
-1.0548210696630701e-01
-9.9578163507231712e-02
-9.4150236490257708e-02
-8.9151971269373853e-02
-8.4543981701067736e-02
-8.0281887647850395e-02
-7.6330346908891053e-02
-7.2665810646748805e-02
-6.9259010630230641e-02
-6.6081727498228104e-02
-6.3120194966320362e-02
-6.0354890035513829e-02
-5.7762513028127918e-02
-5.5335441890453349e-02
-5.3060101437052969e-02
-5.0918226271813562e-02
-4.8904658090421979e-02
-4.7009904609998210e-02
-4.5220583846053562e-02
-4.3531900034810243e-02
-4.1937579704522630e-02
-4.0427697252678238e-02
-3.8997779439419816e-02
-3.7643755291056125e-02
-3.6358177664969675e-02
-3.5136890592443779e-02
-3.3977335383164144e-02
-3.2873860481473102e-02
-3.1822633180129609e-02
-3.0822132269475694e-02
-2.9868017886976940e-02
-2.8956787277310454e-02
-2.8087625966696027e-02
-2.7257157656542720e-02
-2.6462213549110734e-02
-2.5702453452443250e-02
-2.4975211673989760e-02
-2.4277652863426754e-02
-2.3609746609124647e-02
-2.2969352092434382e-02
-2.2353962497443744e-02
-2.1763740537854119e-02
-2.1196932834233437e-02
-2.0651352642690347e-02
-2.0127272788063682e-02
-1.9623224881032082e-02
-1.9137330993759923e-02
-1.8669915213884575e-02
-1.8219717374391767e-02
-1.7785155204618153e-02
-1.7366562460707311e-02
-1.6962829408572400e-02
-1.6572655016533658e-02
-1.6196353650307947e-02
-1.5832922373007523e-02
-1.5481326283887199e-02
-1.5141840389339184e-02
-1.4813535509991359e-02
-1.4495627498669160e-02
-1.4188338702573168e-02
-1.3890788772841171e-02
-1.3602429079489728e-02
-1.3323420668424259e-02
-1.3052913137957336e-02
-1.2790578365559170e-02
-1.2790974557581774e-02
-1.3053566784150372e-02
-1.3324373477409855e-02
-1.3604096683411251e-02
-1.3892473872971069e-02
-1.4190261037741779e-02
-1.4498136477368379e-02
-1.4815762539963010e-02
-1.5144201883143102e-02
-1.5484103835249719e-02
-1.5835043957692550e-02
-1.6198451172900176e-02
-1.6574818016034623e-02
-1.6963991107657828e-02
-1.7367465799049617e-02
-1.7785648566618902e-02
-1.8218792593838375e-02
-1.8668395099332182e-02
-1.9134792744842553e-02
-1.9618727710502479e-02
-2.0121704213417458e-02
-2.0643985125214724e-02
-2.1186900732364823e-02
-2.1751972081015401e-02
-2.2339387133957521e-02
-2.2951185826813002e-02
-2.3588849953442067e-02
-2.4252712270393842e-02
-2.4945456436480929e-02
-2.5668395742791651e-02
-2.6422698536656852e-02
-2.7211199972822502e-02
-2.8035251989118271e-02
-2.8897056932018054e-02
-2.9799662893929449e-02
-3.0744507260418424e-02
-3.1735081151149612e-02
-3.2774719560905781e-02
-3.3865006780994848e-02
-3.5010887861105421e-02
-3.6215722888354174e-02
-3.7482982539805150e-02
-3.8818302663055256e-02
-4.0225530028803413e-02
-4.1710212654660406e-02
-4.3278926902588687e-02
-4.4936311775399779e-02
-4.6690743893463331e-02
-4.8549746934270742e-02
-5.0520369691925658e-02
-5.2613554039518270e-02
-5.4838406882529993e-02
-5.7206187800071494e-02
-5.9730594373964149e-02
-6.2423451041340956e-02
-6.5301886803346712e-02
-6.8383183581292251e-02
-7.1684875613223176e-02
-7.5230926014041244e-02
-7.9044188292637055e-02
-8.3152304935763019e-02
-8.7587949646739771e-02
-9.2383375959159214e-02
-9.7581513012345647e-02
-1.0322776148381363e-01
-1.0937298157830175e-01
-1.1608072471160864e-01
-1.2341827805703171e-01
-1.3146830483964408e-01
-1.4032708607688610e-01
-1.5010121301127410e-01
-1.6092636249405848e-01
-1.7295496518267536e-01
-1.8637097148254775e-01
-2.0139909002550022e-01
-2.1829991953099231e-01
-2.3740331536271170e-01
-2.5910526143984025e-01
-2.8388904070786730e-01
-3.1235749804502633e-01
-3.4528628274242001e-01
-3.8366020504235887e-01
-4.2874260825513139e-01
-4.8217403510135148e-01
-5.4615228338331590e-01
-6.2361261841756155e-01
-7.1860611917659190e-01
-8.3667000808418934e-01
-9.8596463187005823e-01
-1.1784959964222541e+00
-1.4323454608390445e+00
-1.7757008599509074e+00
-2.2556115790235864e+00
-2.9511568547693474e+00
-4.0053225757852564e+00
-5.6816668819915428e+00
-8.4419008737019450e+00
-1.2638914766951823e+01
-1.5628705582320100e+01
0.0000000000000000e+00
1.3464638167935297e-01
0.0000000000000000e+00
0.0000000000000000e+00
];
