%Vec Object:sol 1 MPI processes
%  type: mpi
sol = [
0.0000000000000000e+00
-4.0889829965103154e+01
-2.4165724521159142e+01
-1.3006000392234606e+01
-7.6355358382056737e+00
-4.9251498746049691e+00
-3.4130232886516869e+00
-2.4953293371430534e+00
-1.9003082152192616e+00
-1.4935401648418003e+00
-1.2040935879927364e+00
-9.9089440674202345e-01
-8.2951566557726897e-01
-7.0442821657552690e-01
-6.0557827789383267e-01
-5.2612752455664447e-01
-4.6137041917361193e-01
-4.0788753270854855e-01
-3.6316446456502510e-01
-3.2544122534060482e-01
-2.9333421591660058e-01
-2.6573557161620059e-01
-2.4186180801669546e-01
-2.2108870292674945e-01
-2.0288106928738284e-01
-1.8684020400204046e-01
-1.7264811044004477e-01
-1.6002229570060844e-01
-1.4873190522157873e-01
-1.3861061033911010e-01
-1.2950103149301628e-01
-1.2125617828846003e-01
-1.1378645278551004e-01
-1.0699817489660461e-01
-1.0079725439137080e-01
-9.5128060412863064e-02
-8.9933746019061719e-02
-8.5154676026105186e-02
-8.0750722232072955e-02
-7.6687819385195560e-02
-7.2927257905652493e-02
-6.9438261542460508e-02
-6.6200531981238056e-02
-6.3188519972226326e-02
-6.0377496640132179e-02
-5.7755687676981159e-02
-5.5306053479189661e-02
-5.3008043444711370e-02
-5.0855249118369306e-02
-4.8835821048635132e-02
-4.6933576420376884e-02
-4.5144212193810866e-02
-4.3459449002724609e-02
-4.1867405635489408e-02
-4.0364010460196338e-02
-3.8943819590442380e-02
-3.7598004221203518e-02
-3.6322709297214088e-02
-3.5114435282116767e-02
-3.3966547378724808e-02
-3.2875418496388233e-02
-3.1838886416330182e-02
-3.0851909046091638e-02
-2.9911105646256386e-02
-2.9015232361644872e-02
-2.8160412456437231e-02
-2.7343528147798682e-02
-2.6563961069874697e-02
-2.5818691607766803e-02
-2.5104876862976515e-02
-2.4422317634088531e-02
-2.3768626779009275e-02
-2.3141242803533794e-02
-2.2540239070447329e-02
-2.1963695404384653e-02
-2.1409333156504881e-02
-2.0877393916049463e-02
-2.0366301602776207e-02
-1.9874057793210276e-02
-1.9400997673324618e-02
-1.8945797320473905e-02
-1.8506732631054786e-02
-1.8084179251480557e-02
-1.7676996272371692e-02
-1.7283725698177748e-02
-1.6904745812896201e-02
-1.6539046444270802e-02
-1.6185425804519017e-02
-1.5844238239126954e-02
-1.5514564683367900e-02
-1.5195448619823342e-02
-1.4887201966172265e-02
-1.4588967554582133e-02
-1.4300022144818616e-02
-1.4020622205772135e-02
-1.3749918836092471e-02
-1.3487418757560517e-02
-1.3233339975996659e-02
-1.2986882421387335e-02
-1.2747754724778296e-02
-1.2770124819531450e-02
-1.3054817580656462e-02
-1.3348755264063370e-02
-1.3652688113804018e-02
-1.3966412765450662e-02
-1.4290738485137429e-02
-1.4626403669767106e-02
-1.4973136629809872e-02
-1.5332065603599777e-02
-1.5703913206531014e-02
-1.6088328340270922e-02
-1.6486822967277961e-02
-1.6899976623275258e-02
-1.7327720404393048e-02
-1.7771653735752506e-02
-1.8232284686301458e-02
-1.8709968912001686e-02
-1.9206331269010727e-02
-1.9721826466717770e-02
-2.0257325830924090e-02
-2.0814488171861840e-02
-2.1393712975694819e-02
-2.1996498030764942e-02
-2.2624550083974130e-02
-2.3278215301095410e-02
-2.3959754241184940e-02
-2.4670868711478080e-02
-2.5412082905039261e-02
-2.6186365860125248e-02
-2.6995285474467830e-02
-2.7840270181079901e-02
-2.8724500658621973e-02
-2.9649632166746133e-02
-3.0618222633471307e-02
-3.1633739967480763e-02
-3.2697986397436547e-02
-3.3814939493621604e-02
-3.4988416075697977e-02
-3.6220601132029497e-02
-3.7517127582563314e-02
-3.8881925863223685e-02
-4.0319034692907797e-02
-4.1834916274029639e-02
-4.3434176329154639e-02
-4.5123276650508720e-02
-4.6909836479341202e-02
-4.8799456976911341e-02
-5.0801806392054109e-02
-5.2925714825957114e-02
-5.5179571274485785e-02
-5.7576048106778445e-02
-6.0125934324168295e-02
-6.2842444111229759e-02
-6.5741557910594647e-02
-6.8837345899183583e-02
-7.2149789794423339e-02
-7.5699206993947457e-02
-7.9506358956730819e-02
-8.3599245676808570e-02
-8.8004879771823433e-02
-9.2755777471734122e-02
-9.7890289707200179e-02
-1.0344661959036161e-01
-1.0947512982662910e-01
-1.1602934991298977e-01
-1.2316932832118578e-01
-1.3096977164005622e-01
-1.3951017732735013e-01
-1.4888791082735028e-01
-1.5921641695460384e-01
-1.7062164952089220e-01
-1.8326333811843903e-01
-1.9732140146476526e-01
-2.1301281358020074e-01
-2.3060064148083328e-01
-2.5037930075808762e-01
-2.7274802826320216e-01
-2.9817260978268217e-01
-3.2722627328120507e-01
-3.6063574877944593e-01
-3.9929791239629209e-01
-4.4437174685538355e-01
-4.9734366927303381e-01
-5.6014325355158900e-01
-6.3535353013883145e-01
-7.2633195633710856e-01
-8.3782831793578461e-01
-9.7651097911070339e-01
-1.1518587008406977e+00
-1.3777161982124597e+00
-1.6750087434070964e+00
-2.0773000264908186e+00
-2.6378174481659165e+00
-3.4495313760614996e+00
-4.6778118621221223e+00
-6.6307440675408458e+00
-9.8594419460571654e+00
-1.4876130297106098e+01
-1.8655326354956120e+01
0.0000000000000000e+00
2.4055929233035767e-01
0.0000000000000000e+00
0.0000000000000000e+00
];
