%Vec Object:sol 1 MPI processes
%  type: mpi
sol = [
0.0000000000000000e+00
-4.0650470485690271e+01
-2.4086289946437752e+01
-1.2982402690909110e+01
-7.6264093926647654e+00
-4.9206289846855933e+00
-3.4104944797520371e+00
-2.4938526111124664e+00
-1.8992463590920741e+00
-1.4928940630890306e+00
-1.2036002484619890e+00
-9.9051067453223240e-01
-8.2925323248452054e-01
-7.0425498708066014e-01
-6.0544251091868750e-01
-5.2602133742872426e-01
-4.6128787670585841e-01
-4.0782412804793933e-01
-3.6311673891551738e-01
-3.2540642095048911e-01
-2.9331014147829121e-01
-2.6572047203038429e-01
-2.4186833444953490e-01
-2.2110878344007540e-01
-2.0290477835441134e-01
-1.8686696697180488e-01
-1.7267744279750427e-01
-1.6005379480588480e-01
-1.4876523384172632e-01
-1.3864547785649736e-01
-1.2953719184659376e-01
-1.2129342514869715e-01
-1.1382460563442548e-01
-1.0703707918806718e-01
-1.0083677888843080e-01
-9.5168090383371443e-02
-8.9974182366164390e-02
-8.5195433293289352e-02
-8.0791725962327726e-02
-7.6729005084161458e-02
-7.2968569368375397e-02
-6.9479649503822738e-02
-6.6241954155650692e-02
-6.3229939369708929e-02
-6.0418880131981573e-02
-5.7797007561131486e-02
-5.5347285702178929e-02
-5.3049165388351430e-02
-5.0896242835281651e-02
-4.8876671190825963e-02
-4.6974267652856443e-02
-4.5184733024364841e-02
-4.3499789899976715e-02
-4.1907556626799992e-02
-4.0403964246026054e-02
-3.8983570641833200e-02
-3.7637546376512787e-02
-3.6362038073322833e-02
-3.5153547922165726e-02
-3.4005440447598678e-02
-3.2914089413397317e-02
-3.1877334350060377e-02
-3.0890132511995173e-02
-2.9949103356374560e-02
-2.9053004820338707e-02
-2.8197959568226707e-02
-2.7380849508865695e-02
-2.6601058105395623e-02
-2.5855565203152381e-02
-2.5141527218755632e-02
-2.4458746801941954e-02
-2.3804836322853150e-02
-2.3177233340918327e-02
-2.2576013069420423e-02
-2.1999254880348384e-02
-2.1444679018331213e-02
-2.0912528897555873e-02
-2.0401227999526171e-02
-1.9908776723392186e-02
-1.9435512028308576e-02
-1.8980109545234325e-02
-1.8540844008716365e-02
-1.8118092744038607e-02
-1.7710714374326600e-02
-1.7317249806020622e-02
-1.6938078921974280e-02
-1.6572191022566390e-02
-1.6218383356008934e-02
-1.5877011743415759e-02
-1.5547156518561782e-02
-1.5227860384848312e-02
-1.4919436607207529e-02
-1.4621026366375788e-02
-1.4331906283501894e-02
-1.4052334623087852e-02
-1.3781490513463359e-02
-1.3518872764201181e-02
-1.3264676397355291e-02
-1.3018101034858287e-02
-1.2778855903963956e-02
-1.2801738151586944e-02
-1.3087603836425873e-02
-1.3382759177311571e-02
-1.3687957276698602e-02
-1.4002995638841383e-02
-1.4328686651505130e-02
-1.4665771817163980e-02
-1.5013980326742107e-02
-1.5374444572839461e-02
-1.5747890550462832e-02
-1.6133968048403662e-02
-1.6534194483113097e-02
-1.6949152730898160e-02
-1.7378775752470363e-02
-1.7824669176674173e-02
-1.8287344621098461e-02
-1.8767163188387306e-02
-1.9265759911829324e-02
-1.9783565271553675e-02
-2.0321391482122888e-02
-2.0880979485080643e-02
-2.1462725063071678e-02
-2.2068142366975109e-02
-2.2698945607092090e-02
-2.3355484659713998e-02
-2.4040029498344141e-02
-2.4754289988454706e-02
-2.5498795046822977e-02
-2.6276525971091272e-02
-2.7089059001237287e-02
-2.7937830674140070e-02
-2.8826035489372560e-02
-2.9755338106519542e-02
-3.0728308946983324e-02
-3.1748431723358679e-02
-3.2817519470663720e-02
-3.3939567974287176e-02
-3.5118412267139743e-02
-3.6356250551145400e-02
-3.7658740945428620e-02
-3.9029833990781776e-02
-4.0473589370355223e-02
-4.1996499229625235e-02
-4.3603193533833982e-02
-4.5300165451719776e-02
-4.7095070576255171e-02
-4.8993540091885571e-02
-5.1005287729007136e-02
-5.3139187207442193e-02
-5.5403670572681446e-02
-5.7811470202718131e-02
-6.0373429582826314e-02
-6.3102827778925202e-02
-6.6015722232714472e-02
-6.9126254653168323e-02
-7.2454502701968307e-02
-7.6020883322274344e-02
-7.9846261507575539e-02
-8.3958771605359320e-02
-8.8385559732738081e-02
-9.3159300412451490e-02
-9.8318529761602755e-02
-1.0390163939892394e-01
-1.0995923378187915e-01
-1.1654510206906718e-01
-1.2371958423631831e-01
-1.3155774455780755e-01
-1.4013946473813083e-01
-1.4956257586894861e-01
-1.5994106395862473e-01
-1.7140148552516254e-01
-1.8410432525091552e-01
-1.9823035379618412e-01
-2.1399756677347734e-01
-2.3167205623047027e-01
-2.5156290297046802e-01
-2.7404630537915453e-01
-2.9959501723976950e-01
-3.2879012697361731e-01
-3.6236170842702420e-01
-4.0121073267949148e-01
-4.4650142445038155e-01
-4.9972685757458596e-01
-5.6282515228437124e-01
-6.3839064422236880e-01
-7.2985837594823777e-01
-8.4187960685803109e-01
-9.8120757941524572e-01
-1.1573603310374123e+00
-1.3843478981209885e+00
-1.6829757945136947e+00
-2.0870494599916523e+00
-2.6501323541040094e+00
-3.4654745180025133e+00
-4.6990585681745696e+00
-6.6604746325738748e+00
-9.9029775156086455e+00
-1.4943829942454011e+01
-1.8746399740279706e+01
0.0000000000000000e+00
2.4055929233035767e-01
0.0000000000000000e+00
0.0000000000000000e+00
];
