%Vec Object:sol 1 MPI processes
%  type: mpi
sol = [
0.0000000000000000e+00
-5.4709625565746045e+01
-2.6685426783293405e+01
-1.2795175362173303e+01
-6.9642573700103423e+00
-4.2040277330431914e+00
-2.7307690398113591e+00
-1.8679286189221591e+00
-1.3270643028721942e+00
-9.6958127811005179e-01
-7.2341117729130577e-01
-5.4813425428792462e-01
-4.2001348381141679e-01
-3.2426444517741476e-01
-2.5133063540353490e-01
-1.9490993148590707e-01
-1.5070612275137685e-01
-1.1568210250582735e-01
-8.7663494951987594e-02
-6.5110737234265734e-02
-4.6867588948558948e-02
-3.2086760060479343e-02
-2.0190634310728782e-02
-1.0898956775676927e-02
-4.5134342272177119e-03
-1.8926914234768451e-03
-1.4206637104304492e-03
-1.3685350948365118e-03
-1.3467885826148904e-03
-1.3472409195088302e-03
-1.3565328716285893e-03
-1.3432633825236871e-03
-1.3422333934299173e-03
-1.3500867464917490e-03
-1.3434961069016410e-03
-1.3420469646903978e-03
-1.3471039227043696e-03
-1.3460684987035316e-03
-1.3447284175686690e-03
-1.3480094895380189e-03
-1.3493791038222595e-03
-1.3478122512934295e-03
-1.3493628847598335e-03
-1.3509171453443981e-03
-1.3483804186183402e-03
-1.3478145426820663e-03
-1.3480267042226513e-03
-1.3438027532091234e-03
-1.3407449433642756e-03
-1.3383956167392574e-03
-1.3323791236910384e-03
-1.3266850084750195e-03
-1.3213486224115637e-03
-1.3135097037897088e-03
-1.3052900929393990e-03
-1.2972471276427140e-03
-1.2874947208424638e-03
-1.2770442655357876e-03
-1.2666992099218826e-03
-1.2552036451501944e-03
-1.2429118609261687e-03
-1.2307173391645587e-03
-1.2177739550825401e-03
-1.2040541048649787e-03
-1.1904547785055897e-03
-1.1763970072483205e-03
-1.1616408257178093e-03
-1.1470403812813611e-03
-1.1321904965733917e-03
-1.1167447179462691e-03
-1.1014909601630046e-03
-1.0861362142215272e-03
-1.0702937834750942e-03
-1.0546752952286151e-03
-1.0390588509670525e-03
-1.0230588970314158e-03
-1.0073082235238632e-03
-9.9162846998198111e-04
-9.7566076551159427e-04
-9.5996066268191178e-04
-9.4437469941316128e-04
-9.2858603776697338e-04
-9.1307674420662869e-04
-8.9770561528927824e-04
-8.8220656784844640e-04
-8.6699214583610884e-04
-8.5192560882193949e-04
-8.3679616136760201e-04
-8.2195356755117755e-04
-8.0725815063295418e-04
-7.9255583154350616e-04
-7.7813789948231419e-04
-7.6385864092099040e-04
-7.4962065241113455e-04
-7.3566163259515972e-04
-7.2182724245475546e-04
-7.0807549334444696e-04
-6.9459505048217801e-04
-6.8122128347656435e-04
-6.6796567146031147e-04
-6.6820139279492722e-04
-6.8176106085906119e-04
-6.9547821966913089e-04
-7.0946814910141361e-04
-7.2351693066514640e-04
-7.3774751268795044e-04
-7.5224462617153672e-04
-7.6674801441548046e-04
-7.8145708685485712e-04
-7.9642023662593710e-04
-8.1132182270863943e-04
-8.2645182606212720e-04
-8.4177455615165727e-04
-8.5703098218080701e-04
-8.7249567855088555e-04
-8.8806517069185220e-04
-9.0357350094851451e-04
-9.1925069233061562e-04
-9.3492100363977058e-04
-9.5052918106896937e-04
-9.6625219940353949e-04
-9.8182759833302419e-04
-9.9733256116129113e-04
-1.0128807817366742e-03
-1.0281048984562417e-03
-1.0432426678057417e-03
-1.0583066646070458e-03
-1.0728768191066878e-03
-1.0873131895657499e-03
-1.1014547093005176e-03
-1.1150442848137780e-03
-1.1283685650641088e-03
-1.1411270240780866e-03
-1.1532706902482419e-03
-1.1649970411713203e-03
-1.1758317119853793e-03
-1.1859964704530920e-03
-1.1955626856637596e-03
-1.2038895946983200e-03
-1.2115073803692067e-03
-1.2181795269044658e-03
-1.2235610337621796e-03
-1.2280986611477209e-03
-1.2313184422606455e-03
-1.2332980137548526e-03
-1.2343801340683393e-03
-1.2337710850290873e-03
-1.2321597597489057e-03
-1.2295427007078875e-03
-1.2252917707419582e-03
-1.2203676068852636e-03
-1.2142887267405701e-03
-1.2071560510003750e-03
-1.1998152159930714e-03
-1.1911703406958919e-03
-1.1824112538901569e-03
-1.1737518090445106e-03
-1.1641318000191457e-03
-1.1553159399096673e-03
-1.1463399821835642e-03
-1.1374075537840217e-03
-1.1298897140819065e-03
-1.1212777434190134e-03
-1.1139371348459284e-03
-1.1074585059219382e-03
-1.1001120419558538e-03
-1.0947430504389395e-03
-1.0885377276742929e-03
-1.0828556527858863e-03
-1.0793307280227160e-03
-1.0728989947828124e-03
-1.0690903246286642e-03
-1.0650421916473245e-03
-1.0601055511242894e-03
-1.0586462406491466e-03
-1.0530186367929554e-03
-1.0501000700768497e-03
-1.0483544043732300e-03
-1.0458867503020113e-03
-1.0824514421414492e-03
-1.6299593066685897e-03
-6.9243117495315486e-03
-2.5804854079407247e-02
-5.7581095713556865e-02
-1.0129132376564817e-01
-1.5973941353290955e-01
-2.3770800412033649e-01
-3.4237285862526257e-01
-4.8443919111665901e-01
-6.8022030623744378e-01
-9.5520915449077137e-01
-1.3506751193158864e+00
-1.9354569278166027e+00
-2.8316176591623772e+00
-4.2627386752491283e+00
-6.6611754268981231e+00
-1.0858220661436645e+01
-1.7977534277960050e+01
-2.4771793127880230e+01
0.0000000000000000e+00
2.4055929233035767e-01
0.0000000000000000e+00
0.0000000000000000e+00
];
