%Vec Object:sol 1 MPI processes
%  type: mpi
sol = [
0.0000000000000000e+00
-4.1889920597387182e+01
-2.4493600111375841e+01
-1.3100493104559916e+01
-7.6725588435603784e+00
-4.9418848955983155e+00
-3.4227982407298549e+00
-2.5015181536756832e+00
-1.9041361624273034e+00
-1.4962803317436715e+00
-1.2061908338745286e+00
-9.9232592354521043e-01
-8.3048009497910724e-01
-7.0518689403875146e-01
-6.0617702851358946e-01
-5.2659989947724484e-01
-4.6174168384476572e-01
-4.0816057462312855e-01
-3.6333553830865373e-01
-3.2553305169603475e-01
-2.9336384956842637e-01
-2.6571586691571847e-01
-2.4181687720007622e-01
-2.2102460585351272e-01
-2.0280079599935669e-01
-1.8674625661277969e-01
-1.7254260096418517e-01
-1.5990698129944525e-01
-1.4860825922358500e-01
-1.3847990460013945e-01
-1.2936434458717938e-01
-1.2111441536631738e-01
-1.1364040795465104e-01
-1.0684852947486724e-01
-1.0064458719212180e-01
-9.4972879325620735e-02
-8.9776491064887623e-02
-8.4995726935428464e-02
-8.0590410957501107e-02
-7.6526434951615846e-02
-7.2765052542062600e-02
-6.9275454640486775e-02
-6.6037321351482034e-02
-6.3025088509904126e-02
-6.0213068518878927e-02
-5.7590441450979760e-02
-5.5140210329827063e-02
-5.2841803380980663e-02
-5.0688780689177503e-02
-4.8669270903642606e-02
-4.6767081213114049e-02
-4.4977884634994018e-02
-4.3293386328971874e-02
-4.1701700349840283e-02
-4.0198738498672150e-02
-3.8779044605190494e-02
-3.7433788073818357e-02
-3.6159103082313140e-02
-3.4951479529715265e-02
-3.3804282411904647e-02
-3.2713878427876195e-02
-3.1678095700565102e-02
-3.0691892749144710e-02
-2.9751886141271663e-02
-2.8856822850489839e-02
-2.8002827151886334e-02
-2.7186781219021908e-02
-2.6408057813644109e-02
-2.5663638507407729e-02
-2.4950682314245881e-02
-2.4268981379460819e-02
-2.3616149826920899e-02
-2.2989629440687755e-02
-2.2389485152698996e-02
-2.1813798116986031e-02
-2.1260293828363436e-02
-2.0729205708964811e-02
-2.0218959098606222e-02
-1.9727560153595183e-02
-1.9255336224656545e-02
-1.8800964953533811e-02
-1.8362726889578438e-02
-1.7940990247060470e-02
-1.7534615889876523e-02
-1.7142150234526803e-02
-1.6763964615827763e-02
-1.6399050914451447e-02
-1.6046211254140984e-02
-1.5705793578392458e-02
-1.5376881219003368e-02
-1.5058520843036625e-02
-1.4751018596929484e-02
-1.4453519161648139e-02
-1.4165301977062580e-02
-1.3886619022139206e-02
-1.3616653505826285e-02
-1.3354905712592157e-02
-1.3101565277541034e-02
-1.2855836552867084e-02
-1.2617428724166725e-02
-1.2637874955907701e-02
-1.2917887105978500e-02
-1.3206971608857013e-02
-1.3505867720019587e-02
-1.3814369438208211e-02
-1.4133274077823391e-02
-1.4463308254720463e-02
-1.4804197790904999e-02
-1.5157054961090616e-02
-1.5522589752752551e-02
-1.5900448794958385e-02
-1.6292123060115262e-02
-1.6698179804940462e-02
-1.7118544294933934e-02
-1.7554792535930723e-02
-1.8007419917272414e-02
-1.8476770816446535e-02
-1.8964444659380887e-02
-1.9470882768567163e-02
-1.9996938215232487e-02
-2.0544242044883206e-02
-2.1113179518365215e-02
-2.1705221256310379e-02
-2.2322043477458194e-02
-2.2963977052935597e-02
-2.3633244055751495e-02
-2.4331513294899375e-02
-2.5059289505730178e-02
-2.5819491611742528e-02
-2.6613653296753477e-02
-2.7443169732169616e-02
-2.8311165051743303e-02
-2.9219255927100458e-02
-3.0169949087447551e-02
-3.1166647731833731e-02
-3.2211109689938601e-02
-3.3307237937280583e-02
-3.4458774658479401e-02
-3.5667850532212379e-02
-3.6939995300957408e-02
-3.8279056918747195e-02
-3.9688988073257103e-02
-4.1176128279301775e-02
-4.2744983737298396e-02
-4.4401887569197759e-02
-4.6154309971491503e-02
-4.8007728783741370e-02
-4.9971625790685634e-02
-5.2054652109259907e-02
-5.4265019962092917e-02
-5.6615155606315991e-02
-5.9115624323598084e-02
-6.1779373982759039e-02
-6.4622069042493985e-02
-6.7657485812584281e-02
-7.0905212217734992e-02
-7.4385156871529995e-02
-7.8117655860928933e-02
-8.2130157540701562e-02
-8.6449125972142188e-02
-9.1106427056911479e-02
-9.6139650972230331e-02
-1.0158622575383086e-01
-1.0749552075354314e-01
-1.1391999820153106e-01
-1.2091854859253776e-01
-1.2856125442231275e-01
-1.3692699913825174e-01
-1.4611234727310463e-01
-1.5622830779304042e-01
-1.6739809716231976e-01
-1.7977801819803110e-01
-1.9354408566214787e-01
-2.0890857043386690e-01
-2.2613059262293669e-01
-2.4551107728003563e-01
-2.6743031170946557e-01
-2.9234509236425926e-01
-3.2081768287172246e-01
-3.5356102238149412e-01
-3.9145508929856415e-01
-4.3563722813224826e-01
-4.8756241971128139e-01
-5.4905600495387952e-01
-6.2269632987454615e-01
-7.1185748794477655e-01
-8.2119206091544739e-01
-9.5721523588353929e-01
-1.1290896165808380e+00
-1.3504520559829185e+00
-1.6422300319906411e+00
-2.0366026187591504e+00
-2.5870829098480432e+00
-3.3837847497749092e+00
-4.5900735301790982e+00
-6.5077736254659975e+00
-9.6789371892475433e+00
-1.4594717016463806e+01
-1.8276356687775781e+01
0.0000000000000000e+00
2.4055929233035767e-01
0.0000000000000000e+00
0.0000000000000000e+00
];
