%Vec Object:sol 1 MPI processes
%  type: mpi
sol = [
0.0000000000000000e+00
-4.1906679767795609e+01
-2.4499040946008218e+01
-1.3101997518484248e+01
-7.6731283441572016e+00
-4.9421656719704554e+00
-3.4229514817832016e+00
-2.5016228394822746e+00
-1.9041988296859469e+00
-1.4963271258854562e+00
-1.2062267160645299e+00
-9.9234740051316173e-01
-8.3049693226448340e-01
-7.0520020163133290e-01
-6.0618759150439039e-01
-5.2660829280171351e-01
-4.6174833957340089e-01
-4.0816315262546915e-01
-3.6333726876161127e-01
-3.2553408486085877e-01
-2.9336430510767902e-01
-2.6571583925012487e-01
-2.4181644471553274e-01
-2.2102383288747510e-01
-2.0279973484774969e-01
-1.8674495105629452e-01
-1.7254108798085629e-01
-1.5990529167950432e-01
-1.4860641880333844e-01
-1.3847793570725214e-01
-1.2936226617802546e-01
-1.2111224335960803e-01
-1.1363815634286135e-01
-1.0684621031883386e-01
-1.0064221067196835e-01
-9.4970454432539611e-02
-8.9774025606510932e-02
-8.4993227600308460e-02
-8.0587883710245237e-02
-7.6523884940114584e-02
-7.2762484379438636e-02
-6.9272870943192399e-02
-6.6034740190702171e-02
-6.3022115939521062e-02
-6.0210065997816198e-02
-5.7587453519946340e-02
-5.5137237878848451e-02
-5.2838847278159462e-02
-5.0685841534382103e-02
-4.8666349173782410e-02
-4.6764177440449424e-02
-4.4974999125151439e-02
-4.3290519292695423e-02
-4.1698852068797788e-02
-4.0195909099473799e-02
-3.8776234121256678e-02
-3.7430996611897346e-02
-3.6156330656085679e-02
-3.4948726054906037e-02
-3.3801547873095146e-02
-3.2711162768455322e-02
-3.1675398759028389e-02
-3.0689214425677600e-02
-2.9749226336480986e-02
-2.8854181353277338e-02
-2.8000203805250454e-02
-2.7184175898309394e-02
-2.6405470277248523e-02
-2.5661068560814702e-02
-2.4948129818970790e-02
-2.4266446076563541e-02
-2.3613631498818458e-02
-2.2987127942088698e-02
-2.2387000216432449e-02
-2.1811329513226580e-02
-2.1257841409186261e-02
-2.0726769205259576e-02
-2.0216538276382180e-02
-1.9725154864510281e-02
-1.9252946201956674e-02
-1.8798589965194745e-02
-1.8360366787854809e-02
-1.7938644770422580e-02
-1.7532284812855969e-02
-1.7139833410149345e-02
-1.6761661789682632e-02
-1.6396761871171062e-02
-1.6043935847194341e-02
-1.5703531561656704e-02
-1.5374632389859651e-02
-1.5056285054682421e-02
-1.4748795612218315e-02
-1.4451308792718458e-02
-1.4163104076065696e-02
-1.3884433361232908e-02
-1.3614479913418173e-02
-1.3352744038861365e-02
-1.3099415304012950e-02
-1.2853698125354748e-02
-1.2615301689864767e-02
-1.2635716168988998e-02
-1.2915651554017527e-02
-1.3204656454326868e-02
-1.3503469944978324e-02
-1.3811885980376895e-02
-1.4130701678672858e-02
-1.4460643462106928e-02
-1.4801437110582957e-02
-1.5154194636823874e-02
-1.5519625820551971e-02
-1.5897377252087477e-02
-1.6288939559404629e-02
-1.6694879796829605e-02
-1.7115123132777989e-02
-1.7551245188509458e-02
-1.8003741144098973e-02
-1.8472955190574486e-02
-1.8960486335956570e-02
-1.9466775681489377e-02
-1.9992675997468432e-02
-2.0539817872733384e-02
-2.1108586332725495e-02
-2.1700451550786710e-02
-2.2317089243114416e-02
-2.2958830027396460e-02
-2.3627895343421801e-02
-2.4325953456432573e-02
-2.5053508779554031e-02
-2.5813479411733200e-02
-2.6607398472254077e-02
-2.7436660583362978e-02
-2.8304388947808075e-02
-2.9212199599983828e-02
-3.0162598424922658e-02
-3.1158987555429393e-02
-3.2203124087514017e-02
-3.3298909767432813e-02
-3.4450085549207955e-02
-3.5658781213726870e-02
-3.6930524803444956e-02
-3.8269162911046262e-02
-3.9678646803939503e-02
-4.1165313974162503e-02
-4.2733668978631310e-02
-4.4390042816341790e-02
-4.6141903225037063e-02
-4.7994726006694403e-02
-4.9957989870212195e-02
-5.2040342977764109e-02
-5.4249994632014971e-02
-5.6599367028941153e-02
-5.9099021754682200e-02
-6.1761902280268191e-02
-6.4603667847888568e-02
-6.7638089910281529e-02
-7.0884749890242654e-02
-7.4363549672797388e-02
-7.8094818265627641e-02
-8.2105994935488230e-02
-8.6423534676433225e-02
-9.1079292641802173e-02
-9.6110846384887400e-02
-1.0155561122427509e-01
-1.0746294003364114e-01
-1.1388527725603728e-01
-1.2088154837307244e-01
-1.2852079277606798e-01
-1.3688369269939277e-01
-1.4606591605280214e-01
-1.5617843448866969e-01
-1.6734442291183491e-01
-1.7972013207172333e-01
-1.9348151797720817e-01
-2.0884078105860207e-01
-2.2605695594801775e-01
-2.4543086859376864e-01
-2.6734268212630796e-01
-2.9224904449306399e-01
-3.2071203768602119e-01
-3.5344437234087323e-01
-3.9132574686382993e-01
-4.3549314649099380e-01
-4.8739823760062906e-01
-5.4887106646224115e-01
-6.2248687181943008e-01
-7.1161857780365079e-01
-8.2091736677179539e-01
-9.5689649719589254e-01
-1.1287096552170917e+00
-1.3500014506783511e+00
-1.6416879393359607e+00
-2.0359292988318156e+00
-2.5862427656011797e+00
-3.3826951556067462e+00
-4.5886178613683368e+00
-6.5057307633250394e+00
-9.6759326757506283e+00
-1.4590023185963025e+01
-1.8270030512854326e+01
0.0000000000000000e+00
2.4055929233035767e-01
0.0000000000000000e+00
0.0000000000000000e+00
];
