%Vec Object:sol 1 MPI processes
%  type: mpi
sol = [
0.0000000000000000e+00
-4.0829457991100178e+01
-2.4145729006092317e+01
-1.3000068528000529e+01
-7.6332449445222146e+00
-4.9240442914387366e+00
-3.4123887521102629e+00
-2.4949586042929104e+00
-1.9000414024670327e+00
-1.4933776824909921e+00
-1.2039693987974276e+00
-9.9079771218457946e-01
-8.2945966480874100e-01
-7.0438435544786626e-01
-6.0554385160607904e-01
-5.2610055188750382e-01
-4.6134940754814924e-01
-4.0787134820870430e-01
-3.6315223660243490e-01
-3.2543225952179938e-01
-2.9332796012985929e-01
-2.6573156596582909e-01
-2.4186558643552208e-01
-2.2109357864075477e-01
-2.0288686829012820e-01
-1.8684678076159883e-01
-1.7265534220676412e-01
-1.6003008043555983e-01
-1.4874015743580388e-01
-1.3861925632688046e-01
-1.2951000882497823e-01
-1.2126543460465811e-01
-1.1379594224727137e-01
-1.0700785824181962e-01
-1.0080709827476997e-01
-9.5138035660574868e-02
-8.9943827417151914e-02
-8.5164841827325616e-02
-8.0760953474628416e-02
-7.6698099628579888e-02
-7.2937572818295465e-02
-6.9448598556149391e-02
-6.6210880291308408e-02
-6.3198870121977335e-02
-6.0387840161010946e-02
-5.7766017468594520e-02
-5.5316363369465917e-02
-5.3018327638647493e-02
-5.0865502995947269e-02
-4.8846040651098398e-02
-4.6943757805754306e-02
-4.5154352386504282e-02
-4.3469545525514679e-02
-4.1877455910291496e-02
-4.0374012582342918e-02
-3.8953772103686064e-02
-3.7607905517836202e-02
-3.6332558193552071e-02
-3.5124231030319676e-02
-3.3976289072747606e-02
-3.2885105434128536e-02
-3.1848518343117839e-02
-3.0861485547452602e-02
-2.9920626359740257e-02
-2.9024697375634859e-02
-2.8169821711913515e-02
-2.7352881510852183e-02
-2.6573258866214044e-02
-2.5827934030066762e-02
-2.5114063934265223e-02
-2.4431449842332531e-02
-2.3777704491663866e-02
-2.3150266152518802e-02
-2.2549208652295909e-02
-2.1972611703557670e-02
-2.1418196381443495e-02
-2.0886204733327200e-02
-2.0375060570225027e-02
-1.9882765174593624e-02
-1.9409654177504444e-02
-1.8954403545325699e-02
-1.8515288882005775e-02
-1.8092686259484222e-02
-1.7685454649849663e-02
-1.7292135782086247e-02
-1.6913108342342879e-02
-1.6547362027646350e-02
-1.6193694809795357e-02
-1.5852461402757624e-02
-1.5522742590373565e-02
-1.5203581663046507e-02
-1.4895290882304436e-02
-1.4597011946057725e-02
-1.4308021894043512e-02
-1.4028578102985370e-02
-1.3757860278846240e-02
-1.3495367396236408e-02
-1.3241293807087457e-02
-1.2994840059961450e-02
-1.2755715100779099e-02
-1.2778248448337680e-02
-1.3063275541215258e-02
-1.3357536506898731e-02
-1.3661780540930342e-02
-1.3975827653103358e-02
-1.4300487665177377e-02
-1.4636500058191835e-02
-1.4983593291556255e-02
-1.5342896587602538e-02
-1.5715133338396838e-02
-1.6099952580466367e-02
-1.6498867570366428e-02
-1.6912458597712496e-02
-1.7340657112993523e-02
-1.7785063984269694e-02
-1.8246188057914253e-02
-1.8724385680329823e-02
-1.9221283273277184e-02
-1.9737336365917055e-02
-2.0273417404594905e-02
-2.0831186907513378e-02
-2.1411045230845388e-02
-2.2014491832691330e-02
-2.2643235336453262e-02
-2.3297622842124100e-02
-2.3979917275574678e-02
-2.4691822470518307e-02
-2.5433863809202283e-02
-2.6209013411923776e-02
-2.7018841274892621e-02
-2.7864777869987530e-02
-2.8750007350958867e-02
-2.9676187342499962e-02
-3.0645878914900875e-02
-3.1662553951205895e-02
-3.2728017399402169e-02
-3.3846251410603656e-02
-3.5021077385438214e-02
-3.6254683637606526e-02
-3.7552709424140553e-02
-3.8919090238847903e-02
-4.0357870074979159e-02
-4.1875518666057432e-02
-4.3476647834353510e-02
-4.5167727265030697e-02
-4.6956385343596731e-02
-4.8848230786251709e-02
-5.0852943282566739e-02
-5.2979363907731690e-02
-5.5235892490002471e-02
-5.7635216494615303e-02
-6.0188138632556468e-02
-6.2907889413011092e-02
-6.5810468651362669e-02
-6.8909964525764367e-02
-7.2226382893864988e-02
-7.5780066202209326e-02
-7.9591801965136461e-02
-8.3689623983560307e-02
-8.8100578472410845e-02
-9.2857221497436124e-02
-9.7997950592896704e-02
-1.0356101631687979e-01
-1.0959684221644665e-01
-1.1615902314364460e-01
-1.2330768094384442e-01
-1.3111761223458099e-01
-1.3966841119851256e-01
-1.4905756049381555e-01
-1.5939864117130012e-01
-1.7081775877720592e-01
-1.8347483305231116e-01
-1.9754999710564711e-01
-2.1326048218873489e-01
-2.3087145973651932e-01
-2.5067827969715595e-01
-2.7307455055744262e-01
-2.9853036448941034e-01
-3.2761961907674347e-01
-3.6106988639478921e-01
-3.9977907388537864e-01
-4.4490748457637602e-01
-4.9794321239694334e-01
-5.6081798430088292e-01
-6.3611767928757468e-01
-7.2721921820188595e-01
-8.3884772586323986e-01
-9.7769287705310548e-01
-1.1532433344215978e+00
-1.3793853301748209e+00
-1.6770142635823102e+00
-2.0797655629657790e+00
-2.6409177187045612e+00
-3.4535452339748636e+00
-4.6831615422261441e+00
-6.6382310440044963e+00
-9.8704085323345421e+00
-1.4893189345860078e+01
-1.8678278115126190e+01
0.0000000000000000e+00
2.4055929233035767e-01
0.0000000000000000e+00
0.0000000000000000e+00
];
