%Vec Object:sol 1 MPI processes
%  type: mpi
sol = [
0.0000000000000000e+00
-4.2717910588052113e+01
-2.4755911942847018e+01
-1.3174395732873904e+01
-7.7005853769085171e+00
-4.9557271989826557e+00
-3.4303688976764239e+00
-2.5065384274083682e+00
-1.9072446416228481e+00
-1.4986021600490131e+00
-1.2076842923687590e+00
-9.9340096251533383e-01
-8.3132385456644664e-01
-7.0585470914436066e-01
-6.0670803726520506e-01
-5.2696079839134879e-01
-4.6196467909635486e-01
-4.0829726074480976e-01
-3.6342958921646373e-01
-3.2559201150163314e-01
-2.9339372547159487e-01
-2.6572139943384615e-01
-2.4180200094171678e-01
-2.2099255029799861e-01
-2.0275418657514524e-01
-1.8668729131409262e-01
-1.7247313646682369e-01
-1.5982856386509753e-01
-1.4852218688227783e-01
-1.3838729545357997e-01
-1.2926448879272151e-01
-1.2100596948512206e-01
-1.1352478016035050e-01
-1.0672690222857781e-01
-1.0051795139114512e-01
-9.4842081032181461e-02
-8.9642249240726599e-02
-8.4858652786115027e-02
-8.0451028536500824e-02
-7.6385192803301735e-02
-7.2622336059328316e-02
-6.9131598829642066e-02
-6.5892604911322275e-02
-6.2879742856399343e-02
-6.0068235681230445e-02
-5.7446252941972066e-02
-5.4996713880184164e-02
-5.2699045078546315e-02
-5.0546793425811240e-02
-4.8528081270860862e-02
-4.6626718041179127e-02
-4.4838365638034096e-02
-4.3154724381737862e-02
-4.1563911452608508e-02
-4.0061831011654052e-02
-3.8643022214313615e-02
-3.7298657795310899e-02
-3.6024867307042789e-02
-3.4818135796414837e-02
-3.3671831434651300e-02
-3.2582318824854982e-02
-3.1547420932129762e-02
-3.0562099147717393e-02
-2.9622969974748243e-02
-2.8728774920902370e-02
-2.7875640795207414e-02
-2.7060451267970104e-02
-2.6282573394092765e-02
-2.5538990960870735e-02
-2.4826865640759439e-02
-2.4145983710400203e-02
-2.3493961247500222e-02
-2.2868243493209192e-02
-2.2268889448352001e-02
-2.1693982037113615e-02
-2.1141250688173161e-02
-2.0610922928382517e-02
-2.0101425768638555e-02
-1.9610769489521701e-02
-1.9139275682143894e-02
-1.8685623647201392e-02
-1.8248098000445953e-02
-1.7827061421013535e-02
-1.7421376502169832e-02
-1.7029593450582973e-02
-1.6652078374928783e-02
-1.6287825034142060e-02
-1.5935638879058078e-02
-1.5595863007545230e-02
-1.5267582848814180e-02
-1.4949847770269125e-02
-1.4642959520695621e-02
-1.4346065162506859e-02
-1.4058446070547480e-02
-1.3780350329038484e-02
-1.3510963870577420e-02
-1.3249788029818023e-02
-1.2997009097960019e-02
-1.2751834543698166e-02
-1.2513973613237458e-02
-1.2532868216023825e-02
-1.2809138966760824e-02
-1.3094343585897745e-02
-1.3389212529299935e-02
-1.3693537611883994e-02
-1.4008106575661474e-02
-1.4333636589302024e-02
-1.4669851396845046e-02
-1.5017850496072191e-02
-1.5378333734020639e-02
-1.5750945819844691e-02
-1.6137160931264702e-02
-1.6537536439113047e-02
-1.6951992845067976e-02
-1.7382087398433266e-02
-1.7828305259931593e-02
-1.8290981688451172e-02
-1.8771695718891181e-02
-1.9270877855115311e-02
-1.9789366468283817e-02
-2.0328770315006319e-02
-2.0889463139052291e-02
-2.1472893723278427e-02
-2.2080713751198907e-02
-2.2713241689068499e-02
-2.3372668701249641e-02
-2.4060637041709968e-02
-2.4777635676344886e-02
-2.5526543284476313e-02
-2.6308865964857854e-02
-2.7125972051776526e-02
-2.7980940223238559e-02
-2.8875356008937043e-02
-2.9811684901194457e-02
-3.0793278036512096e-02
-3.1821857378685481e-02
-3.2901265861412884e-02
-3.4035185503619572e-02
-3.5225703315677856e-02
-3.6478267622555710e-02
-3.7796655699115639e-02
-3.9184753113283240e-02
-4.0648801211314950e-02
-4.2193223354375017e-02
-4.3824251981186828e-02
-4.5549236355296535e-02
-4.7373555903085264e-02
-4.9306542059439282e-02
-5.1356704198133707e-02
-5.3532102809056722e-02
-5.5844949894213687e-02
-5.8305673337246088e-02
-6.0926363979606754e-02
-6.3722546044805636e-02
-6.6708107192121210e-02
-6.9902295572348325e-02
-7.3324664261519734e-02
-7.6995176330545340e-02
-8.0940800217028430e-02
-8.5187516753067780e-02
-8.9766619461322777e-02
-9.4715028298802281e-02
-1.0006948027059950e-01
-1.0587846430214796e-01
-1.1219348775066745e-01
-1.1907232221206304e-01
-1.2658688270257423e-01
-1.3481365041579810e-01
-1.4384633472414002e-01
-1.5379411951806207e-01
-1.6477818814891870e-01
-1.7695229631714587e-01
-1.9048958404431493e-01
-2.0559887492219286e-01
-2.2253510591383149e-01
-2.4159435118333605e-01
-2.6315081947002678e-01
-2.8765403606854051e-01
-3.1565737042254999e-01
-3.4786256465730342e-01
-3.8510598031642845e-01
-4.2851720530683218e-01
-4.7953571618613000e-01
-5.4002073582802557e-01
-6.1246146217471220e-01
-7.0018136094045769e-01
-8.0776434701645794e-01
-9.4149789657881533e-01
-1.1105141844790027e+00
-1.3284160202409432e+00
-1.6155545841516430e+00
-2.0036606529534189e+00
-2.5455314130037108e+00
-3.3304364521133634e+00
-4.5185099997978870e+00
-6.4076216642942869e+00
-9.5314533839323907e+00
-1.4364003087868110e+01
-1.7965292444368114e+01
0.0000000000000000e+00
2.4055929233035767e-01
0.0000000000000000e+00
0.0000000000000000e+00
];
