%Vec Object:sol 1 MPI processes
%  type: mpi
sol = [
0.0000000000000000e+00
-4.2080255690878907e+01
-2.4555285908244187e+01
-1.3117535368947257e+01
-7.6790085823249123e+00
-4.9450643343581877e+00
-3.4245332051020960e+00
-2.5027033059141801e+00
-1.9048454372506212e+00
-1.4968099096086280e+00
-1.2065969003183981e+00
-9.9256880128453073e-01
-8.3067043299305698e-01
-7.0533726948457942e-01
-6.0629633529814175e-01
-5.2669464736106208e-01
-4.6181635162884821e-01
-4.0818950442534868e-01
-3.6335490647513286e-01
-3.2554455393408527e-01
-2.9336883618808823e-01
-2.6571540323176485e-01
-2.4181184765552577e-01
-2.2101573635598654e-01
-2.0278867652649507e-01
-1.8673138107606579e-01
-1.7252538653864261e-01
-1.5988777532254192e-01
-1.4858735312685922e-01
-1.3845755025490791e-01
-1.2934075582319593e-01
-1.2108977172068029e-01
-1.1361486725725907e-01
-1.0682222734905103e-01
-1.0061763888019090e-01
-9.4945386228883419e-02
-8.9748541233961115e-02
-8.4967396333621936e-02
-8.0561765680380829e-02
-7.6497494565062302e-02
-7.2734520043089154e-02
-6.9243542357152965e-02
-6.6004235180768783e-02
-6.2990997053447531e-02
-6.0179057724146258e-02
-5.7556598057264194e-02
-5.5106544186405093e-02
-5.2808324111008074e-02
-5.0655494902390762e-02
-4.8636183836923627e-02
-4.6734198743016334e-02
-4.4945210090400409e-02
-4.3260921977047430e-02
-4.1669449269943079e-02
-4.0166702026748810e-02
-3.8747223032090473e-02
-3.7402182526914157e-02
-3.6127713643053186e-02
-3.4920305178594256e-02
-3.3773322913525937e-02
-3.2683133085888959e-02
-3.1647562636907343e-02
-3.0661570787663430e-02
-2.9721774114241227e-02
-2.8826918330338330e-02
-2.7973128325965400e-02
-2.7157286643338170e-02
-2.6378764724024926e-02
-2.5634544674528817e-02
-2.4921786144951507e-02
-2.4240279919941154e-02
-2.3587640592968421e-02
-2.2961310767442053e-02
-2.2361353998351818e-02
-2.1785851863375432e-02
-2.1232530785262004e-02
-2.0701622816421971e-02
-2.0191553694916084e-02
-1.9700330547134687e-02
-1.9228279385023340e-02
-1.8774078243986247e-02
-1.8336008628087128e-02
-1.7914437464716822e-02
-1.7508226026488646e-02
-1.7115921618664657e-02
-1.6737894360951976e-02
-1.6373136576359779e-02
-1.6020451168192517e-02
-1.5680184953357167e-02
-1.5351421756187934e-02
-1.5033208876225125e-02
-1.4725851437622658e-02
-1.4428494679312585e-02
-1.4140418494532885e-02
-1.3861873957072411e-02
-1.3592044912904824e-02
-1.3330431893185057e-02
-1.3077223756074405e-02
-1.2831625581729469e-02
-1.2593346571534353e-02
-1.2613433122311737e-02
-1.2892575946825042e-02
-1.3180758980054212e-02
-1.3478719433821517e-02
-1.3786250803690312e-02
-1.4104148180966817e-02
-1.4433135988141254e-02
-1.4772939569289824e-02
-1.5124668231320127e-02
-1.5489029608135484e-02
-1.5865669888317915e-02
-1.6256076142941320e-02
-1.6660813335568903e-02
-1.7079805630347743e-02
-1.7514624677010180e-02
-1.7965763493271940e-02
-1.8433564343330943e-02
-1.8919621918696884e-02
-1.9424375034323402e-02
-1.9948673351531415e-02
-2.0494142742056746e-02
-2.1061165798263497e-02
-2.1651208073070138e-02
-2.2265940091353461e-02
-2.2905689851007677e-02
-2.3572672250913411e-02
-2.4268549938940558e-02
-2.4993823997429731e-02
-2.5751404008236198e-02
-2.6542817257794876e-02
-2.7369452693754768e-02
-2.8234423901336715e-02
-2.9139340330459146e-02
-3.0086699144117584e-02
-3.1079891460430383e-02
-3.2120666793316342e-02
-3.3212914189674876e-02
-3.4360361889569681e-02
-3.5565130395888635e-02
-3.6832730188697281e-02
-3.8166993794412941e-02
-3.9571857805090552e-02
-4.1053638815284919e-02
-4.2616824399104594e-02
-4.4267723621192183e-02
-4.6013778816212166e-02
-4.7860444730790375e-02
-4.9817168295099294e-02
-5.1892567141722030e-02
-5.4094820400648849e-02
-5.6436308308763311e-02
-5.8927554267354694e-02
-6.1581456307890400e-02
-6.4413619769572592e-02
-6.7437765923840431e-02
-7.0673409006891050e-02
-7.4140381100649536e-02
-7.7858938618099116e-02
-8.1856426651927452e-02
-8.6159206503097996e-02
-9.0799022266610380e-02
-9.5813321580968197e-02
-1.0123938731735561e-01
-1.0712614875514086e-01
-1.1352293828306960e-01
-1.2049088713471315e-01
-1.2810287332864081e-01
-1.3643637326299124e-01
-1.4558630236057082e-01
-1.5566324648834534e-01
-1.6678995084033565e-01
-1.7912212781881726e-01
-1.9283512591888052e-01
-2.0814041711442199e-01
-2.2529615215064022e-01
-2.4460213214695573e-01
-2.6643723612469339e-01
-2.9125657621831713e-01
-3.1962035590485433e-01
-3.5223892240320170e-01
-3.8998907671473182e-01
-4.3400409296495873e-01
-4.8570006349979511e-01
-5.4695972412912475e-01
-6.2032198813006445e-01
-7.0914912891962245e-01
-8.1807784760696611e-01
-9.5360143993710189e-01
-1.1247816317345536e+00
-1.3453426699826745e+00
-1.6360826715476260e+00
-2.0289667473290645e+00
-2.5775538546933290e+00
-3.3714248383065115e+00
-4.5735581355505319e+00
-6.4845915814582247e+00
-9.6448322017926706e+00
-1.4541419533397310e+01
-1.8204517170280344e+01
0.0000000000000000e+00
2.4055929233035767e-01
0.0000000000000000e+00
0.0000000000000000e+00
];
