%Vec Object:sol 1 MPI processes
%  type: mpi
sol = [
0.0000000000000000e+00
-4.0914622909726106e+01
-2.4173931811317093e+01
-1.3008436601423604e+01
-7.6364783251894286e+00
-4.9255686475516072e+00
-3.4132860662151860e+00
-2.4954830539819137e+00
-1.9004187916188815e+00
-1.4936076334251243e+00
-1.2041451350339236e+00
-9.9093452835850071e-01
-8.2953899474869264e-01
-7.0444648805945476e-01
-6.0559262046278051e-01
-5.2613876443857643e-01
-4.6137917838101317e-01
-4.0789428354644020e-01
-3.6316956951659690e-01
-3.2544497338696476e-01
-2.9333683668791793e-01
-2.6573670822686446e-01
-2.4186029996972627e-01
-2.2108674229397537e-01
-2.0287872762409842e-01
-1.8683754117823817e-01
-1.7264517697306309e-01
-1.6001913359847034e-01
-1.4872854968988533e-01
-1.3860709174219477e-01
-1.2949737555792870e-01
-1.2125240659766459e-01
-1.1378258424113653e-01
-1.0699422569422194e-01
-1.0079323828824498e-01
-9.5123989450686217e-02
-8.9929630609073885e-02
-8.5150525149599851e-02
-8.0746543723343292e-02
-7.6683620040520775e-02
-7.2923043650738484e-02
-6.9434037575475865e-02
-6.6196302774784263e-02
-6.3184289442186112e-02
-6.0373268293110710e-02
-5.7751464457285413e-02
-5.5301837947747942e-02
-5.3003838004129354e-02
-5.0851055688912093e-02
-4.8831641277485009e-02
-4.6929411944767518e-02
-4.5140064254363205e-02
-4.3455318634338179e-02
-4.1863293912126398e-02
-4.0359918179196708e-02
-3.8939747364391625e-02
-3.7593952723075127e-02
-3.6318679025525595e-02
-3.5110426556136380e-02
-3.3962560583968661e-02
-3.2871453928679226e-02
-3.1834944190507898e-02
-3.0847989341514972e-02
-2.9907208620328675e-02
-2.9011357986781613e-02
-2.8156560764715129e-02
-2.7339699201398490e-02
-2.6560154742493219e-02
-2.5814907827040899e-02
-2.5101115625529465e-02
-2.4418578745957556e-02
-2.3764910095155762e-02
-2.3137548274972636e-02
-2.2536566457777015e-02
-2.1960044513765726e-02
-2.1405703906795283e-02
-2.0873786038375156e-02
-2.0362714872529972e-02
-1.9870492105938470e-02
-1.9397452742190464e-02
-1.8942272903877778e-02
-1.8503228616042863e-02
-1.8080695332359953e-02
-1.7673532201131201e-02
-1.7280281304548343e-02
-1.6901320783352075e-02
-1.6535640569910619e-02
-1.6182039030191209e-02
-1.5840870246211496e-02
-1.5511217953751944e-02
-1.5192125321567791e-02
-1.4883901514863752e-02
-1.4585653913291655e-02
-1.4296675087508398e-02
-1.4017244378285878e-02
-1.3746538045800163e-02
-1.3484056011515384e-02
-1.3229994991749733e-02
-1.2983555464261564e-02
-1.2744446510933123e-02
-1.2766768237865532e-02
-1.3051342680455789e-02
-1.3345157693354854e-02
-1.3648963243156171e-02
-1.3962555900245914e-02
-1.4286744629032663e-02
-1.4622267529174187e-02
-1.4968852850001308e-02
-1.5327628426625623e-02
-1.5699316556150329e-02
-1.6083566084814049e-02
-1.6481888444817142e-02
-1.6894862862868999e-02
-1.7322420289785024e-02
-1.7766159559370515e-02
-1.8226588421906102e-02
-1.8704062250343420e-02
-1.9200205259221614e-02
-1.9715471821895807e-02
-2.0250732804891529e-02
-2.0807646318480064e-02
-2.1386611492170044e-02
-2.1989125429982784e-02
-2.2616894109744289e-02
-2.3270263314250163e-02
-2.3951492632599918e-02
-2.4662283041444258e-02
-2.5403158246390806e-02
-2.6177086022609663e-02
-2.6985633407726077e-02
-2.7830227999067182e-02
-2.8714049051113348e-02
-2.9638750854159349e-02
-3.0606890048355321e-02
-3.1621932913546473e-02
-3.2685680563816245e-02
-3.3802108692063709e-02
-3.4975032240482901e-02
-3.6206634834441781e-02
-3.7502546796802774e-02
-3.8866696490523565e-02
-4.0303120472798881e-02
-4.1818277859526021e-02
-4.3416771873384941e-02
-4.5105061071684535e-02
-4.6890760948163669e-02
-4.8779469567625119e-02
-5.0780850490185638e-02
-5.2903729319465700e-02
-5.5156490611935130e-02
-5.7551800549777342e-02
-6.0100442515726042e-02
-6.2815624004068829e-02
-6.5713317518002995e-02
-6.8807585856859421e-02
-7.2118400844957353e-02
-7.5666069614270984e-02
-7.9471342945609341e-02
-8.3562206978337841e-02
-8.7965660561060671e-02
-9.2714203598358386e-02
-9.7846167921900346e-02
-1.0339973719962078e-01
-1.0942524920300954e-01
-1.1597620664548092e-01
-1.2311262792923636e-01
-1.3090918274794525e-01
-1.3944532892026557e-01
-1.4881838385427884e-01
-1.5914173653293837e-01
-1.7054127858516915e-01
-1.8317666169983582e-01
-1.9722771669104400e-01
-2.1291131227153429e-01
-2.3048814053142275e-01
-2.5025677479032943e-01
-2.7261421166042049e-01
-2.9802599020828974e-01
-3.2706506388801593e-01
-3.6045781752057399e-01
-3.9910070443438417e-01
-4.4415216609695241e-01
-4.9709793221746956e-01
-5.5986669405837786e-01
-6.3504031437815101e-01
-7.2596828124421708e-01
-8.3741047102453636e-01
-9.7602652084173747e-01
-1.1512911323171549e+00
-1.3770320159856999e+00
-1.6741866584221510e+00
-2.0762797776824495e+00
-2.6365465596186466e+00
-3.4478856520899281e+00
-4.6756179566289475e+00
-6.6276729624182140e+00
-9.8549423367343643e+00
-1.4869129135236481e+01
-1.8645905617528896e+01
0.0000000000000000e+00
2.4055929233035767e-01
0.0000000000000000e+00
0.0000000000000000e+00
];
