%Vec Object:sol 1 MPI processes
%  type: mpi
sol = [
0.0000000000000000e+00
-4.3429509004211909e+01
-2.4953422794050386e+01
-1.3215885418381930e+01
-7.7060822402125302e+00
-4.9517670506101084e+00
-3.4231835267102788e+00
-2.4982952164563352e+00
-1.8992864762988668e+00
-1.4908796918606615e+00
-1.2003180501790636e+00
-9.8654272864901305e-01
-8.2493195810924080e-01
-6.9986372508570371e-01
-6.0100390085354372e-01
-5.2160822201032320e-01
-4.5694469852497688e-01
-4.0357759532619947e-01
-3.5898249124426168e-01
-3.2139250923105050e-01
-2.8941982204995714e-01
-2.6195427954003647e-01
-2.3822448295611998e-01
-2.1758928651918530e-01
-1.9951179962849949e-01
-1.8358817408388395e-01
-1.6950455684953653e-01
-1.5698235815901618e-01
-1.4579093684431887e-01
-1.3576385694599682e-01
-1.2674394830259006e-01
-1.1858469961605714e-01
-1.1119641262925997e-01
-1.0448561574976227e-01
-9.8358690097159113e-02
-9.2759989736064183e-02
-8.7632818800618614e-02
-8.2917901437203942e-02
-7.8575212778065451e-02
-7.4570756652748593e-02
-7.0866085857084551e-02
-6.7430604732201957e-02
-6.4244018547148396e-02
-6.1280962316685769e-02
-5.8516937327302732e-02
-5.5940123812982662e-02
-5.3533605042014716e-02
-5.1277092069329351e-02
-4.9164095246016878e-02
-4.7182853077307206e-02
-4.5317425780550334e-02
-4.3563441137609578e-02
-4.1912679891524564e-02
-4.0353451783933042e-02
-3.8881660202897246e-02
-3.7491888600155468e-02
-3.6175458297717226e-02
-3.4928521480844417e-02
-3.3747581747907221e-02
-3.2626122543113985e-02
-3.1560546870703268e-02
-3.0548678159642378e-02
-2.9585567856521246e-02
-2.8667880721566646e-02
-2.7794346331173326e-02
-2.6961162497147202e-02
-2.6165266482629877e-02
-2.5406005266313290e-02
-2.4680419284590683e-02
-2.3985725778784987e-02
-2.3321685929455431e-02
-2.2685961735426037e-02
-2.2076053436652063e-02
-2.1491992263533270e-02
-2.0931899147728451e-02
-2.0393556040366027e-02
-1.9877161767459340e-02
-1.9381175621465404e-02
-1.8903656517838926e-02
-1.8444897714729170e-02
-1.8003606778359674e-02
-1.7578112047842927e-02
-1.7168749192461058e-02
-1.6774406387899333e-02
-1.6393671925111188e-02
-1.6026886926581579e-02
-1.5673069092111972e-02
-1.5331055826753521e-02
-1.5001167764555337e-02
-1.4682513445060101e-02
-1.4374167747323351e-02
-1.4076412826871963e-02
-1.3788418659381425e-02
-1.3509485519615240e-02
-1.3239844996571425e-02
-1.2978706226920163e-02
-1.2725582765774264e-02
-1.2480647651811474e-02
-1.2243132225680176e-02
-1.2012751288126284e-02
-1.2028909592885956e-02
-1.2292081588562142e-02
-1.2563778429882684e-02
-1.2844701133575812e-02
-1.3134648399363933e-02
-1.3434376466096116e-02
-1.3744573512431990e-02
-1.4064973289782842e-02
-1.4396631562178231e-02
-1.4740219949860800e-02
-1.5095396912488129e-02
-1.5463578083060956e-02
-1.5845298568338963e-02
-1.6240482412536932e-02
-1.6650624966571895e-02
-1.7076193059921141e-02
-1.7517508896830326e-02
-1.7976091214680436e-02
-1.8452350635004010e-02
-1.8947102180756643e-02
-1.9461881408459503e-02
-1.9997061646554699e-02
-2.0554029348698970e-02
-2.1134378483976420e-02
-2.1738420433806124e-02
-2.2368265174090289e-02
-2.3025497744708318e-02
-2.3710599122900376e-02
-2.4426342983418493e-02
-2.5174185855602771e-02
-2.5955183228915442e-02
-2.6772989803846976e-02
-2.7628450316647919e-02
-2.8524331338276077e-02
-2.9463537689202898e-02
-3.0447954231636251e-02
-3.1481131359760633e-02
-3.2566759977359916e-02
-3.3706870316495989e-02
-3.4906717465728751e-02
-3.6169965253130182e-02
-3.7500380404046067e-02
-3.8903995426465575e-02
-4.0385109801388874e-02
-4.1949759229369346e-02
-4.3605062417135292e-02
-4.5356256779942587e-02
-4.7212380955146280e-02
-4.9181695164314802e-02
-5.1272053713347164e-02
-5.3495315261454658e-02
-5.5861588662796828e-02
-5.8383255721988422e-02
-6.1075290813298606e-02
-6.3950899898696803e-02
-6.7028821008116191e-02
-7.0328125265651298e-02
-7.3868321786946245e-02
-7.7675701465057354e-02
-8.1775668230893744e-02
-8.6198801472552308e-02
-9.0981174206052853e-02
-9.6158780189064250e-02
-1.0177903138199759e-01
-1.0789238208645069e-01
-1.1455547429462980e-01
-1.2183876107797154e-01
-1.2981732261964019e-01
-1.3858311243785507e-01
-1.4824333647708041e-01
-1.5891716943766993e-01
-1.7075570383462266e-01
-1.8392934511545553e-01
-1.9864369357173581e-01
-2.1514983157674461e-01
-2.3373974981151649e-01
-2.5478246686361644e-01
-2.7872173754717749e-01
-3.0609152434673431e-01
-3.3758027252918216e-01
-3.7405309945494558e-01
-4.1661506456353969e-01
-4.6668469875506485e-01
-5.2610513338511189e-01
-5.9734542039784355e-01
-6.8370514508406455e-01
-7.8971257987314369e-01
-9.2159345323439812e-01
-1.0885573847708157e+00
-1.3040787214706415e+00
-1.5882934638027881e+00
-1.9731380487928478e+00
-2.5109866408437789e+00
-3.2912380560409984e+00
-4.4738128129154653e+00
-6.3569913849659372e+00
-9.4749780405073967e+00
-1.4306415729204316e+01
-1.7922990080599412e+01
0.0000000000000000e+00
2.4055929233035767e-01
0.0000000000000000e+00
0.0000000000000000e+00
];
