%Vec Object:sol 1 MPI processes
%  type: mpi
sol = [
0.0000000000000000e+00
-4.1516969804615812e+01
-2.4372076176706670e+01
-1.3066846068641370e+01
-7.6591691115551654e+00
-4.9356356908009458e+00
-3.4193920367693269e+00
-2.4991920509377539e+00
-1.9027464004557884e+00
-1.4952430638108170e+00
-1.2053958597192196e+00
-9.9185203255799914e-01
-8.3010898814582701e-01
-7.0489397705858070e-01
-6.0594490512467380e-01
-5.2641583373013245e-01
-4.6159608551836578e-01
-4.0806246172987443e-01
-3.6329761622495677e-01
-3.2551255141991020e-01
-2.9335603407527344e-01
-2.6571865799559574e-01
-2.4182854937823564e-01
-2.2104374293008613e-01
-2.0282624693080123e-01
-1.8677705783288703e-01
-1.7257793872589244e-01
-1.5994617812834022e-01
-1.4865074672312178e-01
-1.3852519169944286e-01
-1.2941201446994330e-01
-1.2116411803519243e-01
-1.1369183592632207e-01
-1.0690141862903041e-01
-1.0069871304019835e-01
-9.5028044511725918e-02
-8.9832524313174830e-02
-8.5052480341255038e-02
-8.0647755029451526e-02
-7.6584256604018505e-02
-7.2823252980395867e-02
-6.9333949159531255e-02
-6.6096028382036001e-02
-6.3083927005386897e-02
-6.0272905447903591e-02
-5.7651175196338007e-02
-5.5201686756557601e-02
-5.2903885156113016e-02
-5.0751349828353241e-02
-4.8732224282631284e-02
-4.6830325406153693e-02
-4.5041338998617307e-02
-4.3356995075046430e-02
-4.1765439059327981e-02
-4.0262357526184386e-02
-3.8842401449882200e-02
-3.7496705370498505e-02
-3.6221581172975963e-02
-3.5013520920662580e-02
-3.3865887999945395e-02
-3.2775050000860395e-02
-3.1738837380438617e-02
-3.0752207225053254e-02
-2.9811776061840590e-02
-2.8916293359320326e-02
-2.8061882142290179e-02
-2.7245423829974542e-02
-2.6466293802457380e-02
-2.5721472546999687e-02
-2.5008117794341714e-02
-2.4326024390272868e-02
-2.3672805509008112e-02
-2.3045901290151619e-02
-2.2445379399434549e-02
-2.1869320136085304e-02
-2.1315447137594874e-02
-2.0783996545748928e-02
-2.0273392898724103e-02
-1.9781640414384662e-02
-1.9309069101517352e-02
-1.8854355811356461e-02
-1.8415779187726904e-02
-1.7993709999556982e-02
-1.7587008291869589e-02
-1.7194218708789608e-02
-1.6815714996779845e-02
-1.6450488152139269e-02
-1.6097338744888688e-02
-1.5756616953914161e-02
-1.5427405128046686e-02
-1.5108748674132895e-02
-1.4800955766493899e-02
-1.4503169974117651e-02
-1.4214669833453528e-02
-1.3935709118494163e-02
-1.3665469770029273e-02
-1.3403451580357191e-02
-1.3149845724680113e-02
-1.2903855107382204e-02
-1.2665188880746286e-02
-1.2686345516085286e-02
-1.2968078623239378e-02
-1.3258947638068974e-02
-1.3559695858898942e-02
-1.3870118269900139e-02
-1.4191016583030383e-02
-1.4523121751305192e-02
-1.4866160530318280e-02
-1.5221251066668327e-02
-1.5589107999758477e-02
-1.5969378815988422e-02
-1.6363562207397538e-02
-1.6772229959541390e-02
-1.7195309503209459e-02
-1.7634385461117778e-02
-1.8089957903513771e-02
-1.8562375375880829e-02
-1.9053246666047834e-02
-1.9563018042657577e-02
-2.0092549310561297e-02
-2.0643481742099217e-02
-2.1216205858542874e-02
-2.1812202293499620e-02
-2.2433158516371225e-02
-2.3079411058929161e-02
-2.3753196172944142e-02
-2.4456194835925479e-02
-2.5188918981863179e-02
-2.5954305996874615e-02
-2.6753902192276132e-02
-2.7589115020658656e-02
-2.8463089456856678e-02
-2.9377456421619794e-02
-3.0334741532123621e-02
-3.1338371848249037e-02
-3.2390121602067334e-02
-3.3493921277419854e-02
-3.4653540591747120e-02
-3.5871130291447215e-02
-3.7152258163822130e-02
-3.8500802609563657e-02
-3.9920748077888861e-02
-4.1418479339726720e-02
-4.2998539345028369e-02
-4.4667308700601357e-02
-4.6432312601170367e-02
-4.8299074437480070e-02
-5.0277144797465298e-02
-5.2375240872679654e-02
-5.4601640168826314e-02
-5.6968859772972114e-02
-5.9487547585761136e-02
-6.2170749805913174e-02
-6.5034247546472107e-02
-6.8091925669322248e-02
-7.1363517490645595e-02
-7.4869082597627409e-02
-7.8629114199893449e-02
-8.2671264365882471e-02
-8.7022199809493328e-02
-9.1714026661121203e-02
-9.6784616082270708e-02
-1.0227168258197651e-01
-1.0822496245688404e-01
-1.1469731217155840e-01
-1.2174802450231301e-01
-1.2945087887362525e-01
-1.3788437635835801e-01
-1.4714467458779965e-01
-1.5734384798412940e-01
-1.6859972435982643e-01
-1.8107388502453414e-01
-1.9494469490884830e-01
-2.1042599936558165e-01
-2.2777882876734803e-01
-2.4730632257219284e-01
-2.6939154260865306e-01
-2.9449460307047470e-01
-3.2318182500238624e-01
-3.5617125168016461e-01
-3.9434911720825866e-01
-4.3886077794312833e-01
-4.9117534094940773e-01
-5.5319381004776769e-01
-6.2738220580143955e-01
-7.1720158457966032e-01
-8.2733574988483449e-01
-9.6434291290323870e-01
-1.1375861533884795e+00
-1.3605262189925555e+00
-1.6543467016237292e+00
-2.0516502060952559e+00
-2.6058523139959768e+00
-3.4081198964792554e+00
-4.6225711023888971e+00
-6.5533578171543958e+00
-9.7459301203542719e+00
-1.4699295716795854e+01
-1.8417261524534972e+01
0.0000000000000000e+00
2.4055929233035767e-01
0.0000000000000000e+00
0.0000000000000000e+00
];
