%Vec Object:sol 1 MPI processes
%  type: mpi
sol = [
0.0000000000000000e+00
-4.2262375579794742e+01
-2.4614096473220371e+01
-1.3133762717469814e+01
-7.6851509082865297e+00
-4.9480938562529548e+00
-3.4261874646643800e+00
-2.5038339028202716e+00
-1.9055226551290259e+00
-1.4973157590180626e+00
-1.2069121210553428e+00
-9.9280212946081836e-01
-8.3085364568813980e-01
-7.0548232812534672e-01
-6.0641170522379872e-01
-5.2678652929090819e-01
-4.6185693177352738e-01
-4.0821863053161950e-01
-3.6337480954350082e-01
-3.2555686184159932e-01
-2.9337484610103609e-01
-2.6571613911205177e-01
-2.4180816020661583e-01
-2.2100832424025479e-01
-2.0277810788442052e-01
-1.8671813183874139e-01
-1.7250985897327289e-01
-1.5987030454607204e-01
-1.4856822047004717e-01
-1.3843699906205753e-01
-1.2931899282331466e-01
-1.2106697055147358e-01
-1.1359118072953651e-01
-1.0679778688315192e-01
-1.0059255587220035e-01
-9.4919739010438514e-02
-8.9721923306564214e-02
-8.4938485708814834e-02
-8.0530921838575589e-02
-7.6465062207569059e-02
-7.2702108818689035e-02
-6.9211211802325617e-02
-6.5972005080874391e-02
-6.2958884459996062e-02
-6.0147077875675928e-02
-5.7524763026892432e-02
-5.5074864154899393e-02
-5.2776808939536811e-02
-5.0624151578297374e-02
-4.8605017990521346e-02
-4.6703216526518931e-02
-4.4914415228769447e-02
-4.3230317149663099e-02
-4.1639037864400173e-02
-4.0136485762150606e-02
-3.8717202611434673e-02
-3.7372359400558545e-02
-3.6098088252562603e-02
-3.4890876905599943e-02
-3.3744091848890122e-02
-3.2654098866058488e-02
-3.1618723767860311e-02
-3.0632926415073619e-02
-2.9693323375017459e-02
-2.8798659160849817e-02
-2.7945059225866830e-02
-2.7129406446274231e-02
-2.6351071008421885e-02
-2.5607035510658259e-02
-2.4894460192195499e-02
-2.4213134545704822e-02
-2.3560673597857969e-02
-2.2934520716573217e-02
-2.2334738150293153e-02
-2.1759407868756363e-02
-2.1206257163870361e-02
-2.0675516788812999e-02
-2.0165612851411191e-02
-1.9674553388856139e-02
-1.9202663143356551e-02
-1.8748620517088695e-02
-1.8310707911901970e-02
-1.7889291034644549e-02
-1.7483231540003835e-02
-1.7091077569925700e-02
-1.6713198091485533e-02
-1.6348585842464562e-02
-1.5996044460560261e-02
-1.5655919693813296e-02
-1.5327295829568670e-02
-1.5009220763385997e-02
-1.4701998649250203e-02
-1.4404775251710222e-02
-1.4116830891078166e-02
-1.3838415781826178e-02
-1.3568714371017509e-02
-1.3307227421590595e-02
-1.3054143053855098e-02
-1.2808667035718219e-02
-1.2570508581939919e-02
-1.2590252437009281e-02
-1.2868569161483627e-02
-1.3155895516404082e-02
-1.3452966770659250e-02
-1.3759575936809725e-02
-1.4076515992526352e-02
-1.4404509274229456e-02
-1.4743280666134218e-02
-1.5093936654035333e-02
-1.5457182632476626e-02
-1.5832664364812205e-02
-1.6221865213959907e-02
-1.6625347959964412e-02
-1.7043035713761104e-02
-1.7476495983530654e-02
-1.7926219527419900e-02
-1.8392546594884263e-02
-1.8877067374608727e-02
-1.9380218291259712e-02
-1.9902845758989339e-02
-2.0446570727175092e-02
-2.1011773243128529e-02
-2.1599914036471143e-02
-2.2212658213149196e-02
-2.2850331029226484e-02
-2.3515140557243776e-02
-2.4208743579167809e-02
-2.4931637692224763e-02
-2.5686723589639904e-02
-2.6475522463755865e-02
-2.7299417331941227e-02
-2.8161511739535017e-02
-2.9063408254978898e-02
-3.0007594931053504e-02
-3.0997451384427822e-02
-3.2034719202750903e-02
-3.3123274171664545e-02
-3.4266831251910178e-02
-3.5467501246087052e-02
-3.6730776296074817e-02
-3.8060474231027555e-02
-3.9460516307915347e-02
-4.0937197295768425e-02
-4.2494987020477999e-02
-4.4140171631955917e-02
-4.5880166928151174e-02
-4.7720405647731688e-02
-4.9670301525159041e-02
-5.1738440293094178e-02
-5.3932969547663655e-02
-5.6266225691298688e-02
-5.8748692218583531e-02
-6.1393219678432261e-02
-6.4215357088717825e-02
-6.7228773269254125e-02
-7.0452912252974315e-02
-7.3907533194875294e-02
-7.7612816586467168e-02
-8.1596009131469666e-02
-8.5883373821028924e-02
-9.0506639514416579e-02
-9.5501020982506193e-02
-1.0090471916779958e-01
-1.0676719319618343e-01
-1.1314042917978237e-01
-1.2008273628092128e-01
-1.2766668910574966e-01
-1.3596947768025877e-01
-1.4508567039656686e-01
-1.5512544972252731e-01
-1.6621111145781256e-01
-1.7849780502246521e-01
-1.9216024350186026e-01
-2.0740913692221177e-01
-2.2450171145521136e-01
-2.4373669605901291e-01
-2.6549162630182999e-01
-2.9022000731687309e-01
-3.1848007677652773e-01
-3.5097970845235238e-01
-3.8859267074413339e-01
-4.3243937369476348e-01
-4.8392598091657801e-01
-5.4496276709570357e-01
-6.1805991199273069e-01
-7.0656853557617272e-01
-8.1511017109455297e-01
-9.5015695699694791e-01
-1.1206755953238008e+00
-1.3404717566034787e+00
-1.6302207890833267e+00
-2.0216843155159241e+00
-2.5683578014421848e+00
-3.3596335607032537e+00
-4.5577975853539918e+00
-6.4624603488144130e+00
-9.6122521579695093e+00
-1.4490469519995587e+01
-1.8135823915013194e+01
0.0000000000000000e+00
2.4055929233035767e-01
0.0000000000000000e+00
0.0000000000000000e+00
];
