%Vec Object:sol 1 MPI processes
%  type: mpi
sol = [
0.0000000000000000e+00
-4.0697141214211392e+01
-2.4101809077540445e+01
-1.2987017731541000e+01
-7.6281954192022488e+00
-4.9215214683284101e+00
-3.4109895231195959e+00
-2.4941417153461267e+00
-1.8994542209608198e+00
-1.4930205609589904e+00
-1.2036968342748242e+00
-9.9058580104276539e-01
-8.2931248160337256e-01
-7.0428886014261149e-01
-6.0546904808351998e-01
-5.2604208338527303e-01
-4.6130399437240271e-01
-4.0783650038988606e-01
-3.6312604350453431e-01
-3.2541319791938028e-01
-2.9331481995340764e-01
-2.6572339101573211e-01
-2.4186977084027686e-01
-2.2110481928711406e-01
-2.0290010316346302e-01
-1.8686169362672636e-01
-1.7267166643984094e-01
-1.6004759448464800e-01
-1.4875867575189081e-01
-1.3863861901610336e-01
-1.2953008051956008e-01
-1.2128610180439554e-01
-1.1381710565879567e-01
-1.0702943286703417e-01
-1.0082901194030856e-01
-9.5160225279094277e-02
-8.9966238507090512e-02
-8.5187427409407532e-02
-8.0783672623616146e-02
-7.6720916904203587e-02
-7.2960457338106438e-02
-6.9471523254335352e-02
-6.6233821946938401e-02
-6.3221808425430279e-02
-6.0410756921722326e-02
-5.7788897488053458e-02
-5.5339193455441769e-02
-5.3041095379645478e-02
-5.0888198558260128e-02
-4.8868655630591083e-02
-4.6966283795577345e-02
-4.5176783101313754e-02
-4.3491875758819527e-02
-4.1899680204423168e-02
-4.0396126954780925e-02
-3.8975773547394760e-02
-3.7629790670621346e-02
-3.6354324618789166e-02
-3.5145877243580793e-02
-3.3997813204069194e-02
-3.2906506096984714e-02
-3.1869795109963885e-02
-3.0882637626636244e-02
-2.9941653066246791e-02
-2.9045599014574305e-02
-2.8190598254460939e-02
-2.7373532755838897e-02
-2.6593785623275561e-02
-2.5848336808628688e-02
-2.5134342863420527e-02
-2.4451606074476221e-02
-2.3797738908126972e-02
-2.3170179109888053e-02
-2.2569001530289304e-02
-2.1992285630515914e-02
-2.1437751872593194e-02
-2.0905643313004946e-02
-2.0394383519540208e-02
-1.9901973122546563e-02
-1.9428748733658106e-02
-1.8973386071655610e-02
-1.8534160093748746e-02
-1.8111447807143664e-02
-1.7704107921342201e-02
-1.7310681558035352e-02
-1.6931548287007759e-02
-1.6565697512465543e-02
-1.6211926671955614e-02
-1.5870591296992306e-02
-1.5540771839132928e-02
-1.5221511155381041e-02
-1.4913122248221293e-02
-1.4614746433715266e-02
-1.4325660442516796e-02
-1.4046122306940766e-02
-1.3775311311406560e-02
-1.3512726323752338e-02
-1.3258562166763521e-02
-1.3012018642086454e-02
-1.2772804977726522e-02
-1.2795595993673995e-02
-1.3081242383155608e-02
-1.3376170342758426e-02
-1.3681132462341889e-02
-1.3995926121914071e-02
-1.4321363148769280e-02
-1.4658184492048872e-02
-1.5006119213996728e-02
-1.5366298974054466e-02
-1.5739449175880490e-02
-1.6125219495825280e-02
-1.6525126362451563e-02
-1.6939760661737149e-02
-1.7369048341328908e-02
-1.7814555681615895e-02
-1.8276791786637141e-02
-1.8756139287849478e-02
-1.9254214735788980e-02
-1.9771495522880170e-02
-2.0308856559158879e-02
-2.0867962120043462e-02
-2.1449214472735172e-02
-2.2054116747642849e-02
-2.2684381695298760e-02
-2.3340358467071606e-02
-2.4024315194922534e-02
-2.4737960168455860e-02
-2.5481821381478448e-02
-2.6258877733590025e-02
-2.7070703833735270e-02
-2.7918734634556058e-02
-2.8806161932421349e-02
-2.9734648549396895e-02
-3.0706762463940884e-02
-3.1725984297969127e-02
-3.2794124974324587e-02
-3.3915176716264095e-02
-3.5092970995331700e-02
-3.6329703430822452e-02
-3.7631027213889640e-02
-3.9000888954719828e-02
-4.0443344238007266e-02
-4.1964879354141761e-02
-4.3570119529302460e-02
-4.5265551797605129e-02
-4.7058824644441916e-02
-4.8955563385746546e-02
-5.0965472859170753e-02
-5.3097418257189173e-02
-5.5359823210141330e-02
-5.7765408363531875e-02
-6.0325006552301060e-02
-6.3051884158925584e-02
-6.5962083572197835e-02
-6.9069732519437113e-02
-7.2394889906315596e-02
-7.5957953217460739e-02
-7.9779767209928257e-02
-8.3888439968112696e-02
-8.8311091516365417e-02
-9.3080365437942639e-02
-9.8234761653888114e-02
-1.0381263494200896e-01
-1.0986454250951339e-01
-1.1644422276799760e-01
-1.2361195872577264e-01
-1.3144274475436138e-01
-1.4001638747162737e-01
-1.4943062697525281e-01
-1.5979934352121122e-01
-1.7124897586411109e-01
-1.8393986114692087e-01
-1.9805260357967741e-01
-2.1380499908893633e-01
-2.3146289784200974e-01
-2.5133499552173366e-01
-2.7379242587283126e-01
-2.9931687740453011e-01
-3.2848434397283877e-01
-3.6202424639762004e-01
-4.0083675611477176e-01
-4.4608507426956651e-01
-4.9926097499214928e-01
-5.6230091002562854e-01
-6.3779700809813922e-01
-7.2916909796723917e-01
-8.4108780445938691e-01
-9.8028973966349131e-01
-1.1562852776401289e+00
-1.3830520737546532e+00
-1.6814192555636585e+00
-2.0851478287144380e+00
-2.6477268536550098e+00
-3.4623606780646319e+00
-4.6949096516053208e+00
-6.6546703177468887e+00
-9.8944809797100586e+00
-1.4930622379446454e+01
-1.8728634718633646e+01
0.0000000000000000e+00
2.4055929233035767e-01
0.0000000000000000e+00
0.0000000000000000e+00
];
