%Vec Object:sol 1 MPI processes
%  type: mpi
sol = [
0.0000000000000000e+00
-4.1403583305803814e+01
-2.4334971948846182e+01
-1.3056135187362676e+01
-7.6549207090902298e+00
-4.9337470461417086e+00
-3.4183653653299437e+00
-2.4984910932498612e+00
-1.9023293011477207e+00
-1.4949318903013069e+00
-1.2051575124657476e+00
-9.9171113382821030e-01
-8.2999882912180367e-01
-7.0480720766865101e-01
-6.0587632426947502e-01
-5.2636163182139406e-01
-4.6155339281027036e-01
-4.0802909776190027e-01
-3.6327208555199536e-01
-3.2550771109917037e-01
-2.9335494022475539e-01
-2.6572069440144913e-01
-2.4183320422566054e-01
-2.2105059613328032e-01
-2.0283495712409480e-01
-1.8678733925847424e-01
-1.7258955008643714e-01
-1.5995891859536007e-01
-1.4866444784892413e-01
-1.3853970800367241e-01
-1.2942722252784872e-01
-1.2117991423719665e-01
-1.1370812931704258e-01
-1.0691813112140876e-01
-1.0071577829946231e-01
-9.5045404277203940e-02
-8.9850128075915511e-02
-8.5070284507471644e-02
-8.0665721450182762e-02
-7.6602352036367852e-02
-7.2841448409260795e-02
-6.9352219079872990e-02
-6.6114350680754913e-02
-6.3102282277078939e-02
-6.0291276334427886e-02
-5.7669546930436653e-02
-5.5220046428457424e-02
-5.2922220751887517e-02
-5.0769651523917450e-02
-4.8750483577720334e-02
-4.6848533714928184e-02
-4.5059490744705659e-02
-4.3375071004542499e-02
-4.1783393955594932e-02
-4.0280382267308706e-02
-3.8860588217287745e-02
-3.7515184143430705e-02
-3.6240311454520849e-02
-3.5032467902123859e-02
-3.3884955897192176e-02
-3.2793990210452727e-02
-3.1757640601396339e-02
-3.0770874503395031e-02
-2.9830308415892442e-02
-2.8934692569428457e-02
-2.8080149586570749e-02
-2.7263560640566314e-02
-2.6484301914162640e-02
-2.5739353547500895e-02
-2.5025872864031223e-02
-2.4343655539218766e-02
-2.3690314444550963e-02
-2.3063289202656774e-02
-2.2462648320233664e-02
-2.1886471825130198e-02
-2.1332482773800801e-02
-2.0800918145236574e-02
-2.0290202224179602e-02
-1.9798338623881695e-02
-1.9325658171670736e-02
-1.8870837469931533e-02
-1.8432154569325718e-02
-1.8009981025566269e-02
-1.7603176626977076e-02
-1.7210285466696860e-02
-1.6831682033910902e-02
-1.6466357048708621e-02
-1.6113110598522083e-02
-1.5772293550575637e-02
-1.5442987947651842e-02
-1.5124238805313722e-02
-1.4816354922184902e-02
-1.4518479521885747e-02
-1.4229890860252685e-02
-1.3950843263720267e-02
-1.3680518279967253e-02
-1.3418415547976952e-02
-1.3164726716750709e-02
-1.2918654242534586e-02
-1.2679907266140227e-02
-1.2701281717399520e-02
-1.2983544003581211e-02
-1.3274961717637177e-02
-1.3576279400488922e-02
-1.3887292335947219e-02
-1.4208803587514389e-02
-1.4541545440679612e-02
-1.4885244934170493e-02
-1.5241022019632565e-02
-1.5609592765023978e-02
-1.5990604915771620e-02
-1.6385559537216810e-02
-1.6795029804522684e-02
-1.7218943809754174e-02
-1.7658888823975337e-02
-1.8115366352800571e-02
-1.8588726218888626e-02
-1.9080580086319437e-02
-1.9591375739583531e-02
-2.0121975049488941e-02
-2.0674022429210671e-02
-2.1247910011250731e-02
-2.1845121503110906e-02
-2.2467347828226604e-02
-2.3114927251198771e-02
-2.3790100377761123e-02
-2.4494551919683385e-02
-2.5228796015195263e-02
-2.5995775719929479e-02
-2.6797041218106794e-02
-2.7634003727940892e-02
-2.8509814622187442e-02
-2.9426109190390969e-02
-3.0385418844485337e-02
-3.1391177967167089e-02
-3.2445165817967553e-02
-3.3551321322458673e-02
-3.4713422645341246e-02
-3.5933626683166728e-02
-3.7217512899251716e-02
-3.8568969031651384e-02
-3.9991989269249309e-02
-4.1492972268667556e-02
-4.3076472247631017e-02
-4.4748884378040824e-02
-4.6517750725485266e-02
-4.8388608644547325e-02
-5.0371029829414042e-02
-5.2473751734540983e-02
-5.4705071880806797e-02
-5.7077535215172719e-02
-5.9601814968961095e-02
-6.2290987492570261e-02
-6.5160869672506616e-02
-6.8225379647143647e-02
-7.1504295316545105e-02
-7.5017722547703558e-02
-7.8786202730530844e-02
-8.2837450387106396e-02
-8.7198194350833050e-02
-9.1900614394414798e-02
-9.6982667831569058e-02
-1.0248215694025581e-01
-1.0844893051349815e-01
-1.1493596591392753e-01
-1.2200269168156282e-01
-1.2972305379664958e-01
-1.3817573237107136e-01
-1.4745710238513091e-01
-1.5767945735615108e-01
-1.6896748165484471e-01
-1.8147168364110433e-01
-1.9537461568956338e-01
-2.1089174368030894e-01
-2.2828468308656924e-01
-2.4785725150805132e-01
-2.6999336041619154e-01
-2.9515413983842381e-01
-3.2390715296674383e-01
-3.5697200550794073e-01
-3.9523684611166482e-01
-4.3984948303271909e-01
-4.9228213870505705e-01
-5.5444615678894571e-01
-6.2881924331162498e-01
-7.1884020176853858e-01
-8.2921919041148717e-01
-9.6652756562124842e-01
-1.1401601412940425e+00
-1.3636131755368404e+00
-1.6580581815867497e+00
-2.0562583081914378e+00
-2.6115973597334055e+00
-3.4155653369377532e+00
-4.6325081043771599e+00
-6.5672870719052447e+00
-9.7663813260427705e+00
-1.4731188125531938e+01
-1.8460214013599145e+01
0.0000000000000000e+00
2.4055929233035767e-01
0.0000000000000000e+00
0.0000000000000000e+00
];
