%Vec Object:sol 1 MPI processes
%  type: mpi
sol = [
0.0000000000000000e+00
-4.1239029926915244e+01
-2.4280951549543936e+01
-1.3040158224149422e+01
-7.6487466680622402e+00
-4.9310107071937859e+00
-3.4167068989194931e+00
-2.4974840809542278e+00
-1.9017331060381555e+00
-1.4944878654600118e+00
-1.2048180295005975e+00
-9.9145861173715155e-01
-8.2984439774347962e-01
-7.0468598026583862e-01
-6.0578090409291019e-01
-5.2628660229601953e-01
-4.6149467419956247e-01
-4.0798359117933830e-01
-3.6323741210495875e-01
-3.2549511681864057e-01
-2.9335569427358360e-01
-2.6572580014370428e-01
-2.4184194361886258e-01
-2.2106238008579523e-01
-2.0284930727878911e-01
-1.8680385536505417e-01
-1.7260789435441504e-01
-1.5997881011359602e-01
-1.4868565117985555e-01
-1.3856201996632206e-01
-1.2945047091328682e-01
-1.2120395460371920e-01
-1.1373283501626141e-01
-1.0694339357398244e-01
-1.0074150530381429e-01
-9.5071515009688537e-02
-8.9876552584916641e-02
-8.5096962461455233e-02
-8.0692600153666319e-02
-7.6629385690742985e-02
-7.2868597079071215e-02
-6.9379447710020387e-02
-6.6141629010746564e-02
-6.3129583795246663e-02
-6.0318577319374810e-02
-5.7696827352728068e-02
-5.5247288834141622e-02
-5.2949408828561036e-02
-5.0796772107528400e-02
-4.8777525336042571e-02
-4.6875485468695667e-02
-4.5086343901301326e-02
-4.3401818347205280e-02
-4.1810028076493456e-02
-4.0306897570232064e-02
-3.8886980330862013e-02
-3.7541448351488753e-02
-3.6266444118842077e-02
-3.5058465572784983e-02
-3.3910878812440995e-02
-3.2820055468210166e-02
-3.1783830783608087e-02
-3.0797163543593537e-02
-2.9856672690530016e-02
-2.8961111739150960e-02
-2.8106604646222926e-02
-2.7290038553816145e-02
-2.6510772932991620e-02
-2.5765654652028947e-02
-2.5051983807496750e-02
-2.4369579518801348e-02
-2.3716054195999085e-02
-2.3088846686392710e-02
-2.2488026724116178e-02
-2.1911673925165794e-02
-2.1357510479590103e-02
-2.0825774589544280e-02
-2.0314890156959937e-02
-1.9822859896648164e-02
-1.9350015832502950e-02
-1.8895034192886784e-02
-1.8456192149055431e-02
-1.8033862407178785e-02
-1.7626904371628033e-02
-1.7233861319927126e-02
-1.6855108827363168e-02
-1.6489637202754287e-02
-1.6136245819797640e-02
-1.5795286552254727e-02
-1.5465840988885531e-02
-1.5146953566768272e-02
-1.4838933997225313e-02
-1.4540924993092981e-02
-1.4252204395035174e-02
-1.3973027336911142e-02
-1.3702574786357745e-02
-1.3440346154636270e-02
-1.3186533782947643e-02
-1.2940339467492920e-02
-1.2701472329902356e-02
-1.2723164091843960e-02
-1.3006199797612639e-02
-1.3298419432972733e-02
-1.3600569354499607e-02
-1.3912445279272288e-02
-1.4234852245545826e-02
-1.4568524484980869e-02
-1.4913189444653774e-02
-1.5269969714109365e-02
-1.5639583446917633e-02
-1.6021678760726112e-02
-1.6417760189539752e-02
-1.6828402935671040e-02
-1.7253536051497830e-02
-1.7694750677605973e-02
-1.8152550412232699e-02
-1.8627286938797991e-02
-1.9120576122370954e-02
-1.9632867956207608e-02
-2.0165027324702677e-02
-2.0718703226850637e-02
-2.1294290141609214e-02
-2.1893276262800441e-02
-2.2517357555221815e-02
-2.3166874805649541e-02
-2.3844074976033976e-02
-2.4550648226325342e-02
-2.5287111903905195e-02
-2.6056417341214149e-02
-2.6860120369856390e-02
-2.7699637697463152e-02
-2.8578130034233831e-02
-2.9497239038049430e-02
-3.0459504572994279e-02
-3.1468371705984648e-02
-3.2525627022887624e-02
-3.3635221765302051e-02
-3.4800946419265351e-02
-3.6024966842506098e-02
-3.7312879534183371e-02
-3.8668585846410204e-02
-4.0096094167364919e-02
-4.1601823408428933e-02
-4.3190344212281379e-02
-4.4868072990268633e-02
-4.6642576411402785e-02
-4.8519412181269796e-02
-5.0508182774942359e-02
-5.2617655188644336e-02
-5.4856156116730483e-02
-5.7236271131202943e-02
-5.9768710384863609e-02
-6.2466594182173117e-02
-6.5345791563186012e-02
-6.8420269160793495e-02
-7.1709869869490614e-02
-7.5234767019404125e-02
-7.9015572195383757e-02
-8.3080090961080655e-02
-8.7455142671092126e-02
-9.2173014416570179e-02
-9.7271789060876426e-02
-1.0278939675641491e-01
-1.0877585022456715e-01
-1.1528430296961768e-01
-1.2237438131412488e-01
-1.3012027389220382e-01
-1.3860092160604420e-01
-1.4791301545764315e-01
-1.5816921632132241e-01
-1.6949460478643621e-01
-1.8204781660281891e-01
-1.9600194257702577e-01
-2.1157130484529349e-01
-2.2902272484075514e-01
-2.4866100781978373e-01
-2.7087130266013815e-01
-2.9611621865439036e-01
-3.2496512764000757e-01
-3.5813991015345176e-01
-3.9653150197906556e-01
-4.4129128031057435e-01
-4.9389600177732940e-01
-5.5626283421812894e-01
-6.3091458873505590e-01
-7.2122926847726898e-01
-8.3196494152713119e-01
-9.6971208948237853e-01
-1.1438923741280014e+00
-1.3681127618424886e+00
-1.6634674731907206e+00
-2.0629741013606995e+00
-2.6199685157569261e+00
-3.4264124526763182e+00
-4.6469815254140761e+00
-6.5875691104779213e+00
-9.7961453031868579e+00
-1.4777578835253063e+01
-1.8522680369673772e+01
0.0000000000000000e+00
2.4055929233035767e-01
0.0000000000000000e+00
0.0000000000000000e+00
];
