%Vec Object:sol 1 MPI processes
%  type: mpi
sol = [
0.0000000000000000e+00
-4.2211184669391486e+01
-2.4597589134984311e+01
-1.3129207993818419e+01
-7.6834261463574398e+00
-4.9472426933462339e+00
-3.4257223363278264e+00
-2.5035158122454053e+00
-1.9053318603805558e+00
-1.4971731087591000e+00
-1.2068270144318876e+00
-9.9273607222889593e-01
-8.3080173775236454e-01
-7.0544119223543011e-01
-6.0637895172642131e-01
-5.2676040822838699e-01
-4.6184529734710222e-01
-4.0821018224667632e-01
-3.6336897390338468e-01
-3.2555317850076843e-01
-2.9337294823218513e-01
-2.6571573713188623e-01
-2.4180901351660747e-01
-2.2101023521953397e-01
-2.0278091580977420e-01
-1.8672170205072008e-01
-1.7251407763059839e-01
-1.5987507679131785e-01
-1.4857346665399696e-01
-1.3844265026722913e-01
-1.2932499048462201e-01
-1.2107326546965888e-01
-1.1359772958490499e-01
-1.0680455240081205e-01
-1.0059950666795661e-01
-9.4926867226329120e-02
-8.9729696747966353e-02
-8.4947526050375158e-02
-8.0539965816883649e-02
-7.6474100776699139e-02
-7.2711134167582347e-02
-6.9220217148252092e-02
-6.5980984735756018e-02
-6.2967833513611779e-02
-6.0155991938809578e-02
-5.7533638598963412e-02
-5.5083698273883069e-02
-5.2785598745875163e-02
-5.0632895017647769e-02
-4.8613713394935698e-02
-4.6711862092865090e-02
-4.4923009834148216e-02
-4.3238859968656278e-02
-4.1647527881504900e-02
-4.0144922430645033e-02
-3.8725585672260338e-02
-3.7380688391574830e-02
-3.6106362996254096e-02
-3.4899097523267981e-02
-3.3752258267976142e-02
-3.2662211143582649e-02
-3.1626782278695302e-02
-3.0640931358612358e-02
-2.9701274955435300e-02
-2.8806557919330147e-02
-2.7952905548675879e-02
-2.7137200628389525e-02
-2.6358813696816630e-02
-2.5614727216790409e-02
-2.4902101264606655e-02
-2.4220725695032950e-02
-2.3568215415201561e-02
-2.2942013580770883e-02
-2.2342182806241770e-02
-2.1766804953005370e-02
-2.1213607071155067e-02
-2.0682820277838295e-02
-2.0172870578506738e-02
-1.9681765756653005e-02
-1.9209830910160035e-02
-1.8755744339486537e-02
-1.8317788196188425e-02
-1.7896328529030229e-02
-1.7490226886538840e-02
-1.7098031177267527e-02
-1.6720110691211695e-02
-1.6355458050713881e-02
-1.6002876688539357e-02
-1.5662712652214559e-02
-1.5334050100035208e-02
-1.5015936761224017e-02
-1.4708677061635769e-02
-1.4411416619155489e-02
-1.4123435634935315e-02
-1.3844984564299325e-02
-1.3575247686432158e-02
-1.3313725699702683e-02
-1.3060606931268405e-02
-1.2815096956820340e-02
-1.2576904987635907e-02
-1.2596745071689699e-02
-1.2875293429077275e-02
-1.3162859995231622e-02
-1.3460180583918709e-02
-1.3767048343816878e-02
-1.4084256845366612e-02
-1.4412529010120308e-02
-1.4751589852040300e-02
-1.5102546648020243e-02
-1.5466105420862495e-02
-1.5841912054092144e-02
-1.6231450950411532e-02
-1.6635285502696637e-02
-1.7053339118105033e-02
-1.7487180466300781e-02
-1.7937300939780219e-02
-1.8404041353795229e-02
-1.8888993160047090e-02
-1.9392593454418638e-02
-1.9915689562432105e-02
-2.0459903814374476e-02
-2.1025616972416381e-02
-2.1614291119551321e-02
-2.2227592882183636e-02
-2.2865848286687546e-02
-2.3531267320753974e-02
-2.4225508412527179e-02
-2.4949070138219908e-02
-2.5704855684765656e-02
-2.6494387955122562e-02
-2.7319051631504693e-02
-2.8181953076290827e-02
-2.9084696789829029e-02
-3.0029773381749583e-02
-3.1020565696244281e-02
-3.2058817546405396e-02
-3.3148408439289255e-02
-3.4293057062448902e-02
-3.5494876942099074e-02
-3.6759365365965233e-02
-3.8090344288600531e-02
-3.9491739271529568e-02
-4.0969851208733178e-02
-4.2529154908166007e-02
-4.4175942951018184e-02
-4.5917638582812240e-02
-4.7759680720236342e-02
-4.9711492413852830e-02
-5.1781668349726452e-02
-5.3978364975267992e-02
-5.6313930994792864e-02
-5.8798861103974268e-02
-6.1446019178387282e-02
-6.4270970042381234e-02
-6.7287397238052257e-02
-7.0514764500376220e-02
-7.3972851454127700e-02
-7.7681859894048064e-02
-8.1669064137154579e-02
-8.5960755038430620e-02
-9.0588593172697462e-02
-9.5589852686126783e-02
-1.0099936779792881e-01
-1.0686790622464351e-01
-1.1324774213291677e-01
-1.2019724565144445e-01
-1.2778906618511482e-01
-1.3610047414764923e-01
-1.4522613534432521e-01
-1.5527634547967958e-01
-1.6637352650392370e-01
-1.7867298586916330e-01
-1.9234961502706990e-01
-2.0761433788966460e-01
-2.2472464016366947e-01
-2.4397955177429861e-01
-2.6575698540608966e-01
-2.9051089728950652e-01
-3.1880007691051332e-01
-3.5133309234635668e-01
-3.8898456321879349e-01
-4.3288401415991756e-01
-4.8442384286219198e-01
-5.4552319268178262e-01
-6.1869476062881290e-01
-7.0729279771436837e-01
-8.1594309509458884e-01
-9.5112390533021152e-01
-1.1218280874241660e+00
-1.3418390480587263e+00
-1.6318663851625803e+00
-2.0237287836613054e+00
-2.5709470523134650e+00
-3.3629445068478265e+00
-4.5622239684397572e+00
-6.4686772489124014e+00
-9.6214067621183634e+00
-1.4504789786409669e+01
-1.8155133107999220e+01
0.0000000000000000e+00
2.4055929233035767e-01
0.0000000000000000e+00
0.0000000000000000e+00
];
