%Vec Object:sol 1 MPI processes
%  type: mpi
sol = [
0.0000000000000000e+00
-4.2886790971471051e+01
-2.4807539446447301e+01
-1.3188966256423477e+01
-7.7059307389719649e+00
-4.9582490044015177e+00
-3.4316591773306686e+00
-2.5072039597994782e+00
-1.9076869943285348e+00
-1.4989038091533782e+00
-1.2078141760894237e+00
-9.9348106434085870e-01
-8.3136866746664095e-01
-7.0587395608171988e-01
-6.0668768901953285e-01
-5.2691373358018845e-01
-4.6191143491669523e-01
-4.0823957850414139e-01
-3.6336875250375178e-01
-3.2552899881995856e-01
-2.9332927675412918e-01
-2.6565607140569764e-01
-2.4173622693327101e-01
-2.2092666311663908e-01
-2.0268844047330664e-01
-1.8662188305902430e-01
-1.7240821692063407e-01
-1.5976425006737030e-01
-1.4845788426648973e-01
-1.3831868597026462e-01
-1.2919427252965346e-01
-1.2093712835644246e-01
-1.1345728323336625e-01
-1.0666071595759237e-01
-1.0045304458094648e-01
-9.4778418506984957e-02
-8.9579794618632302e-02
-8.4797372610293076e-02
-8.0390888483515027e-02
-7.6326157218745153e-02
-7.2564371901615798e-02
-6.9074674576818554e-02
-6.5836687180267736e-02
-6.2824800248189538e-02
-6.0014240113178692e-02
-5.7393173865861340e-02
-5.4944522019290121e-02
-5.2647715844116649e-02
-5.0496299194620682e-02
-4.8478395313920793e-02
-4.6577818442400873e-02
-4.4790227866042746e-02
-4.3107324441149959e-02
-4.1517229305922373e-02
-4.0015845222723327e-02
-3.8597711279371991e-02
-3.7254003436103307e-02
-3.5980850806389644e-02
-3.4774737883939331e-02
-3.3629035452958742e-02
-3.2540108415724814e-02
-3.1505778808964040e-02
-3.0521010138563693e-02
-2.9582419750767398e-02
-2.8688747949017015e-02
-2.7836123260068468e-02
-2.7021430576414977e-02
-2.6244035559695799e-02
-2.5500923404056502e-02
-2.4789257251286279e-02
-2.4108821865335799e-02
-2.3457234493746253e-02
-2.2831941983162348e-02
-2.2233001761800406e-02
-2.1658497750479632e-02
-2.1106161027154124e-02
-2.0576217534975780e-02
-2.0067095162262034e-02
-1.9576805805398126e-02
-1.9105669502006185e-02
-1.8652366357077687e-02
-1.8215182505135420e-02
-1.7794479135305435e-02
-1.7389119610665651e-02
-1.6997655506669474e-02
-1.6620451533524049e-02
-1.6256502218282301e-02
-1.5904614187604547e-02
-1.5565129254401185e-02
-1.5237133641611427e-02
-1.4919677663835134e-02
-1.4613061917097148e-02
-1.4316434306315856e-02
-1.4029076896275215e-02
-1.3751236764920211e-02
-1.3482100755464754e-02
-1.3221170612030307e-02
-1.2968631777476095e-02
-1.2723692715308781e-02
-1.2486062781502178e-02
-1.2504621327453311e-02
-1.2779969458946824e-02
-1.3064218566780517e-02
-1.3358096955996787e-02
-1.3661396148983226e-02
-1.3974901556822255e-02
-1.4299328083561210e-02
-1.4634399253321027e-02
-1.4981211424209049e-02
-1.5340462061610247e-02
-1.5711795747925784e-02
-1.6096682516267322e-02
-1.6495677505098897e-02
-1.6908700382768455e-02
-1.7337303831963236e-02
-1.7781970777072761e-02
-1.8243034559437519e-02
-1.8722069333590715e-02
-1.9219503311186305e-02
-1.9736171572270148e-02
-2.0273677631785315e-02
-2.0832392875037953e-02
-2.1413761057015129e-02
-2.2019428193939056e-02
-2.2649710301409279e-02
-2.3306791331383098e-02
-2.3992307536624787e-02
-2.4706744733913891e-02
-2.5452972203310591e-02
-2.6232490005217289e-02
-2.7046660691874821e-02
-2.7898552503895453e-02
-2.8789744282436178e-02
-2.9722692366435460e-02
-3.0700736107519867e-02
-3.1725589928559651e-02
-3.2801083246711132e-02
-3.3930884767879359e-02
-3.5117072135438916e-02
-3.6365073380296070e-02
-3.7678655706193089e-02
-3.9061687162893877e-02
-4.0520386134257708e-02
-4.2059163975446470e-02
-4.3684226211442780e-02
-4.5402903576224070e-02
-4.7220530612075963e-02
-4.9146356677103722e-02
-5.1188311532636623e-02
-5.3354924484240673e-02
-5.5658397717812128e-02
-5.8109064442141575e-02
-6.0719596569162121e-02
-6.3505331357943812e-02
-6.6479738220340090e-02
-6.9661996045914054e-02
-7.3071586825879262e-02
-7.6728400478168077e-02
-8.0659309041849717e-02
-8.4890199153324755e-02
-8.9452252144568561e-02
-9.4382256526022307e-02
-9.9716817464837612e-02
-1.0550425275414078e-01
-1.1179588765355893e-01
-1.1864929019697963e-01
-1.2613612435503552e-01
-1.3433260443522904e-01
-1.4333211540912011e-01
-1.5324346515664886e-01
-1.6418742148428736e-01
-1.7631721701331632e-01
-1.8980540603930801e-01
-2.0486011075230148e-01
-2.2173541798989682e-01
-2.4072642272812289e-01
-2.6220610551849538e-01
-2.8662253009328104e-01
-3.1452728190192958e-01
-3.4660629380138680e-01
-3.8371120253175794e-01
-4.2697083019396953e-01
-4.7781282324010865e-01
-5.3809070392983660e-01
-6.1028614534082981e-01
-6.9771274202523725e-01
-8.0494101958449860e-01
-9.3819000899088489e-01
-1.1066606973063740e+00
-1.3238734014927136e+00
-1.6100454463768938e+00
-1.9969712433770812e+00
-2.5371311156747169e+00
-3.3197059973336414e+00
-4.5042300056602151e+00
-6.3880058624943352e+00
-9.5026933912882008e+00
-1.4319807051631045e+01
-1.7906356502458415e+01
0.0000000000000000e+00
2.4055929233035767e-01
0.0000000000000000e+00
0.0000000000000000e+00
];
