%Vec Object:sol 1 MPI processes
%  type: mpi
sol = [
0.0000000000000000e+00
-4.2162934995010019e+01
-2.4582011681322889e+01
-1.3124910846213087e+01
-7.6817996010624636e+00
-4.9464403354034205e+00
-3.4252841018327986e+00
-2.5032162149989312e+00
-1.9051523081024468e+00
-1.4970389269307063e+00
-1.2067470905378734e+00
-9.9267408555290348e-01
-8.3075307125147912e-01
-7.0540266396315443e-01
-6.0634831039365256e-01
-5.2673600527747633e-01
-4.6183454607177615e-01
-4.0820242177903049e-01
-3.6336366464903469e-01
-3.2554988744011776e-01
-2.9337133039913588e-01
-2.6571552025887235e-01
-2.4180997146366476e-01
-2.2101218229762112e-01
-2.0278370103884114e-01
-1.8672519897633397e-01
-1.7251817938813507e-01
-1.5987969436505292e-01
-1.4857852532356727e-01
-1.3844808541083770e-01
-1.2933074720965024e-01
-1.2107929767412447e-01
-1.1360399670168266e-01
-1.0681101955738298e-01
-1.0060614420666611e-01
-9.4933649026415240e-02
-8.9736599993531466e-02
-8.4955381400390675e-02
-8.0548568280786409e-02
-7.6482695758345806e-02
-7.2719714389136950e-02
-6.9228776298811606e-02
-6.5989517540025661e-02
-6.2976335425109026e-02
-6.0164458895402256e-02
-5.7542067379966096e-02
-5.5092086162727941e-02
-5.2793943113534719e-02
-5.0641193998053648e-02
-4.8621965483321553e-02
-4.6720065648211136e-02
-4.4931163859441577e-02
-4.3246963745060624e-02
-4.1655580503904076e-02
-4.0152923436615258e-02
-3.8733534869283999e-02
-3.7388585390092446e-02
-3.6114207674427266e-02
-3.4906890040494382e-02
-3.3759998596420246e-02
-3.2669899376157184e-02
-3.1634418808039327e-02
-3.0648516408345820e-02
-2.9708808751822177e-02
-2.8814041006771918e-02
-2.7960338322684096e-02
-2.7144583396255695e-02
-2.6366147098368931e-02
-2.5622011761815743e-02
-2.4909337307042069e-02
-2.4227913931044016e-02
-2.3575356426368804e-02
-2.2949107746345395e-02
-2.2349230851522954e-02
-2.1773807499566301e-02
-2.1220564510496580e-02
-2.0689733345543901e-02
-2.0179739912319819e-02
-1.9688591753180374e-02
-1.9216614302275743e-02
-1.8762485762993199e-02
-1.8324488049185055e-02
-1.7902987532849586e-02
-1.7496845661364151e-02
-1.7104610121762311e-02
-1.6726650509265143e-02
-1.6361959336409299e-02
-1.6009339841511747e-02
-1.5669138355147834e-02
-1.5340438913022765e-02
-1.5022289086542750e-02
-1.4714993558472902e-02
-1.4417697807528187e-02
-1.4129681921774984e-02
-1.3851196584091712e-02
-1.3581425914502487e-02
-1.3319870549998490e-02
-1.3066719013133287e-02
-1.2821176697480129e-02
-1.2582952810777773e-02
-1.2602883653234904e-02
-1.2881650782050344e-02
-1.3169444217952077e-02
-1.3467000289272920e-02
-1.3774112272657912e-02
-1.4091574298323422e-02
-1.4420109840319488e-02
-1.4759444034448763e-02
-1.5110684904751388e-02
-1.5474539067136840e-02
-1.5850652517812869e-02
-1.6240510641559083e-02
-1.6644677409583888e-02
-1.7063076508057502e-02
-1.7497277703505992e-02
-1.7947772986933279e-02
-1.8414903707257530e-02
-1.8900262508754196e-02
-1.9404287120452755e-02
-1.9927825727953749e-02
-2.0472501965260410e-02
-2.1038697268723157e-02
-2.1627874998844575e-02
-2.2241703217318425e-02
-2.2880508676839183e-02
-2.3546503173157114e-02
-2.4241346688112037e-02
-2.4965538721183528e-02
-2.5721984813570891e-02
-2.6512209482475579e-02
-2.7337598981007294e-02
-2.8201262330807119e-02
-2.9104805855126707e-02
-3.0050722576774231e-02
-3.1042398386416828e-02
-3.2081579196924580e-02
-3.3172148028034136e-02
-3.4317827084858692e-02
-3.5520732463423563e-02
-3.6786366308981008e-02
-3.8118554469464563e-02
-3.9521226568821365e-02
-4.1000689282542802e-02
-4.2561422120399338e-02
-4.4209723733921465e-02
-4.5953024398389157e-02
-4.7796768861111442e-02
-4.9750388966527677e-02
-5.1822487851772431e-02
-5.4021230318623367e-02
-5.6358976684032176e-02
-5.8846232216536419e-02
-6.1495873371781515e-02
-6.4323479894899074e-02
-6.7342749226285414e-02
-7.0573163699764005e-02
-7.4034522279807127e-02
-7.7747046844980086e-02
-8.1738037796626986e-02
-8.6033811937337473e-02
-9.0666060722919370e-02
-9.5672171060062358e-02
-1.0108872635580429e-01
-1.0696298807241755e-01
-1.1334905267378903e-01
-1.2030534782807718e-01
-1.2790459353662151e-01
-1.3622413608453038e-01
-1.4535873321990980e-01
-1.5541878752663638e-01
-1.6652684002497842e-01
-1.7883834733346310e-01
-1.9252836926695091e-01
-2.0780803163402617e-01
-2.2493506513494252e-01
-2.4420878380955272e-01
-2.6600745635341072e-01
-2.9078546486611773e-01
-3.1910211981033676e-01
-3.5166664479634713e-01
-3.8935446334145907e-01
-4.3329724470313258e-01
-4.8489377544101103e-01
-5.4605214290130133e-01
-6.1929391542120904e-01
-7.0797629777965965e-01
-8.1672909809745098e-01
-9.5203610797667970e-01
-1.1229155100324582e+00
-1.3431289906789479e+00
-1.6334187113833396e+00
-2.0256572241220900e+00
-2.5733891562619284e+00
-3.3660669038606335e+00
-4.5663978261410900e+00
-6.4745387903816924e+00
-9.6300366146316456e+00
-1.4518286829542797e+01
-1.8173331257602513e+01
0.0000000000000000e+00
2.4055929233035767e-01
0.0000000000000000e+00
0.0000000000000000e+00
];
