%Vec Object:sol 1 MPI processes
%  type: mpi
sol = [
0.0000000000000000e+00
-4.1797394837618533e+01
-2.4463529841512749e+01
-1.3092174550248764e+01
-7.6694095879228064e+00
-4.9403322875960409e+00
-3.4219509003702977e+00
-2.5009393362938250e+00
-1.9037896915873063e+00
-1.4960216363934065e+00
-1.2059924749824795e+00
-9.9220721913399457e-01
-8.3038704422577259e-01
-7.0511335908088668e-01
-6.0611866814929383e-01
-5.2655353573060926e-01
-4.6170492384927592e-01
-4.0814636422767692e-01
-3.6332601275614035e-01
-3.2552738032242501e-01
-2.9336137086886976e-01
-2.6571605891133615e-01
-2.4181930657270942e-01
-2.2102891694905683e-01
-2.0280669972223778e-01
-1.8675351094470924e-01
-1.7255100149846705e-01
-1.5991635783221020e-01
-1.4861846893346567e-01
-1.3849082406942401e-01
-1.2937586903392934e-01
-1.2112645679345244e-01
-1.1365288902183115e-01
-1.0686138372194032e-01
-1.0065775813196537e-01
-9.4986317265067066e-02
-8.9790152854330715e-02
-8.5009575302894783e-02
-8.0604413263604471e-02
-7.6540562660058306e-02
-7.2779280676917010e-02
-6.9289763424956824e-02
-6.6051685956444450e-02
-6.3039476411351561e-02
-6.0228405595717141e-02
-5.7606624776430172e-02
-5.5156673306682696e-02
-5.2858174986944097e-02
-5.0705057669110182e-02
-4.8685450676509048e-02
-4.6783160883500569e-02
-4.4993862559253590e-02
-4.3309261384874981e-02
-4.1717471016830418e-02
-4.0214404112341569e-02
-3.8794605014146721e-02
-3.7449242716869773e-02
-3.6174451911786983e-02
-3.4966723038058041e-02
-3.3819420707638714e-02
-3.2728911846000373e-02
-3.1693025155542953e-02
-3.0706718811825798e-02
-2.9766609378877196e-02
-2.8871444447676232e-02
-2.8017347992387354e-02
-2.7201202006381184e-02
-2.6422379898198803e-02
-2.5677862977760653e-02
-2.4964809947859653e-02
-2.4283013620104408e-02
-2.3630087888669920e-02
-2.3003474136744827e-02
-2.2403237970406827e-02
-2.1827460336447793e-02
-2.1273866275744784e-02
-2.0742689880841117e-02
-2.0232356296764530e-02
-1.9740871205282864e-02
-1.9268562612247905e-02
-1.8814107966879212e-02
-1.8375787351520269e-02
-1.7953969610097362e-02
-1.7547515406574152e-02
-1.7154970722804155e-02
-1.6776707487996048e-02
-1.6411717366493845e-02
-1.6058802100812123e-02
-1.5718310185466985e-02
-1.5389324711396785e-02
-1.5070892036379841e-02
-1.4763318806803332e-02
-1.4465749430788936e-02
-1.4177463126538697e-02
-1.3898712315643678e-02
-1.3628679895548758e-02
-1.3366866030155237e-02
-1.3113460734404074e-02
-1.2867668004583901e-02
-1.2629197018602458e-02
-1.2649818806927405e-02
-1.2930255547167813e-02
-1.3219780331232915e-02
-1.3519133412373338e-02
-1.3828109034041049e-02
-1.4147505595998224e-02
-1.4478050784764872e-02
-1.4819470654555951e-02
-1.5172878929130868e-02
-1.5538986744651841e-02
-1.5917440943886630e-02
-1.6309734404170915e-02
-1.6716435501055449e-02
-1.7137470036450237e-02
-1.7574416142908288e-02
-1.8027770366622273e-02
-1.8497878115589304e-02
-1.8986341126870799e-02
-1.9493601945772210e-02
-2.0020515307158614e-02
-2.0568714781753931e-02
-2.1138586931373649e-02
-2.1731604849671328e-02
-2.2349447533991398e-02
-2.2992447255941531e-02
-2.3662829589851452e-02
-2.4362266350790508e-02
-2.5091264054840780e-02
-2.5852746184672138e-02
-2.6648249544665787e-02
-2.7479172341783358e-02
-2.8348643857283810e-02
-2.9258284284902000e-02
-3.0210605020763528e-02
-3.1209015158361445e-02
-3.2255276582564885e-02
-3.3353299064698153e-02
-3.4506831592234617e-02
-3.5718009805711576e-02
-3.6992372846037631e-02
-3.8333776192131915e-02
-3.9746180382079214e-02
-4.1235936112467668e-02
-4.2807558667814313e-02
-4.4467392904904222e-02
-4.6222922611234001e-02
-4.8079636887719344e-02
-5.0047034521335965e-02
-5.2133782960379738e-02
-5.4348110566032677e-02
-5.6702466042739860e-02
-5.9207435096222880e-02
-6.1875989901088731e-02
-6.4723823749930159e-02
-6.7764739790671616e-02
-7.1018361886552514e-02
-7.4504635972603053e-02
-7.8243936986313892e-02
-8.2263763640442022e-02
-8.6590630102928903e-02
-9.1256461670588540e-02
-9.6298917989226740e-02
-1.0175549794218135e-01
-1.0767566160746542e-01
-1.1411196853020733e-01
-1.2112337797721810e-01
-1.2878338287290944e-01
-1.3716645351672035e-01
-1.4636908107168578e-01
-1.5650407543375788e-01
-1.6769488283282213e-01
-1.8009809394519841e-01
-1.9389004834719506e-01
-2.0928340638189444e-01
-2.2653776070600021e-01
-2.4595458421866881e-01
-2.6791485066410642e-01
-2.9287617741832617e-01
-3.2140183214360341e-01
-3.5420601712569855e-01
-3.9217025907803327e-01
-4.3643388580729453e-01
-4.8845835457821990e-01
-5.5007860121219254e-01
-6.2385444032825421e-01
-7.1317836458814621e-01
-8.2271068524371960e-01
-9.5897724268247753e-01
-1.1311900002343074e+00
-1.3529427552838551e+00
-1.6452261659845528e+00
-2.0403238148671967e+00
-2.5917255534381778e+00
-3.3898052593789694e+00
-4.5981157105382735e+00
-6.5190581761416153e+00
-9.6955301712750508e+00
-1.4620633647233213e+01
-1.8311283028376415e+01
0.0000000000000000e+00
2.4055929233035767e-01
0.0000000000000000e+00
0.0000000000000000e+00
];
