%Vec Object:sol 1 MPI processes
%  type: mpi
sol = [
0.0000000000000000e+00
-4.2483876593871763e+01
-2.4683562300771555e+01
-1.3153560456136841e+01
-7.6926758390522645e+00
-4.9518189393460075e+00
-3.4282306431676552e+00
-2.5052318157969591e+00
-1.9063653659804343e+00
-1.4979460218745415e+00
-1.2072913595873518e+00
-9.9309671186481130e-01
-8.3108535958525664e-01
-7.0566618860859076e-01
-6.0655833616810417e-01
-5.2688900945503914e-01
-4.6191123129594636e-01
-4.0825864425536751e-01
-3.6340310842588036e-01
-3.2557550789273859e-01
-2.9338548197708880e-01
-2.6572006187228259e-01
-2.4180644675744989e-01
-2.2100185896331687e-01
-2.0276761020528475e-01
-1.8670420438651497e-01
-1.7249301111324877e-01
-1.5985096077711861e-01
-1.4854673730418691e-01
-1.3841368491748993e-01
-1.2929410985022791e-01
-1.2104073906675190e-01
-1.1356379530921454e-01
-1.0676782700977364e-01
-1.0055913433163224e-01
-9.4883444055919794e-02
-8.9683725586920005e-02
-8.4900185449414439e-02
-8.0492568390832533e-02
-7.6426697942116928e-02
-7.2663770367140237e-02
-6.9172931026437429e-02
-6.5933808877140079e-02
-6.2920796104961929e-02
-6.0109118153356594e-02
-5.7486948742945881e-02
-5.5037209619499400e-02
-5.2739327831966033e-02
-5.0586854020298597e-02
-4.8567912320470502e-02
-4.6666311523713658e-02
-4.4877716683267586e-02
-4.3193829488758627e-02
-4.1602766233095216e-02
-4.0100433238905726e-02
-3.8681370981875622e-02
-3.7336751251623425e-02
-3.6062704906246676e-02
-3.4855718361445812e-02
-3.3709158887540058e-02
-3.2619391676917735e-02
-3.1584241148627262e-02
-3.0598667879117292e-02
-2.9659288386557743e-02
-2.8764845718605974e-02
-2.7911465965444363e-02
-2.7096032371742296e-02
-2.6317913599677577e-02
-2.5574092808021875e-02
-2.4861730916135704e-02
-2.4180615853035495e-02
-2.3528363142208762e-02
-2.2902417046992272e-02
-2.2302838237771086e-02
-2.1727709136726742e-02
-2.1174758060895926e-02
-2.0644214196225228e-02
-2.0134504079938415e-02
-1.9643636827881471e-02
-1.9171935651743369e-02
-1.8718079382355649e-02
-1.8280351487573010e-02
-1.7859116203651205e-02
-1.7453235634491693e-02
-1.7061258917166932e-02
-1.6683553630272713e-02
-1.6319113001782390e-02
-1.5966741543768957e-02
-1.5626783716726635e-02
-1.5298324357517526e-02
-1.4980412071591441e-02
-1.4673349844158669e-02
-1.4376284065615060e-02
-1.4088495564598697e-02
-1.3810233520134609e-02
-1.3540683096758264e-02
-1.3279345332185988e-02
-1.3026407457343559e-02
-1.2781076062576547e-02
-1.2543060375796987e-02
-1.2562390252817770e-02
-1.2839711902995706e-02
-1.3126006317794333e-02
-1.3422006425262844e-02
-1.3727504650941644e-02
-1.4043291425924944e-02
-1.4370086572414486e-02
-1.4707614414673161e-02
-1.5056978040107291e-02
-1.5418880143354737e-02
-1.5792965968572725e-02
-1.6180714412098510e-02
-1.6582685619662432e-02
-1.6998801426876559e-02
-1.7430624352044104e-02
-1.7878642425937008e-02
-1.8343193464830401e-02
-1.8825862230658887e-02
-1.9327082261697180e-02
-1.9847696054496392e-02
-2.0389318624355408e-02
-2.0952326944007688e-02
-2.1538175926618719e-02
-2.2148524143571366e-02
-2.2783693537351775e-02
-2.3445883950298920e-02
-2.4136745088579947e-02
-2.4856770338577999e-02
-2.5608849676975208e-02
-2.6394496941983404e-02
-2.7215087993012900e-02
-2.8073714268242164e-02
-2.8971970029562061e-02
-2.9912332338653175e-02
-3.0898166939083250e-02
-3.1931205849181805e-02
-3.3015308858257764e-02
-3.4154174906176844e-02
-3.5349903083283299e-02
-3.6607963412300687e-02
-3.7932155985319724e-02
-3.9326383551378692e-02
-4.0796914548838013e-02
-4.2348197381032189e-02
-4.3986490546979375e-02
-4.5719177824516941e-02
-4.7551665384213786e-02
-4.9493326905840046e-02
-5.1552709621950493e-02
-5.3737923063888755e-02
-5.6061250736122947e-02
-5.8533127956760543e-02
-6.1166347979778983e-02
-6.3976391816865305e-02
-6.6976864970698533e-02
-7.0187126997045560e-02
-7.3626851681253491e-02
-7.7315187938924695e-02
-8.1279309224562210e-02
-8.5545967355736427e-02
-9.0146605312543149e-02
-9.5118317910833056e-02
-1.0049802018728150e-01
-1.0633442937553694e-01
-1.1267929810004791e-01
-1.1959067333762481e-01
-1.2714080802339817e-01
-1.3540654644460359e-01
-1.4448203802396736e-01
-1.5447697817836867e-01
-1.6551312006043672e-01
-1.7774493329769095e-01
-1.9134636363194729e-01
-2.0652720088133966e-01
-2.2354355453921482e-01
-2.4269285846133073e-01
-2.6435102533765686e-01
-2.8896961880777666e-01
-3.1710450132061246e-01
-3.4946055765006179e-01
-3.8690790388266827e-01
-4.3052733705963808e-01
-4.8178560465622988e-01
-5.4255322486958724e-01
-6.1533013856663965e-01
-7.0345397064577353e-01
-8.1152789759372301e-01
-9.4593911275652764e-01
-1.1157191835808278e+00
-1.3345911810181985e+00
-1.6231024405444370e+00
-2.0128912160040895e+00
-2.5572211024505731e+00
-3.3453896513671801e+00
-4.5387506339254466e+00
-6.4357051710800395e+00
-9.5728414255673027e+00
-1.4428798340905770e+01
-1.8052662488142953e+01
0.0000000000000000e+00
2.4055929233035767e-01
0.0000000000000000e+00
0.0000000000000000e+00
];
