%Vec Object:sol 1 MPI processes
%  type: mpi
sol = [
0.0000000000000000e+00
-4.8054660116626977e+01
-2.5904687343146392e+01
-1.3191019091464623e+01
-7.5041855512054898e+00
-4.7239599727015911e+00
-3.2029264585180641e+00
-2.2933374400788784e+00
-1.7106374462889331e+00
-1.3173493472740025e+00
-1.0403826311637716e+00
-8.3862868020066061e-01
-6.8761580532193189e-01
-5.7193049081263048e-01
-4.8145984520677326e-01
-4.0949240165584272e-01
-3.5146846494746686e-01
-3.0406668153599631e-01
-2.6486634212696952e-01
-2.3216139909443598e-01
-2.0462872841679011e-01
-1.8122728889684878e-01
-1.6121891975408137e-01
-1.4400045214257223e-01
-1.2907681608410942e-01
-1.1607575876349883e-01
-1.0469979196785210e-01
-9.4692576695822914e-02
-8.5846136800636560e-02
-7.8004073687792538e-02
-7.1024978287890700e-02
-6.4782631728047532e-02
-5.9190935166351308e-02
-5.4166719917918597e-02
-4.9632004590461735e-02
-4.5533939350583828e-02
-4.1822121496044952e-02
-3.8447979011398410e-02
-3.5375648394594165e-02
-3.2574191051412849e-02
-3.0012435000863365e-02
-2.7664910223779097e-02
-2.5512219974008304e-02
-2.3533864452728662e-02
-2.1711086825810140e-02
-2.0031533424236712e-02
-1.8481435030178697e-02
-1.7046605993933334e-02
-1.5719078579635157e-02
-1.4489276965144749e-02
-1.3346727561620994e-02
-1.2285774004549362e-02
-1.1299667940646709e-02
-1.0380919763918143e-02
-9.5250583864745653e-03
-8.7273864710407881e-03
-7.9824720920722257e-03
-7.2867512356791933e-03
-6.6369315715171812e-03
-6.0290311993117770e-03
-5.4602057484719069e-03
-4.9281594650346598e-03
-4.4299668050598552e-03
-3.9633825153104702e-03
-3.5268698321919202e-03
-3.1183407556142082e-03
-2.7360865675128340e-03
-2.3793082903144948e-03
-2.0466687467782189e-03
-1.7372099852864791e-03
-1.4510749276663230e-03
-1.1882532528937591e-03
-9.4926876359735057e-04
-7.3691461686669062e-04
-5.5485119738175393e-04
-4.0813970034592987e-04
-3.0415429190967970e-04
-2.4245537145308756e-04
-2.1037832282186798e-04
-1.9564203342868985e-04
-1.8825502516509214e-04
-1.8244046379420659e-04
-1.7852023550776926e-04
-1.7520223270073182e-04
-1.7104989365214441e-04
-1.6774275130888004e-04
-1.6460764066201180e-04
-1.6067327347611394e-04
-1.5743972548976749e-04
-1.5426057174180798e-04
-1.5042901805321381e-04
-1.4721127397857703e-04
-1.4393979132084733e-04
-1.4016148662367891e-04
-1.3692528967928515e-04
-1.3352408393252729e-04
-1.2975426746736812e-04
-1.2646612328452800e-04
-1.2289757109822379e-04
-1.1909114407360958e-04
-1.1799690180536456e-04
-1.1869714609050904e-04
-1.1916743223768181e-04
-1.1998074990644556e-04
-1.2010144954226146e-04
-1.2014750661860609e-04
-1.2058174410784384e-04
-1.2008718002410801e-04
-1.1972532217344973e-04
-1.1981685251520636e-04
-1.1867355771723671e-04
-1.1794414885533697e-04
-1.1752024695274886e-04
-1.1594343027812041e-04
-1.1492457749336431e-04
-1.1395503756357095e-04
-1.1207325328705859e-04
-1.1089092849004929e-04
-1.0939907459001427e-04
-1.0734633151219024e-04
-1.0617685337331402e-04
-1.0418595448133848e-04
-1.0213616315752146e-04
-1.0119458895293413e-04
-9.8695613401155203e-05
-9.6841333483087123e-05
-9.6137888197128454e-05
-9.3270238391333644e-05
-9.1800370581029847e-05
-9.0756797631931786e-05
-8.8154684518923799e-05
-8.7258508807722853e-05
-8.5690531417401459e-05
-8.3499626743076052e-05
-8.3369724930340984e-05
-8.0996784330785061e-05
-7.9375736851971046e-05
-8.0026537226798484e-05
-7.6662269851683254e-05
-7.5797286832701274e-05
-7.5543130311907971e-05
-7.2693288804463055e-05
-7.2870414097611993e-05
-7.1280774172969243e-05
-6.9224510069320805e-05
-7.0766973518100030e-05
-6.7318009268404357e-05
-6.6445387801225680e-05
-6.9568132882956600e-05
-1.0798784849263608e-04
-4.6179945816444664e-04
-1.2904776380466981e-03
-2.3074590922347068e-03
-3.4589207394727932e-03
-4.7417371735904729e-03
-6.1646478231725454e-03
-7.7402421512362280e-03
-9.4837433751840221e-03
-1.1414080618419553e-02
-1.3552287536940948e-02
-1.5922976324639938e-02
-1.8554897178455078e-02
-2.1479797273414446e-02
-2.4736077061888320e-02
-2.8367252851429495e-02
-3.2423331813752940e-02
-3.6964214794307511e-02
-4.2057926954713561e-02
-4.7785830434237946e-02
-5.4244031210042613e-02
-6.1543826692311301e-02
-6.9821945845473549e-02
-7.9238729440906847e-02
-8.9988110671714513e-02
-1.0230736371510890e-01
-1.1648053027039536e-01
-1.3286335001900193e-01
-1.5189222479105380e-01
-1.7411067680283371e-01
-2.0021024168001245e-01
-2.3106114672063627e-01
-2.6779259177806891e-01
-3.1187151419428016e-01
-3.6522600700497115e-01
-4.3045453195021371e-01
-5.1107312789120141e-01
-6.1197076526857697e-01
-7.3996827622656536e-01
-9.0503490368106831e-01
-1.1220608159008127e+00
-1.4137835533940624e+00
-1.8158058116509741e+00
-2.3877867822145671e+00
-3.2314697268825361e+00
-4.5325163467514553e+00
-6.6403921076552832e+00
-1.0199857028199174e+01
-1.5926799543262852e+01
-2.0681589618959830e+01
0.0000000000000000e+00
2.4055929233035767e-01
0.0000000000000000e+00
0.0000000000000000e+00
];
