%Vec Object:sol 1 MPI processes
%  type: mpi
sol = [
0.0000000000000000e+00
-4.0805221000919758e+01
-2.4137693149020080e+01
-1.2997681797516922e+01
-7.6323214422978376e+00
-4.9235829874492181e+00
-3.4121327764400071e+00
-2.4948091601680549e+00
-1.8999339773844863e+00
-1.4933123302192084e+00
-1.2039195050861753e+00
-9.9075890470267647e-01
-8.2943723722962726e-01
-7.0436681385657207e-01
-6.0553010354551617e-01
-5.2608979810577461e-01
-4.6134104657947445e-01
-4.0786492353883574e-01
-3.6314739801475504e-01
-3.2542872783568705e-01
-2.9332551364812015e-01
-2.6573002949320790e-01
-2.4186716636387345e-01
-2.2109559579583665e-01
-2.0288925305133990e-01
-1.8684947492901563e-01
-1.7265829671487903e-01
-1.6003325451487829e-01
-1.4874351694321128e-01
-1.3862277183911267e-01
-1.2951365543101795e-01
-1.2126919141808808e-01
-1.1379979099291836e-01
-1.0701178327367143e-01
-1.0081108630794997e-01
-9.5142075079337349e-02
-8.9947908187964082e-02
-8.5168955298300333e-02
-8.0765092106565031e-02
-7.6702256889921841e-02
-7.2941743017057609e-02
-6.9452776702881525e-02
-6.6215062102006533e-02
-6.3203051848938319e-02
-6.0392018447998352e-02
-5.7770189507564754e-02
-5.5320526721769445e-02
-5.3022480011921259e-02
-5.0869642569483967e-02
-4.8850165867320029e-02
-4.6947867109454262e-02
-4.5158444610539313e-02
-4.3473619701179175e-02
-4.1881511025063663e-02
-4.0378047893740013e-02
-3.8957787048314416e-02
-3.7611899468922017e-02
-3.6336530693993667e-02
-3.5128181797554295e-02
-3.3980217755504090e-02
-3.2889011768739110e-02
-3.1852402242102715e-02
-3.0865346857653027e-02
-2.9924464948026641e-02
-2.9028513289966806e-02
-2.8173614939888673e-02
-2.7356652009076589e-02
-2.6577006776085595e-02
-2.5831659438639985e-02
-2.5117766859544213e-02
-2.4435130489349553e-02
-2.3781363016320018e-02
-2.3153902615226821e-02
-2.2552823300442559e-02
-2.1976204738911560e-02
-2.1421767894088527e-02
-2.0889754997747124e-02
-2.0378589816706646e-02
-1.9886273514561594e-02
-1.9413141901572610e-02
-1.8957870899063180e-02
-1.8518735992765586e-02
-1.8096113426111508e-02
-1.7688862123088796e-02
-1.7295523701903941e-02
-1.6916477010193307e-02
-1.6550711691617915e-02
-1.6197025620516791e-02
-1.5855773660280247e-02
-1.5526036534159064e-02
-1.5206857453507668e-02
-1.4898548815291944e-02
-1.4600252247730929e-02
-1.4311244734100382e-02
-1.4031783770911823e-02
-1.3761049004552375e-02
-1.3498539442903822e-02
-1.3244449439151203e-02
-1.2997979109739996e-02
-1.2758837799894849e-02
-1.2781418120283368e-02
-1.3066558238804957e-02
-1.3360963685893965e-02
-1.3665386072715821e-02
-1.3979601919792858e-02
-1.4304406319467201e-02
-1.4640565340510434e-02
-1.4987803563633658e-02
-1.5347257501989809e-02
-1.5719650860128050e-02
-1.6104632728571166e-02
-1.6503716884715382e-02
-1.6917483921404231e-02
-1.7345865431475177e-02
-1.7790462863680360e-02
-1.8251785377029518e-02
-1.8730189595556512e-02
-1.9227302570975321e-02
-1.9743580162072050e-02
-2.0279895265915209e-02
-2.0837909087893534e-02
-2.1418022333916698e-02
-2.2021735133824018e-02
-2.2650756865920139e-02
-2.3305435005702754e-02
-2.3988033431243960e-02
-2.4700256791379396e-02
-2.5442630946386428e-02
-2.6218129256476250e-02
-2.7028322561851160e-02
-2.7874642154187782e-02
-2.8760273585262803e-02
-2.9686875430700293e-02
-3.0657010024650846e-02
-3.1674150848754794e-02
-3.2740103944300228e-02
-3.3858853304960974e-02
-3.5034222173772382e-02
-3.6268400201310787e-02
-3.7567029193581902e-02
-3.8934046678269829e-02
-4.0373498769466630e-02
-4.1891858229677996e-02
-4.3493739333651305e-02
-4.5185614940693106e-02
-4.6975117113555662e-02
-4.8867857605953642e-02
-5.0873520708213625e-02
-5.3000951908201734e-02
-5.5258555389324726e-02
-5.7659024687352955e-02
-6.0213168025109447e-02
-6.2934222475510587e-02
-6.5838195643347044e-02
-6.8939182943514032e-02
-7.2257199939632394e-02
-7.5812599148866858e-02
-7.9626178559892055e-02
-8.3725985565382549e-02
-8.8139079886203259e-02
-9.2898033602130933e-02
-9.8041262982239072e-02
-1.0360703765595461e-01
-1.0964580562802338e-01
-1.1621118802085385e-01
-1.2336333617192677e-01
-1.3117708288675498e-01
-1.3973206122446608e-01
-1.4912580095580699e-01
-1.5947193788883995e-01
-1.7089663855279127e-01
-1.8355989907144810e-01
-1.9764193879128147e-01
-2.1336009231337089e-01
-2.3097964938387319e-01
-2.5079852780217710e-01
-2.7320587514988859e-01
-2.9867424875607440e-01
-3.2777781530573907e-01
-3.6124448525039088e-01
-3.9997258041884898e-01
-4.4512293429787597e-01
-4.9818431443528083e-01
-5.6108931262256090e-01
-6.3642495186212111e-01
-7.2757598880773611e-01
-8.3925760744768318e-01
-9.7816805768602844e-01
-1.1537999770686289e+00
-1.3800563012730367e+00
-1.6778203652385157e+00
-2.0807505174561967e+00
-2.6421639000950221e+00
-3.4551587162033521e+00
-4.6853120012828953e+00
-6.6412405328420405e+00
-9.8748161314000917e+00
-1.4900044368289361e+01
-1.8687500152506519e+01
0.0000000000000000e+00
2.4055929233035767e-01
0.0000000000000000e+00
0.0000000000000000e+00
];
