%Vec Object:sol 1 MPI processes
%  type: mpi
sol = [
0.0000000000000000e+00
-4.3574456780583013e+01
-2.4987148237238170e+01
-1.3217823944850730e+01
-7.7015797090376932e+00
-4.9461019986289276e+00
-3.4174825429186684e+00
-2.4928807712661816e+00
-1.8943227737827950e+00
-1.4862698403370802e+00
-1.1960924595776834e+00
-9.8265487056646217e-01
-8.2134090273876736e-01
-6.9650987179346868e-01
-5.9788681928047960e-01
-5.1870152910894407e-01
-4.5422564196005916e-01
-4.0102678996260815e-01
-3.5658353988960045e-01
-3.1913084040298118e-01
-2.8728273712772123e-01
-2.5993101677673180e-01
-2.3630528135794771e-01
-2.1576548095134657e-01
-1.9777405519535071e-01
-1.8192845266890878e-01
-1.6792040212384074e-01
-1.5546827101288843e-01
-1.4434205273025302e-01
-1.3437562843649320e-01
-1.2541227672457866e-01
-1.1730603437078330e-01
-1.0996734187988511e-01
-1.0330302350945426e-01
-9.7219876701651178e-02
-9.1662360542098295e-02
-8.6573964864181327e-02
-8.1895699197626612e-02
-7.7587665532977579e-02
-7.3615967147300856e-02
-6.9942352043059042e-02
-6.6536365975534889e-02
-6.3377756432930879e-02
-6.0441290688184414e-02
-5.7702619530172666e-02
-5.5149927505297749e-02
-5.2766385582470154e-02
-5.0531857652536045e-02
-4.8439833316777092e-02
-4.6478613043710745e-02
-4.4632391554594864e-02
-4.2896777604958525e-02
-4.1263594740017832e-02
-3.9721255728729046e-02
-3.8265663144563762e-02
-3.6891423916733744e-02
-3.5589938695781767e-02
-3.4357371546594795e-02
-3.3190235846378542e-02
-3.2082076464399950e-02
-3.1029316771736235e-02
-3.0029780406229674e-02
-2.9078566721603739e-02
-2.8172366101044660e-02
-2.7309901815889354e-02
-2.6487409393933851e-02
-2.5701854527923389e-02
-2.4952573644549655e-02
-2.4236637235965423e-02
-2.3551291966163054e-02
-2.2896285882113312e-02
-2.2269305320091141e-02
-2.1667879576999397e-02
-2.1092025405579043e-02
-2.0539883861056703e-02
-2.0009264579299899e-02
-1.9500351479058126e-02
-1.9011620927441793e-02
-1.8541157411100125e-02
-1.8089239534076196e-02
-1.7654589790626764e-02
-1.7235559451989495e-02
-1.6832470277534459e-02
-1.6444223926842267e-02
-1.6069428620768666e-02
-1.5708412670966392e-02
-1.5360206363128478e-02
-1.5023663791530995e-02
-1.4699094126046100e-02
-1.4385618017028494e-02
-1.4082323649928438e-02
-1.3789483233398814e-02
-1.3506278705080220e-02
-1.3232020194669078e-02
-1.2966930968040599e-02
-1.2710232224446805e-02
-1.2461443911293661e-02
-1.2220732430342544e-02
-1.1987341476437319e-02
-1.1760988810270184e-02
-1.1776042742702062e-02
-1.2032921013886286e-02
-1.2298135394853579e-02
-1.2572373046523920e-02
-1.2855437322239543e-02
-1.3148069697106295e-02
-1.3450944980741807e-02
-1.3763803354085899e-02
-1.4087679936317396e-02
-1.4423233683103855e-02
-1.4770131630025298e-02
-1.5129761705479848e-02
-1.5502649753047193e-02
-1.5888723618464145e-02
-1.6289449928509826e-02
-1.6705288374111317e-02
-1.7136557816144836e-02
-1.7584748130393256e-02
-1.8050266105507501e-02
-1.8533912558883283e-02
-1.9037196963671562e-02
-1.9560488590192635e-02
-2.0105151054356854e-02
-2.0672750049762014e-02
-2.1263596680702695e-02
-2.1879762564800755e-02
-2.2522805593388220e-02
-2.3193203034190542e-02
-2.3893676532414178e-02
-2.4625659823075227e-02
-2.5390317613764160e-02
-2.6190995677887557e-02
-2.7028786166383666e-02
-2.7906177823521283e-02
-2.8826152150354202e-02
-2.9790559851804614e-02
-3.0803055012230778e-02
-3.1867146380216337e-02
-3.2984851792560367e-02
-3.4161349440050011e-02
-3.5400262831444901e-02
-3.6705319832724924e-02
-3.8082471665496526e-02
-3.9535977309055316e-02
-4.1071801749220760e-02
-4.2696977529506214e-02
-4.4416701318526187e-02
-4.6239902041072568e-02
-4.8174755614451018e-02
-5.0229050275038108e-02
-5.2414510767369041e-02
-5.4741160506686683e-02
-5.7221265915908287e-02
-5.9869653333664341e-02
-6.2699434685919250e-02
-6.5729169995970504e-02
-6.8977772987746516e-02
-7.2464616387906799e-02
-7.6215762434803172e-02
-8.0256443492355570e-02
-8.4617017643815351e-02
-8.9333291985669749e-02
-9.4441057784033097e-02
-9.9987395211330696e-02
-1.0602246132615158e-01
-1.1260259377363277e-01
-1.1979782757309987e-01
-1.2768288983652937e-01
-1.3634927142555461e-01
-1.4590367472496288e-01
-1.5646482219145749e-01
-1.6818315350710217e-01
-1.8122848797328872e-01
-1.9580575036654693e-01
-2.1216523036138588e-01
-2.3059821067751327e-01
-2.5147277338576146e-01
-2.7523178849004859e-01
-3.0241034098008668e-01
-3.3369265562281220e-01
-3.6994438395518514e-01
-4.1226975020617485e-01
-4.6208675824680240e-01
-5.2123855013452047e-01
-5.9219475660658583e-01
-6.7825709109677768e-01
-7.8397052708765524e-01
-9.1554811652862866e-01
-1.0822231966381912e+00
-1.2974955188107100e+00
-1.5815814634931165e+00
-1.9664397307296426e+00
-2.5046794238637888e+00
-3.2859604974093579e+00
-4.4707832413494062e+00
-6.3586416341482961e+00
-9.4868881768716697e+00
-1.4340023386531220e+01
-1.7985705259376846e+01
0.0000000000000000e+00
2.4055929233035767e-01
0.0000000000000000e+00
0.0000000000000000e+00
];
