%Vec Object:sol 1 MPI processes
%  type: mpi
sol = [
0.0000000000000000e+00
-7.1785086977026111e+01
-3.4672884692708706e+01
-1.6808418684803190e+01
-9.4453632686171414e+00
-5.9596163396395276e+00
-4.0770456296194331e+00
-2.9559077941562668e+00
-2.2368973125945697e+00
-1.7503647687177708e+00
-1.4059093999639913e+00
-1.1533675477248875e+00
-9.6302704807379236e-01
-8.1609803121101931e-01
-7.0013390555019639e-01
-6.0714235469629463e-01
-5.3150056971458703e-01
-4.6913777369070825e-01
-4.1707116698196300e-01
-3.7321512599477258e-01
-3.3593563479043304e-01
-3.0392862634421930e-01
-2.7628760295184940e-01
-2.5224693796888792e-01
-2.3119217790862387e-01
-2.1265966199515951e-01
-1.9627683324106554e-01
-1.8171381213513774e-01
-1.6870129833789721e-01
-1.5704469545812211e-01
-1.4656063863931590e-01
-1.3707850267842062e-01
-1.2849341759453661e-01
-1.2069644812923798e-01
-1.1357873869638221e-01
-1.0707529626457173e-01
-1.0112007206784222e-01
-9.5644193144356349e-02
-9.0601019113470668e-02
-8.5950922385814768e-02
-8.1649248560900278e-02
-7.7660429798037361e-02
-7.3960771426023197e-02
-7.0520815016931124e-02
-6.7312147689663857e-02
-6.4320923241880906e-02
-6.1527488101094784e-02
-5.8908365810268877e-02
-5.6455900900160061e-02
-5.4156425568443259e-02
-5.1991522049829271e-02
-4.9956016178120281e-02
-4.8040350581754800e-02
-4.6231023912220982e-02
-4.4523220242128174e-02
-4.2910626382315083e-02
-4.1383222810676037e-02
-3.9936510981647473e-02
-3.8566399296797817e-02
-3.7265366459950898e-02
-3.6029226356434838e-02
-3.4855413955762186e-02
-3.3738218851206529e-02
-3.2673774339691514e-02
-3.1660563432516463e-02
-3.0694199233857865e-02
-2.9771142396176571e-02
-2.8890590265304886e-02
-2.8049128608289165e-02
-2.7243550623704548e-02
-2.6473533446338644e-02
-2.5736379932373023e-02
-2.5029216552040733e-02
-2.4352034299298612e-02
-2.3702671871657779e-02
-2.3078590055640905e-02
-2.2479906335248899e-02
-2.1904874550416713e-02
-2.1351256335063601e-02
-2.0819392947520322e-02
-2.0307803648307875e-02
-1.9814577105275004e-02
-1.9340060697334044e-02
-1.8882975493670396e-02
-1.8441709468840880e-02
-1.8016619035690476e-02
-1.7606576496809960e-02
-1.7210255343556441e-02
-1.6827991333648002e-02
-1.6458763667156016e-02
-1.6101516805462977e-02
-1.5756545342815290e-02
-1.5422901744499128e-02
-1.5099786534447188e-02
-1.4787439429499786e-02
-1.4484960738915000e-02
-1.4191792221110326e-02
-1.3908109728770681e-02
-1.3633042122352215e-02
-1.3366257745167250e-02
-1.3373921635904428e-02
-1.3655923657028857e-02
-1.3946866378156760e-02
-1.4247498911416800e-02
-1.4557569704082739e-02
-1.4877886023483923e-02
-1.5209176588345098e-02
-1.5551114221500283e-02
-1.5904830067892648e-02
-1.6271027508738847e-02
-1.6649291845644947e-02
-1.7041142003978799e-02
-1.7447123154086260e-02
-1.7867107116169002e-02
-1.8302689632684058e-02
-1.8754331708336465e-02
-1.9222335239138730e-02
-1.9708306518608706e-02
-2.0212640042938625e-02
-2.0736156731151353e-02
-2.1280480050069047e-02
-2.1845934696281596e-02
-2.2433967986581382e-02
-2.3046232375994926e-02
-2.3682982785129932e-02
-2.4346424775345061e-02
-2.5038182669853814e-02
-2.5758674643020982e-02
-2.6510800067417975e-02
-2.7296020845889255e-02
-2.8115650320344788e-02
-2.8972767726990895e-02
-2.9868893465122705e-02
-3.0806452217234725e-02
-3.1788772231500437e-02
-3.2817486344725762e-02
-3.3896407555151831e-02
-3.5029166146459886e-02
-3.6217735680034627e-02
-3.7467535009464557e-02
-3.8782249103445646e-02
-4.0165652354162924e-02
-4.1623918297676789e-02
-4.3161335501287701e-02
-4.4784019817162395e-02
-4.6499204702866434e-02
-4.8312079834870937e-02
-5.0231844334000700e-02
-5.2266816490876028e-02
-5.4424834466048642e-02
-5.6717929835781604e-02
-5.9156209431858245e-02
-6.1752120695351534e-02
-6.4520768605081699e-02
-6.7475298795877145e-02
-7.0634598329655046e-02
-7.4017782810087321e-02
-7.7644303845456494e-02
-8.1540598443076401e-02
-8.5731998484849789e-02
-9.0249082244724124e-02
-9.5127958856375719e-02
-1.0040440645313162e-01
-1.0612585385510749e-01
-1.1234256187201751e-01
-1.1911086507714411e-01
-1.2650102372922345e-01
-1.3458758037338883e-01
-1.4346199008176028e-01
-1.5323078249855518e-01
-1.6401202990406435e-01
-1.7595578061944925e-01
-1.8923081998861105e-01
-2.0403063380129102e-01
-2.2061049193377344e-01
-2.3925891937768509e-01
-2.6033988674791148e-01
-2.8429034139167975e-01
-3.1164803705125416e-01
-3.4309498464284727e-01
-3.7947261118652975e-01
-4.2186866618127911e-01
-4.7167825999983271e-01
-5.3071260154054833e-01
-6.0138641423959116e-01
-6.8684257655495917e-01
-7.9160201451872803e-01
-9.2189770691770456e-01
-1.0866422663664146e+00
-1.2988231623519952e+00
-1.5782455745621577e+00
-1.9564468547763947e+00
-2.4836933876585672e+00
-3.2476887854895726e+00
-4.4044415803544581e+00
-6.2444616555603911e+00
-9.2816460277677937e+00
-1.3965044843305446e+01
-1.7416369495649658e+01
0.0000000000000000e+00
1.3464638167935297e-01
0.0000000000000000e+00
0.0000000000000000e+00
];
