%Vec Object:sol 1 MPI processes
%  type: mpi
sol = [
0.0000000000000000e+00
-4.3484162813494265e+01
-2.4970731608823034e+01
-1.3221368971828300e+01
-7.7085203391971246e+00
-4.9532064518168646e+00
-3.4241478732957176e+00
-2.4989931893554354e+00
-1.8998600747758194e+00
-1.4913311677297707e+00
-1.2007093806979068e+00
-9.8688658650944994e-01
-8.2523745449769992e-01
-7.0012217507494623e-01
-6.0123810234878727e-01
-5.2182168722735101e-01
-4.5714027552535441e-01
-4.0375759359646907e-01
-3.5914878848199566e-01
-3.2154670615368475e-01
-2.8956326708871116e-01
-2.6208808752043966e-01
-2.3834963380135793e-01
-2.1770662719138584e-01
-1.9962136833048894e-01
-1.8368788970239108e-01
-1.6959871372757515e-01
-1.5707141052488854e-01
-1.4587528324559748e-01
-1.3584386479842858e-01
-1.2681994542799685e-01
-1.1865696881369255e-01
-1.1126522142247414e-01
-1.0455120609051403e-01
-9.8421271255409976e-02
-9.2819759988514688e-02
-8.7689960426824004e-02
-8.2972574839899144e-02
-7.8627567308895363e-02
-7.4620932611114729e-02
-7.0914208806696286e-02
-6.7476789297939710e-02
-6.4288374721833907e-02
-6.1323590162538182e-02
-5.8557926269440230e-02
-5.5979561467004044e-02
-5.3571572375645311e-02
-5.1313659861562805e-02
-4.9199334262921258e-02
-4.7216829364550496e-02
-4.5350196759135139e-02
-4.3595064330830040e-02
-4.1943209501992998e-02
-4.0382935527067218e-02
-3.8910145060228073e-02
-3.7519419520543433e-02
-3.6202075311986846e-02
-3.4954263356569149e-02
-3.3772486108776763e-02
-3.2650223253262445e-02
-3.1583876225324936e-02
-3.0571267916031746e-02
-2.9607446871856576e-02
-2.8689076137367753e-02
-2.7814885157662800e-02
-2.6981069482626348e-02
-2.6184564627106173e-02
-2.5424717700844802e-02
-2.4698567353993898e-02
-2.4003329125236426e-02
-2.3338764486869074e-02
-2.2702534005402925e-02
-2.2092136316484490e-02
-2.1507603030268798e-02
-2.0947053906584825e-02
-2.0408269434349396e-02
-1.9891448845567462e-02
-1.9395050462397749e-02
-1.8917131878356832e-02
-1.8457986781789542e-02
-1.8016321899690713e-02
-1.7590464423540335e-02
-1.7180750402497287e-02
-1.6786067308219514e-02
-1.6405002438464850e-02
-1.6037897273738888e-02
-1.5683768871633520e-02
-1.5341453794874393e-02
-1.5011273038326344e-02
-1.4692334495147749e-02
-1.4383712405422780e-02
-1.4085689232044623e-02
-1.3797434306711326e-02
-1.3518247457003175e-02
-1.3248360473167197e-02
-1.2986981904537235e-02
-1.2733625035410354e-02
-1.2488462993342794e-02
-1.2250726556035652e-02
-1.2020130384949488e-02
-1.2036224875593473e-02
-1.2299480149717891e-02
-1.2571260533850073e-02
-1.2852267183314907e-02
-1.3142298305069338e-02
-1.3442110188790839e-02
-1.3752391534559330e-02
-1.4072874090810501e-02
-1.4404616644262701e-02
-1.4748286591305726e-02
-1.5103546565485975e-02
-1.5471807802326315e-02
-1.5853608868515608e-02
-1.6248870942694713e-02
-1.6659090260506940e-02
-1.7084733627803141e-02
-1.7526122858029541e-02
-1.7984774990952260e-02
-1.8461104069452020e-02
-1.8955918454950503e-02
-1.9470763657183882e-02
-2.0006001360340434e-02
-2.0563026755823482e-02
-2.1143431096226212e-02
-2.1747511921502122e-02
-2.2377367945491403e-02
-2.3035205938930464e-02
-2.3719722567109084e-02
-2.4435595560495047e-02
-2.5183112032051445e-02
-2.5964570603460864e-02
-2.6782134731269145e-02
-2.7637497284160328e-02
-2.8533043133349305e-02
-2.9472082241147949e-02
-3.0456284852185964e-02
-3.1489357654732757e-02
-3.2574856081694720e-02
-3.3714809753279604e-02
-3.4914472751865940e-02
-3.6177507567093370e-02
-3.7507678316557276e-02
-3.8911014933267818e-02
-4.0391813512785799e-02
-4.1956105078187422e-02
-4.3611004511523999e-02
-4.5361743489837875e-02
-4.7217354941159140e-02
-4.9186092660006474e-02
-5.1275803808141042e-02
-5.3498338715335769e-02
-5.5863797394421322e-02
-5.8384551478489713e-02
-6.1075564028793716e-02
-6.3950027991279898e-02
-6.7026667056419742e-02
-7.0324535816914849e-02
-7.3863124644936093e-02
-7.7668703095679525e-02
-8.1766650706196500e-02
-8.6187518944168956e-02
-9.0967348570806267e-02
-9.6142096576876362e-02
-1.0175913193641864e-01
-1.0786885936223321e-01
-1.1452786351983681e-01
-1.2180652967728960e-01
-1.2977985963997410e-01
-1.3853971399150086e-01
-1.4819318869838607e-01
-1.5885932967897382e-01
-1.7068907315572995e-01
-1.8385263953251460e-01
-1.9855540567175212e-01
-2.1504818127975842e-01
-2.3362262857408622e-01
-2.5464735693041646e-01
-2.7856561685103143e-01
-3.0590347331133350e-01
-3.3736247700723815e-01
-3.7380004970718839e-01
-4.1631994149399393e-01
-4.6633900149312407e-01
-5.2569815926025709e-01
-5.9686351981171304e-01
-6.8313070599045689e-01
-7.8900486379247936e-01
-9.2073724261807455e-01
-1.0875106469363582e+00
-1.3027832075151611e+00
-1.5866342944215224e+00
-1.9710219053037963e+00
-2.5081827388789737e+00
-3.2874371869718630e+00
-4.4685077929141981e+00
-6.3492938245251906e+00
-9.4629972755591556e+00
-1.4286965178567165e+01
-1.7895785631677306e+01
0.0000000000000000e+00
2.4055929233035767e-01
0.0000000000000000e+00
0.0000000000000000e+00
];
