%Vec Object:sol 1 MPI processes
%  type: mpi
sol = [
0.0000000000000000e+00
-8.2369980413123713e+01
-3.6185063586422537e+01
-1.6986618611928293e+01
-9.4461095310894319e+00
-5.9312386619142652e+00
-4.0474849130135588e+00
-2.9293660104856092e+00
-2.2144452358755240e+00
-1.7309259923189790e+00
-1.3893309666627724e+00
-1.1388604745384310e+00
-9.5021090682304399e-01
-8.0467151602137965e-01
-6.8995811626133563e-01
-5.9793118683862700e-01
-5.2310338490090069e-01
-4.6143401526419314e-01
-4.0996322860987638e-01
-3.6662364491000060e-01
-3.2979517347383464e-01
-2.9818465917138520e-01
-2.7089441406042059e-01
-2.4717954358389921e-01
-2.2640649116870851e-01
-2.0812553384755858e-01
-1.9196973036333509e-01
-1.7761249337486248e-01
-1.6478728834376974e-01
-1.5330173276511899e-01
-1.4297440743274104e-01
-1.3363645402455673e-01
-1.2518428281878005e-01
-1.1751016803376788e-01
-1.1050643842098407e-01
-1.0410889894388665e-01
-9.8252270113404927e-02
-9.2868476157408592e-02
-8.7911444951074905e-02
-8.3342028122232514e-02
-7.9116116522253199e-02
-7.5198588600858152e-02
-7.1566036926147117e-02
-6.8189378141734883e-02
-6.5040579540483395e-02
-6.2105951907259545e-02
-5.9366097752531211e-02
-5.6797885166223604e-02
-5.4393725066862568e-02
-5.2140130610403061e-02
-5.0018978828027416e-02
-4.8025128067568985e-02
-4.6149147823024955e-02
-4.4377766404943501e-02
-4.2706208347171606e-02
-4.1128238104589689e-02
-3.9634016043499656e-02
-3.8219093379790861e-02
-3.6879419451961735e-02
-3.5607614449304076e-02
-3.4399550649357659e-02
-3.3252676701646569e-02
-3.2161394138986325e-02
-3.1121901377022528e-02
-3.0132675066771357e-02
-2.9189417590728600e-02
-2.8288659001627373e-02
-2.7429576104299379e-02
-2.6608826632730374e-02
-2.5823274606414020e-02
-2.5072567292660861e-02
-2.4354067314672587e-02
-2.3664969164916956e-02
-2.3005227939183106e-02
-2.2372733833643452e-02
-2.1765001251245621e-02
-2.1182170886509401e-02
-2.0622522494445534e-02
-2.0083899302740953e-02
-1.9566490380240029e-02
-1.9068870599235774e-02
-1.8589228166914974e-02
-1.8127867997829825e-02
-1.7683546184860694e-02
-1.7254705036581296e-02
-1.6841659275662134e-02
-1.6443313981863845e-02
-1.6058389158129429e-02
-1.5687181337419181e-02
-1.5328702335243033e-02
-1.4981934277279630e-02
-1.4647135946213568e-02
-1.4323393324530602e-02
-1.4009934904252503e-02
-1.3706968727667605e-02
-1.3413630406813275e-02
-1.3129379240700076e-02
-1.2854364149060769e-02
-1.2587751814738514e-02
-1.2329217056809711e-02
-1.2324019520196808e-02
-1.2571297166429346e-02
-1.2826217671825214e-02
-1.3089445726161881e-02
-1.3360711002539037e-02
-1.3640728842433924e-02
-1.3930137698209302e-02
-1.4228592712490740e-02
-1.4537102137238581e-02
-1.4856272774368701e-02
-1.5185673793413026e-02
-1.5526662549207241e-02
-1.5879690524265577e-02
-1.6244585661494677e-02
-1.6622763725520108e-02
-1.7014588973150949e-02
-1.7420277202842342e-02
-1.7841239499400557e-02
-1.8277768067454372e-02
-1.8730543864845513e-02
-1.9200977330298505e-02
-1.9689284188509629e-02
-2.0196703175636172e-02
-2.0724652443912275e-02
-2.1273269327635309e-02
-2.1844463805545840e-02
-2.2439606677296244e-02
-2.3058966031866236e-02
-2.3705056260231751e-02
-2.4379075835557675e-02
-2.5082081586930968e-02
-2.5816717931783636e-02
-2.6584207396569779e-02
-2.7386579937170544e-02
-2.8226665463151165e-02
-2.9105753058357275e-02
-3.0027080729578971e-02
-3.0993702816163815e-02
-3.2007171324782167e-02
-3.3072109551122317e-02
-3.4191563900700196e-02
-3.5368641944986692e-02
-3.6608569257692791e-02
-3.7914861789605202e-02
-3.9292638546246331e-02
-4.0747978571754072e-02
-4.2285111428953186e-02
-4.3911791277244927e-02
-4.5634945640015037e-02
-4.7461035565181317e-02
-4.9400181738170776e-02
-5.1460746827398200e-02
-5.3653103443027553e-02
-5.5989895801048448e-02
-5.8481971351228818e-02
-6.1145146222770404e-02
-6.3995340847964460e-02
-6.7048674163321928e-02
-7.0327269920704941e-02
-7.3852155450281357e-02
-7.7648806380675436e-02
-8.1747359919137952e-02
-8.6177488939778821e-02
-9.0978808563736122e-02
-9.6193159764037875e-02
-1.0186740492931808e-01
-1.0806018495660716e-01
-1.1483351039268296e-01
-1.2226364345699424e-01
-1.3043941912218499e-01
-1.3945912955066814e-01
-1.4944804051134167e-01
-1.6054682154670785e-01
-1.7292528979768720e-01
-1.8678709237400534e-01
-2.0237064718649025e-01
-2.1998435821250581e-01
-2.3999351395902904e-01
-2.6284788984148449e-01
-2.8911844055158403e-01
-3.1950973372570418e-01
-3.5493347246986695e-01
-3.9655972100702497e-01
-4.4590861011126298e-01
-5.0501774255898357e-01
-5.7660886017372137e-01
-6.6434425299826516e-01
-7.7354569035899434e-01
-9.1173655520254937e-01
-1.0900652254562400e+00
-1.3252012150523569e+00
-1.6437282028015674e+00
-2.0891481732960333e+00
-2.7354938604230563e+00
-3.7155610174887808e+00
-5.2740221101300175e+00
-7.8328883304242876e+00
-1.1677056293452706e+01
-1.4343813283647675e+01
0.0000000000000000e+00
1.3464638167935297e-01
0.0000000000000000e+00
0.0000000000000000e+00
];
