%Vec Object:sol 1 MPI processes
%  type: mpi
sol = [
0.0000000000000000e+00
-4.2229024807940817e+01
-2.4603344641447016e+01
-1.3130795257854869e+01
-7.6840271459523182e+00
-4.9475393272769326e+00
-3.4258844617772692e+00
-2.5036267000693515e+00
-1.9053983729606365e+00
-1.4972228348241385e+00
-1.2068566747307869e+00
-9.9275908786610711e-01
-8.3081981765397961e-01
-7.0545551454528166e-01
-6.0639035022842636e-01
-5.2676949356558134e-01
-4.6184933249999183e-01
-4.0821310637673119e-01
-3.6337098723649841e-01
-3.2555444173598858e-01
-2.9337358940923025e-01
-2.6571585732326181e-01
-2.4180869668233892e-01
-2.2100955031270714e-01
-2.0277991890499947e-01
-1.8672044012229791e-01
-1.7251259038407946e-01
-1.5987339730799666e-01
-1.4857162270887006e-01
-1.3844066588812559e-01
-1.2932288608774928e-01
-1.2107105820594226e-01
-1.1359543455184516e-01
-1.0680218257124824e-01
-1.0059707311299428e-01
-9.4924380890767740e-02
-8.9727195250137406e-02
-8.4944365244120912e-02
-8.0536803928043105e-02
-7.6470940989111724e-02
-7.2707979225914682e-02
-6.9217069431641701e-02
-6.5977846235481238e-02
-6.2964705945675076e-02
-6.0152876834804123e-02
-5.7530537177356629e-02
-5.5080611563503502e-02
-5.2782527739195555e-02
-5.0629840424509513e-02
-4.8610675789732494e-02
-4.6708842097351259e-02
-4.4920007831962469e-02
-4.3235876239503070e-02
-4.1644562771827619e-02
-4.0141976123108172e-02
-3.8722658249229054e-02
-3.7377780006743980e-02
-3.6103473704091490e-02
-3.4896227274099981e-02
-3.3749407080251127e-02
-3.2659378990725248e-02
-3.1623969023416319e-02
-3.0638136925225046e-02
-2.9698499266882217e-02
-2.8803800781100966e-02
-2.7950166820681171e-02
-2.7134480202649598e-02
-2.6356111342708387e-02
-2.5612042751237536e-02
-2.4899434561664949e-02
-2.4218076502536320e-02
-2.3565583522939405e-02
-2.2939398852837085e-02
-2.2339584979117304e-02
-2.1764223801179546e-02
-2.1211042453697985e-02
-2.0680271926935580e-02
-2.0170338262235857e-02
-1.9679249331771193e-02
-1.9207330109432440e-02
-1.8753258931308272e-02
-1.8315318036426855e-02
-1.7893873354345884e-02
-1.7487786470757837e-02
-1.7095605375746836e-02
-1.6717699246733036e-02
-1.6353060746440093e-02
-1.6000493379215636e-02
-1.5660343088183648e-02
-1.5331694076742671e-02
-1.5013594132221831e-02
-1.4706347585693363e-02
-1.4409100106289891e-02
-1.4121131936780126e-02
-1.3842693448539164e-02
-1.3572968979369313e-02
-1.3311459250213207e-02
-1.3058352516136473e-02
-1.2812854419917903e-02
-1.2574674174102339e-02
-1.2594480731431131e-02
-1.2872948340288633e-02
-1.3160431167965508e-02
-1.3457664838286174e-02
-1.3764442452562461e-02
-1.4081557374602384e-02
-1.4409732322001375e-02
-1.4748692263591667e-02
-1.5099544200484134e-02
-1.5462993936520626e-02
-1.5838687313430640e-02
-1.6228108371445563e-02
-1.6631820289881725e-02
-1.7049746372729633e-02
-1.7483454884775838e-02
-1.7933436997468657e-02
-1.8400033328909455e-02
-1.8884834890561378e-02
-1.9388278544422297e-02
-1.9911211298393579e-02
-2.0455255001442699e-02
-2.1020790166671514e-02
-2.1609278405367426e-02
-2.2222385813986726e-02
-2.2860438150519500e-02
-2.3525644735123474e-02
-2.4219663422177903e-02
-2.4942992446795171e-02
-2.5698534126677258e-02
-2.6487810768595854e-02
-2.7312206474532866e-02
-2.8174826624947330e-02
-2.9077275046866462e-02
-3.0022041458724030e-02
-3.1012507579664800e-02
-3.2050416447129207e-02
-3.3139646270946725e-02
-3.4283914439539986e-02
-3.5485333529727950e-02
-3.6749399035381942e-02
-3.8079931472857126e-02
-3.9480854902974240e-02
-4.0958468084399860e-02
-4.2517244087971466e-02
-4.4163473252556130e-02
-4.5904576226854794e-02
-4.7745989773126468e-02
-4.9697133693267878e-02
-5.1766599550995225e-02
-5.3962540706315981e-02
-5.6297301572963601e-02
-5.8781372939324200e-02
-6.1427614032332094e-02
-6.4251584160405023e-02
-6.7266961730346006e-02
-7.0493203600365151e-02
-7.3950082263604319e-02
-7.7657792056944966e-02
-8.1643597667681478e-02
-8.5933780343067243e-02
-9.0559991020701655e-02
-9.5559037545835709e-02
-1.0096637407103408e-01
-1.0683279932834770e-01
-1.1321033539585018e-01
-1.2015733115111633e-01
-1.2774640992610548e-01
-1.3605481411317713e-01
-1.4517717556099261e-01
-1.5522375050091150e-01
-1.6631691690676415e-01
-1.7861192713988835e-01
-1.9228361046963921e-01
-2.0754281624025184e-01
-2.2464693967273489e-01
-2.4389490575548223e-01
-2.6566449568038991e-01
-2.9040950838050061e-01
-3.1868854091271365e-01
-3.5120991922317063e-01
-3.8884796603971533e-01
-4.3272911768981437e-01
-4.8425030125801188e-01
-5.4532784028504422e-01
-6.1847346211313248e-01
-7.0704032606166611e-01
-8.1565273911714520e-01
-9.5078689017560802e-01
-1.1214263341557178e+00
-1.3413624387718044e+00
-1.6312927906500319e+00
-2.0230161747149666e+00
-2.5700445735267463e+00
-3.3617905109119559e+00
-4.5606812129081806e+00
-6.4665104483873250e+00
-9.6182161514420965e+00
-1.4499798968466223e+01
-1.8148403595381112e+01
0.0000000000000000e+00
2.4055929233035767e-01
0.0000000000000000e+00
0.0000000000000000e+00
];
