%Vec Object:sol 1 MPI processes
%  type: mpi
sol = [
0.0000000000000000e+00
-7.6929089098712723e+01
-3.5457631344984740e+01
-1.6908515433916090e+01
-9.4509839764041139e+00
-5.9481543495138789e+00
-4.0640481545506768e+00
-2.9440951267518107e+00
-2.2269366585079311e+00
-1.7415446936761980e+00
-1.3983538692131741e+00
-1.1469046482849037e+00
-9.5723847987405009e-01
-8.1083172578416962e-01
-6.9546093734609815e-01
-6.0295429136157941e-01
-5.2771267869428962e-01
-4.6568446519400464e-01
-4.1386843222851788e-01
-3.7022272056349464e-01
-3.3313032215099442e-01
-3.0129031182473742e-01
-2.7379892774981346e-01
-2.4990652694015938e-01
-2.2898654209175154e-01
-2.1057421524631861e-01
-1.9429913972374754e-01
-1.7983320572741665e-01
-1.6690857947376941e-01
-1.5533184562988708e-01
-1.4492065152296385e-01
-1.3550526736544385e-01
-1.2698149488382893e-01
-1.1924101189576429e-01
-1.1217554446970102e-01
-1.0572050892062669e-01
-9.9810237494046189e-02
-9.4376083962399299e-02
-8.9370189664064528e-02
-8.4754950200139914e-02
-8.0486103870359788e-02
-7.6528258872230082e-02
-7.2857830740792967e-02
-6.9445511247117300e-02
-6.6263042453980278e-02
-6.3296637236909384e-02
-6.0526745709990698e-02
-5.7930035906391800e-02
-5.5498874774997140e-02
-5.3219668454769373e-02
-5.1074125165354249e-02
-4.9057080104193157e-02
-4.7159027996308500e-02
-4.5366566697697577e-02
-4.3674894644443352e-02
-4.2077730112095486e-02
-4.0565131944553044e-02
-3.9132621250523608e-02
-3.7776122260239492e-02
-3.6488175739867075e-02
-3.5264619985800306e-02
-3.4102894038684446e-02
-3.2997336868037783e-02
-3.1944109902718142e-02
-3.0941691507844128e-02
-2.9985734328795487e-02
-2.9072729673683382e-02
-2.8201863963894701e-02
-2.7369754911684984e-02
-2.6573227792549670e-02
-2.5811944244799146e-02
-2.5083233719466941e-02
-2.4384255056470568e-02
-2.3714980305076929e-02
-2.3073264628191890e-02
-2.2456595627988862e-02
-2.1865138876754949e-02
-2.1297137581095738e-02
-2.0750399754572116e-02
-2.0225201288692377e-02
-1.9720070794703788e-02
-1.9233125542758744e-02
-1.8764692748921841e-02
-1.8313509507881031e-02
-1.7877989282055237e-02
-1.7458468896331601e-02
-1.7053836012484128e-02
-1.6662785949116164e-02
-1.6285635986665162e-02
-1.5921380614935671e-02
-1.5568981975260139e-02
-1.5228717754327202e-02
-1.4899656143081983e-02
-1.4581010791310758e-02
-1.4273006430446704e-02
-1.3974759953024144e-02
-1.3685721336599859e-02
-1.3406053663646769e-02
-1.3134903584801660e-02
-1.2871942445294412e-02
-1.2873368865800169e-02
-1.3138708049945673e-02
-1.3412364945934247e-02
-1.3695048283970158e-02
-1.3986497150727813e-02
-1.4287474822160435e-02
-1.4598666768495791e-02
-1.4919736894015627e-02
-1.5251757578521230e-02
-1.5595385849343219e-02
-1.5950198733249828e-02
-1.6317637924106551e-02
-1.6698203475394573e-02
-1.7091745665502416e-02
-1.7499774105419783e-02
-1.7922703077481988e-02
-1.8360792756438961e-02
-1.8815555873433622e-02
-1.9287337386200819e-02
-1.9776890726285516e-02
-2.0285737091383309e-02
-2.0814148239170945e-02
-2.1363471144708327e-02
-2.1935245588836309e-02
-2.2529669176413605e-02
-2.3148805436808379e-02
-2.3794156512612675e-02
-2.4466067447935707e-02
-2.5167252626703024e-02
-2.5899046597233664e-02
-2.6662638465695027e-02
-2.7460898189810536e-02
-2.8295201837110200e-02
-2.9167783429091841e-02
-3.0081730950167522e-02
-3.1038510295937013e-02
-3.2041657086865599e-02
-3.3094523406857451e-02
-3.4198877795167087e-02
-3.5359755453348969e-02
-3.6580532023343992e-02
-3.7864658596583535e-02
-3.9217850778950021e-02
-4.0644022167787577e-02
-4.2148805998391256e-02
-4.3738877125309078e-02
-4.5418958426758950e-02
-4.7197549878705003e-02
-4.9082295309075027e-02
-5.1080363720084024e-02
-5.3202861201973317e-02
-5.5459047107166211e-02
-5.7860361663496104e-02
-6.0420716134818642e-02
-6.3152137834085492e-02
-6.6072023480135897e-02
-6.9197935854194786e-02
-7.2547704640230970e-02
-7.6145443881402736e-02
-8.0013259687101962e-02
-8.4180298353386473e-02
-8.8679774934823083e-02
-9.3544444082068953e-02
-9.8817875492431956e-02
-1.0454616031651298e-01
-1.1078093544270171e-01
-1.1758670432710984e-01
-1.2503178112740945e-01
-1.3320007324914129e-01
-1.4218931018706546e-01
-1.5210770190895867e-01
-1.6309295166287441e-01
-1.7529978475990995e-01
-1.8891490687436960e-01
-2.0416637435589777e-01
-2.2131868078097772e-01
-2.4070656556779021e-01
-2.6273187130868242e-01
-2.8788925922660835e-01
-3.1680636640643450e-01
-3.5025762384255155e-01
-3.8923431543058107e-01
-4.3499541140812387e-01
-4.8922908725658054e-01
-5.5416465595252085e-01
-6.3277911635964557e-01
-7.2918049394031692e-01
-8.4912505388870207e-01
-1.0006745297392325e+00
-1.1960250304645432e+00
-1.4536462624426947e+00
-1.8021577481128248e+00
-2.2890336390128772e+00
-2.9946410913019754e+00
-4.0640295455853819e+00
-5.7651314802224496e+00
-8.5668748353163853e+00
-1.2836727035131116e+01
-1.5895792233229175e+01
0.0000000000000000e+00
1.3464638167935297e-01
0.0000000000000000e+00
0.0000000000000000e+00
];
