%Vec Object:sol 1 MPI processes
%  type: mpi
sol = [
0.0000000000000000e+00
-4.1144899684811243e+01
-2.4249967992128177e+01
-1.3030982174671859e+01
-7.6451978830813632e+00
-4.9294361098136923e+00
-3.4157167190628690e+00
-2.4969045472872917e+00
-1.9013898396671867e+00
-1.4942321893168788e+00
-1.2046225178539403e+00
-9.9130628418847533e-01
-8.2975542346887776e-01
-7.0461615498182717e-01
-6.0572595748795111e-01
-5.2624340827156713e-01
-4.6146087901766630e-01
-4.0795740734082681e-01
-3.6321746770747287e-01
-3.2548031812533867e-01
-2.9335614973331076e-01
-2.6572876698531933e-01
-2.4184700676834417e-01
-2.2106919911527029e-01
-2.0285760578148634e-01
-1.8681340214062206e-01
-1.7261849435177620e-01
-1.5999030114715179e-01
-1.4869789733616509e-01
-1.3857490400530342e-01
-1.2946389348508749e-01
-1.2121783237201932e-01
-1.1374709495184071e-01
-1.0695797308035609e-01
-1.0075635121993888e-01
-9.5086580759516343e-02
-8.9891797869526641e-02
-8.5112352529644192e-02
-8.0708104649165752e-02
-7.6644978249364379e-02
-7.2884254712315993e-02
-6.9395150242477471e-02
-6.6157359038112942e-02
-6.3145326071501320e-02
-6.0334318202075070e-02
-5.7712555334168109e-02
-5.5262993889604199e-02
-5.2965081584439112e-02
-5.0812405010823840e-02
-4.8793111888427505e-02
-4.6891019253701358e-02
-4.5101819997291799e-02
-4.3417232624736533e-02
-4.1825376291443665e-02
-4.0322176524186071e-02
-3.8902187531261574e-02
-3.7556581102328068e-02
-3.6281500386933334e-02
-3.5073444005119837e-02
-3.3925777820866677e-02
-3.2834873816556011e-02
-3.1798567915482016e-02
-3.0811818673175072e-02
-2.9871245118247812e-02
-2.8975601496544812e-02
-2.8121011669904199e-02
-2.7304358268501451e-02
-2.6525020994038796e-02
-2.5779980085932082e-02
-2.5066393995197243e-02
-2.4384061563803211e-02
-2.3730610664177795e-02
-2.3103470558649912e-02
-2.2502600375871196e-02
-2.1926185141691121e-02
-2.1371920781392099e-02
-2.0840085792723465e-02
-2.0329103856471638e-02
-1.9836977169325483e-02
-1.9364038444425306e-02
-1.8908963694166035e-02
-1.8470029582793090e-02
-1.8047609479039155e-02
-1.7640562565715754e-02
-1.7247431650184979e-02
-1.6868592933136195e-02
-1.6503036486149807e-02
-1.6149561271606959e-02
-1.5808519742712888e-02
-1.5478993226480706e-02
-1.5160025826618741e-02
-1.4851927779816669e-02
-1.4553841504527515e-02
-1.4265044602180787e-02
-1.3985792671290695e-02
-1.3715266345329304e-02
-1.3452964904293442e-02
-1.3199081087647608e-02
-1.2952816311463746e-02
-1.2713879686158502e-02
-1.2735753657043493e-02
-1.3019233968915495e-02
-1.3311914584380439e-02
-1.3614542903359382e-02
-1.3926914890633278e-02
-1.4249836719188861e-02
-1.4584043738791578e-02
-1.4929263629647192e-02
-1.5286620497262779e-02
-1.5656833693161294e-02
-1.6039551547077965e-02
-1.6436280586486468e-02
-1.6847597177611570e-02
-1.7273430922943412e-02
-1.7715375186563038e-02
-1.8173934767872348e-02
-1.8649462417916450e-02
-1.9143576415321908e-02
-1.9656728020765946e-02
-2.0189783848838710e-02
-2.0744395532680471e-02
-2.1320958897278801e-02
-2.1920964712914767e-02
-2.2546111839686640e-02
-2.3196742510748138e-02
-2.3875107338898454e-02
-2.4582899612335153e-02
-2.5320638518993178e-02
-2.6091280145349914e-02
-2.6896383564653344e-02
-2.7737368635081715e-02
-2.8617401429187294e-02
-2.9538127259700408e-02
-3.0502090843069110e-02
-3.1512743381073578e-02
-3.2571875663511947e-02
-3.3683446003608737e-02
-3.4851251961150131e-02
-3.6077464535569620e-02
-3.7367690007964457e-02
-3.8725837544692547e-02
-4.0155923683563688e-02
-4.1664378964698434e-02
-4.3255783457206612e-02
-4.4936565764476022e-02
-4.6714306679184782e-02
-4.8594575585337897e-02
-5.0586992628083832e-02
-5.2700341759619455e-02
-5.4942966416616848e-02
-5.7327475490824578e-02
-5.9864600324103220e-02
-6.2567486447756365e-02
-6.5452032835992324e-02
-6.8532233950156465e-02
-7.1827969988141269e-02
-7.5359452996881626e-02
-7.9147334842327652e-02
-8.3219473338182151e-02
-8.7602739783531378e-02
-9.2329482854747152e-02
-9.7437857471231834e-02
-1.0296586714308163e-01
-1.0896361866864356e-01
-1.1548436662224611e-01
-1.2258785080994823e-01
-1.3034839910006851e-01
-1.3884510202278286e-01
-1.4817483190018321e-01
-1.5845046037462052e-01
-1.6979730283071082e-01
-1.8237428905612665e-01
-1.9636060745280140e-01
-2.1196153961533587e-01
-2.2944652332873866e-01
-2.4912252024269743e-01
-2.7137538889920204e-01
-2.9666858688770076e-01
-3.2557252314951629e-01
-3.5881038256486958e-01
-3.9727469883442401e-01
-4.4211889519819569e-01
-4.9482232725418651e-01
-5.5730550102424992e-01
-6.3211722983094409e-01
-7.2260037925310094e-01
-8.3354061282861780e-01
-9.7153936781692707e-01
-1.1460336826745403e+00
-1.3706942425504116e+00
-1.6665703792188378e+00
-2.0668260957602413e+00
-2.6247688954659676e+00
-3.4326314525531161e+00
-4.6552772906142126e+00
-6.5991904437473092e+00
-9.8131912894565403e+00
-1.4804133181633834e+01
-1.8558429176359230e+01
0.0000000000000000e+00
2.4055929233035767e-01
0.0000000000000000e+00
0.0000000000000000e+00
];
