%Vec Object:sol 1 MPI processes
%  type: mpi
sol = [
0.0000000000000000e+00
-9.7878031637527201e+01
-3.6348946224371744e+01
-1.5938086840071762e+01
-8.4562508894729351e+00
-5.0830436906981920e+00
-3.3188934640009982e+00
-2.2953432496469364e+00
-1.6554264985666967e+00
-1.2320457689208000e+00
-9.3972352263106018e-01
-7.3054687681223607e-01
-5.7666053274422058e-01
-4.6073370770104000e-01
-3.7166228714743471e-01
-3.0207360486065388e-01
-2.4694627781336081e-01
-2.0271490294785377e-01
-1.6681514587584578e-01
-1.3742777846784635e-01
-1.1316864952633053e-01
-9.2975009697272487e-02
-7.6075049532810010e-02
-6.1854367531071951e-02
-4.9824186935854643e-02
-3.9613545176397050e-02
-3.0929216259503896e-02
-2.3535410287686923e-02
-1.7251798965813171e-02
-1.1961028150649464e-02
-7.6096495121540505e-03
-4.2716241832955366e-03
-2.2681943267780862e-03
-1.5620561179732306e-03
-1.4030876080001614e-03
-1.3750683579950404e-03
-1.3755434832674693e-03
-1.3744580569671572e-03
-1.3737025015034528e-03
-1.3770428772963673e-03
-1.3784732005274532e-03
-1.3770294878141243e-03
-1.3780949086012093e-03
-1.3788754144378166e-03
-1.3757138505536366e-03
-1.3740283594955774e-03
-1.3727694499326448e-03
-1.3672953807295702e-03
-1.3626349156816010e-03
-1.3584075300256552e-03
-1.3507180515632373e-03
-1.3431664221755651e-03
-1.3358134526216998e-03
-1.3261112277748977e-03
-1.3159889501518525e-03
-1.3059718131945919e-03
-1.2943758310142136e-03
-1.2821290713108905e-03
-1.2699743851265774e-03
-1.2567863011992838e-03
-1.2428951104298050e-03
-1.2291223727086693e-03
-1.2147061808662630e-03
-1.1996260778179410e-03
-1.1847054509137316e-03
-1.1694199785969813e-03
-1.1535521018001750e-03
-1.1378858092291888e-03
-1.1220518130156424e-03
-1.1057323519348791e-03
-1.0896511130097681e-03
-1.0735392101728477e-03
-1.0570399028548036e-03
-1.0408074727428661e-03
-1.0246368977555697e-03
-1.0081710626552295e-03
-9.9199242572425806e-04
-9.7593517439621387e-04
-9.5966587756764893e-04
-9.4369646328849551e-04
-9.2788358335122356e-04
-9.1193209502710571e-04
-8.9628665588556715e-04
-8.8081496587441230e-04
-8.6526858579349280e-04
-8.5002911164579035e-04
-8.3496750494868014e-04
-8.1988638460140945e-04
-8.0510885058662567e-04
-7.9050383425409172e-04
-7.7592671229023702e-04
-7.6164667068784970e-04
-7.4752704494631794e-04
-7.3347595245432193e-04
-7.1971307533814889e-04
-7.0609378567941517e-04
-6.9257784086645567e-04
-6.7933955829619361e-04
-6.6622482461939771e-04
-6.5324325768433738e-04
-6.5347246829361406e-04
-6.6675749930664022e-04
-6.8021329123678473e-04
-6.9394819965763093e-04
-7.0776454322518223e-04
-7.2177787547157278e-04
-7.3606828811841800e-04
-7.5039526305773440e-04
-7.6494555977668849e-04
-7.7976562589444107e-04
-7.9456379877569899e-04
-8.0961104255872815e-04
-8.2487584340232864e-04
-8.4011947822433292e-04
-8.5559853803184103e-04
-8.7121878698784186e-04
-8.8682817964010248e-04
-9.0264179944247948e-04
-9.1849863351260632e-04
-9.3434939829942611e-04
-9.5035969571368936e-04
-9.6628847717779374e-04
-9.8220884867471431e-04
-9.9822732397080284e-04
-1.0140061622103038e-03
-1.0297660345686571e-03
-1.0455192713584025e-03
-1.0608796501629298e-03
-1.0761788719745428e-03
-1.0912683113277635e-03
-1.1059110630608320e-03
-1.1203685397946596e-03
-1.1343626654688587e-03
-1.1478453168782634e-03
-1.1609921680321106e-03
-1.1733640260522835e-03
-1.1851557445642172e-03
-1.1964223263967546e-03
-1.2065699634943503e-03
-1.2160664952086619e-03
-1.2246806220936328e-03
-1.2320815003058778e-03
-1.2386507024271490e-03
-1.2439355861270580e-03
-1.2479786087293988e-03
-1.2510564237990733e-03
-1.2524240428240104e-03
-1.2526640321824422e-03
-1.2517365914668974e-03
-1.2490460820916644e-03
-1.2454162165695087e-03
-1.2403890811686757e-03
-1.2340332308939045e-03
-1.2270882099640365e-03
-1.2185798189659793e-03
-1.2095797395741035e-03
-1.2003079677510571e-03
-1.1898653272355865e-03
-1.1798817690164560e-03
-1.1695660894949882e-03
-1.1591721487988450e-03
-1.1500028488015325e-03
-1.1398703081590114e-03
-1.1309562153000272e-03
-1.1229365483877722e-03
-1.1142664668228159e-03
-1.1075445421972374e-03
-1.1002074431193088e-03
-1.0934875080083233e-03
-1.0888866194827965e-03
-1.0817109898373532e-03
-1.0770687920052195e-03
-1.0722954226399244e-03
-1.0667619204703465e-03
-1.0645857200862439e-03
-1.0585132093335404e-03
-1.0550603521163255e-03
-1.0526447672576796e-03
-1.0474541433847483e-03
-1.0478238832295609e-03
-1.0562436688240627e-03
-1.2282532732662333e-03
-3.2339979040739357e-03
-1.4716324518287662e-02
-4.1687914400776134e-02
-8.2448760604372576e-02
-1.3918063155488652e-01
-2.1716128670813478e-01
-3.2480168720471220e-01
-4.7514800649913069e-01
-6.8878022924925841e-01
-9.9931939566553285e-01
-1.4637597780379763e+00
-2.1827634328177665e+00
-3.3442339607373888e+00
-5.3117947092675610e+00
-8.7869168133889062e+00
-1.4672318884927734e+01
-2.0176629703894861e+01
0.0000000000000000e+00
1.3464638167935297e-01
0.0000000000000000e+00
0.0000000000000000e+00
];
