%Vec Object:sol 1 MPI processes
%  type: mpi
sol = [
0.0000000000000000e+00
-7.5627756288376318e+01
-3.5265251631857438e+01
-1.6890080082597034e+01
-9.4505284490347048e+00
-5.9523575654588932e+00
-4.0680129676446546e+00
-2.9474346980438249e+00
-2.2295332167674520e+00
-1.7439826285940185e+00
-1.4003655145949765e+00
-1.1485228370670229e+00
-9.5875073420801582e-01
-8.1226110872771395e-01
-6.9668939835073951e-01
-6.0402682874623825e-01
-5.2866162736116329e-01
-4.6653369754920965e-01
-4.1466831630921080e-01
-3.7098628694726277e-01
-3.3385844939098530e-01
-3.0198450027220192e-01
-2.7444825280838292e-01
-2.5051064096463010e-01
-2.2955119428969123e-01
-2.1110417661637151e-01
-1.9479840677307253e-01
-1.8030515110684803e-01
-1.6735606953803958e-01
-1.5575734143888184e-01
-1.4532627485250585e-01
-1.3589284910765034e-01
-1.2735264237155869e-01
-1.1959713526119438e-01
-1.1251787442345533e-01
-1.0605014405694656e-01
-1.0012815910063595e-01
-9.4683316701150586e-02
-8.9669171361302799e-02
-8.5046259700849447e-02
-8.0770111810672479e-02
-7.6805311376743041e-02
-7.3128262140161354e-02
-6.9709632455664625e-02
-6.6521137803833064e-02
-6.3548985719115436e-02
-6.0773609070893721e-02
-5.8171647612395294e-02
-5.5735468460254949e-02
-5.3451464754419489e-02
-5.1301318340477998e-02
-4.9279865770332755e-02
-4.7377592278553718e-02
-4.5581074274092533e-02
-4.3885509091871021e-02
-4.2284609430839552e-02
-4.0768416779009713e-02
-3.9332449046708559e-02
-3.7972628007188737e-02
-3.6681480429411079e-02
-3.5454839651385399e-02
-3.4290144672429315e-02
-3.3181723613172856e-02
-3.2125744463583843e-02
-3.1120672659102653e-02
-3.0161943359689029e-02
-2.9246252786863814e-02
-2.8372788972072033e-02
-2.7538179089288840e-02
-2.6739239374750676e-02
-2.5975634182932902e-02
-2.5244685551333919e-02
-2.4543543480487977e-02
-2.3872183686163475e-02
-2.3228455203650650e-02
-2.2609837161652390e-02
-2.2016499395560201e-02
-2.1446679912446517e-02
-2.0898178783885141e-02
-2.0371276474364319e-02
-1.9864497033669260e-02
-1.9375950470534292e-02
-1.8905968663320154e-02
-1.8453284549882383e-02
-1.8016305150369501e-02
-1.7595371859023660e-02
-1.7189368392958437e-02
-1.6796984567102713e-02
-1.6418541997393329e-02
-1.6053031284851894e-02
-1.5699410113928634e-02
-1.5357960153330430e-02
-1.5027745629691657e-02
-1.4707976873568208e-02
-1.4398882153610917e-02
-1.4099574213661904e-02
-1.3809500929474677e-02
-1.3528828399886913e-02
-1.3256698852483749e-02
-1.2992782818878163e-02
-1.2995714733725992e-02
-1.3265107561781181e-02
-1.3542969840902204e-02
-1.3830020143302559e-02
-1.4125999842944976e-02
-1.4431682938583825e-02
-1.4747765441635020e-02
-1.5073913437724084e-02
-1.5411213628847105e-02
-1.5760334341209072e-02
-1.6120854628367622e-02
-1.6494235004756729e-02
-1.6880986523259523e-02
-1.7280964721907176e-02
-1.7695700201117961e-02
-1.8125618635576570e-02
-1.8570990375499946e-02
-1.9033350953002817e-02
-1.9513057405942145e-02
-2.0010879617684416e-02
-2.0528363708694791e-02
-2.1065794346073249e-02
-2.1624542959010864e-02
-2.2206176786290954e-02
-2.2810907408212962e-02
-2.3440832962212652e-02
-2.4097485363648342e-02
-2.4781227481797875e-02
-2.5494818769861805e-02
-2.6239624806045855e-02
-2.7016864964115411e-02
-2.7829460182917209e-02
-2.8678821687770500e-02
-2.9567229938016765e-02
-3.0497831435864719e-02
-3.1472132726318436e-02
-3.2493736975001256e-02
-3.3566064003410410e-02
-3.4690932247858984e-02
-3.5873470315603957e-02
-3.7117129130133007e-02
-3.8425438448002718e-02
-3.9804225322487889e-02
-4.1257494557121147e-02
-4.2790996788304420e-02
-4.4411542752018716e-02
-4.6123968788786024e-02
-4.7936944900887679e-02
-4.9858278865976581e-02
-5.1895302259549955e-02
-5.4059346122144983e-02
-5.6359875634566931e-02
-5.8808575642970914e-02
-6.1419647327233484e-02
-6.4205389347708322e-02
-6.7183560206101264e-02
-7.0372099419546433e-02
-7.3789229880358159e-02
-7.7459801729783478e-02
-8.1407559200429497e-02
-8.5661199562924020e-02
-9.0254630883331285e-02
-9.5221375882148920e-02
-1.0060598189610842e-01
-1.0645560014206717e-01
-1.1282306438125898e-01
-1.1977434375108202e-01
-1.2737934486547231e-01
-1.3572390500620324e-01
-1.4490800812413143e-01
-1.5504240083214088e-01
-1.6626587077689028e-01
-1.7873272542625418e-01
-1.9263825498642231e-01
-2.0821537568250664e-01
-2.2573423172346019e-01
-2.4553664750433757e-01
-2.6803296111413633e-01
-2.9372824761484717e-01
-3.2326326855595156e-01
-3.5742859376407293e-01
-3.9724656016914633e-01
-4.4402864725122743e-01
-4.9947788694481504e-01
-5.6585122112333819e-01
-6.4614152303991379e-01
-7.4458585933153298e-01
-8.6705440253212696e-01
-1.0219442054110239e+00
-1.2215221790503388e+00
-1.4844595698544940e+00
-1.8405274140762951e+00
-2.3372886825166321e+00
-3.0576424076627551e+00
-4.1489464379637395e+00
-5.8847238303512199e+00
-8.7468146570251886e+00
-1.3120635622582485e+01
-1.6278923777031469e+01
0.0000000000000000e+00
1.3464638167935297e-01
0.0000000000000000e+00
0.0000000000000000e+00
];
