%Vec Object:sol 1 MPI processes
%  type: mpi
sol = [
0.0000000000000000e+00
-4.1662986886364273e+01
-2.4419765464345375e+01
-1.3080067293872480e+01
-7.6646631798230151e+00
-4.9380834093294093e+00
-3.4207247330277468e+00
-2.5001017146116307e+00
-1.9032890393364406e+00
-1.4956478551467076e+00
-1.2057059263148120e+00
-9.9203627953333340e-01
-8.3025313528347477e-01
-7.0500762754021395e-01
-6.0603485016670444e-01
-5.2648704433374349e-01
-4.6165230416873149e-01
-4.0810653042555894e-01
-3.6331294988640056e-01
-3.2551983989430067e-01
-2.9335840472483921e-01
-2.6571691876605746e-01
-2.4182337097936812e-01
-2.2103567573294020e-01
-2.0281573815194082e-01
-1.8676448176328175e-01
-1.7256361137645501e-01
-1.5993036251793480e-01
-1.4863366346586204e-01
-1.3850703132910214e-01
-1.2939293865519905e-01
-1.2114426249960719e-01
-1.1367131984507019e-01
-1.0688034432851688e-01
-1.0067716747732398e-01
-9.5006104083368001e-02
-8.9810255282603668e-02
-8.5029939900733265e-02
-8.0624993256546401e-02
-7.6561317174488372e-02
-7.2800174020140745e-02
-6.9310764193163066e-02
-6.6072766522536366e-02
-6.3060613811131996e-02
-6.0249563771412627e-02
-5.7627824535255730e-02
-5.5178344146916400e-02
-5.2880566528727121e-02
-5.0728067129498705e-02
-4.8709016660529854e-02
-4.6806707604271171e-02
-4.5017257160114448e-02
-4.3332502443029948e-02
-4.1740556501787360e-02
-4.0237333234627908e-02
-3.8817377721289237e-02
-3.7471858339058473e-02
-3.6196910520633847e-02
-3.4989025486103949e-02
-3.3841567272982383e-02
-3.2750903129720239e-02
-3.1714862599947137e-02
-3.0728403347249664e-02
-2.9788141923383991e-02
-2.8892826817913966e-02
-2.8038581557881827e-02
-2.7222287867417462e-02
-2.6443320097654030e-02
-2.5698659170499412e-02
-2.4985463329000930e-02
-2.4303526356725790e-02
-2.3650461807839432e-02
-2.3023710475610276e-02
-2.2423338949901478e-02
-2.1847427871307609e-02
-2.1293701613944001e-02
-2.0762395248992031e-02
-2.0251933634157657e-02
-1.9760321755041412e-02
-1.9287888573941821e-02
-1.8833311256556948e-02
-1.8394869200720611e-02
-1.7972932169556456e-02
-1.7566360533200511e-02
-1.7173699636674006e-02
-1.6795322276962805e-02
-1.6430219800879487e-02
-1.6077193392625321e-02
-1.5736592351076294e-02
-1.5407499414087150e-02
-1.5088960486574318e-02
-1.4781282944640465e-02
-1.4483610796837486e-02
-1.4195222936740005e-02
-1.3916372431901178e-02
-1.3646241723940125e-02
-1.3384330799990098e-02
-1.3130830229254578e-02
-1.2884943487495575e-02
-1.2646379740864067e-02
-1.2667257313472092e-02
-1.2948313416604450e-02
-1.3238480440064131e-02
-1.3538500092158137e-02
-1.3848166971526389e-02
-1.4168281060645551e-02
-1.4499571607122000e-02
-1.4841765001775651e-02
-1.5195977081656473e-02
-1.5562920657385756e-02
-1.5942242881007714e-02
-1.6335439408096990e-02
-1.6743080244540850e-02
-1.7165091972215933e-02
-1.7603055824961970e-02
-1.8057470034174607e-02
-1.8528681508549624e-02
-1.9018295354726593e-02
-1.9526755898838434e-02
-2.0054920299783532e-02
-2.0604425809337322e-02
-2.1175660883439609e-02
-2.1770102220003695e-02
-2.2389432866153441e-02
-2.3033987131828366e-02
-2.3705995694951590e-02
-2.4407134750972656e-02
-2.5137913408012878e-02
-2.5901261794261773e-02
-2.6698721260014498e-02
-2.7531694433590718e-02
-2.8403318098149624e-02
-2.9315217577290800e-02
-3.0269911066501506e-02
-3.1270816248446479e-02
-3.2319700913220062e-02
-3.3420484734324782e-02
-3.4576926610523605e-02
-3.5791169407212088e-02
-3.7068765960153224e-02
-3.8413582708922395e-02
-3.9829591625703736e-02
-4.1323159698132668e-02
-4.2898815440634869e-02
-4.4562920803839362e-02
-4.6322979373648619e-02
-4.8184496649652575e-02
-5.0156996186567798e-02
-5.2249169218982226e-02
-5.4469267609786327e-02
-5.6829772760661104e-02
-5.9341300119774038e-02
-6.2016857259558536e-02
-6.4872179466668595e-02
-6.7921108967596552e-02
-7.1183321964580590e-02
-7.4678818743708755e-02
-7.8428030802370374e-02
-8.2458530189588541e-02
-8.6796904027056240e-02
-9.1475164092056971e-02
-9.6531071165352755e-02
-1.0200222729141693e-01
-1.0793822462922095e-01
-1.1439176472927287e-01
-1.2142196639931120e-01
-1.2910239564379575e-01
-1.3751132413402375e-01
-1.4674326782139907e-01
-1.5690599040597358e-01
-1.6812741534738618e-01
-1.8056455235492735e-01
-1.9439421378303451e-01
-2.0982962682848144e-01
-2.2713107189883672e-01
-2.4660081915605389e-01
-2.6862084127125574e-01
-2.9364995014077111e-01
-3.2225287427679822e-01
-3.5514565369454093e-01
-3.9321206750395005e-01
-4.3759432798923031e-01
-4.8975754685613926e-01
-5.5156819516940947e-01
-6.2554138131386083e-01
-7.1510232023180054e-01
-8.2492256822097643e-01
-9.6154346206190000e-01
-1.1342490921276871e+00
-1.3565699834067708e+00
-1.6495889729459847e+00
-2.0457420848062871e+00
-2.5984843062153864e+00
-3.3985685871821718e+00
-4.6098191077121546e+00
-6.5354756034775736e+00
-9.7196605426904696e+00
-1.4658306155293092e+01
-1.8362043394982141e+01
0.0000000000000000e+00
2.4055929233035767e-01
0.0000000000000000e+00
0.0000000000000000e+00
];
