%Vec Object:sol 1 MPI processes
%  type: mpi
sol = [
0.0000000000000000e+00
-4.2398268098265817e+01
-2.4657004527360435e+01
-1.3145897494665549e+01
-7.6897622708108901e+00
-4.9503767206173892e+00
-3.4274396247615955e+00
-2.5046910315008768e+00
-1.9060393594210823e+00
-1.4977023978076318e+00
-1.2071447653698011e+00
-9.9298295162097283e-01
-8.3099596738876569e-01
-7.0559533452172352e-01
-6.0650189793250864e-01
-5.2685901207535668e-01
-4.6189037957145634e-01
-4.0824330420273924e-01
-3.6339228717518901e-01
-3.2556840915087321e-01
-2.9338147142829268e-01
-2.6571863867524087e-01
-2.4180719515715815e-01
-2.2100443759130875e-01
-2.0277174140804405e-01
-1.8670965564163289e-01
-1.7249958593318010e-01
-1.5985849546239528e-01
-1.4855509440509537e-01
-1.3842274557160344e-01
-1.2930377306141466e-01
-1.2105091998025411e-01
-1.1357441866024419e-01
-1.0678042498728377e-01
-1.0057376556398365e-01
-9.4898160805553425e-02
-8.9698502265898150e-02
-8.4915000151264866e-02
-8.0507402143721513e-02
-7.6441534460926885e-02
-7.2678595571821422e-02
-6.9187732671638871e-02
-6.5948576632744962e-02
-6.2935521033530326e-02
-6.0123792274526203e-02
-5.7501565613100526e-02
-5.5051763756021180e-02
-5.2753813990932610e-02
-5.0601268332941270e-02
-4.8582251604986235e-02
-4.6680572423964485e-02
-4.4891896998398788e-02
-4.3207927542932081e-02
-4.1616780070347748e-02
-4.0114361701343706e-02
-3.8695213410086200e-02
-3.7350506674466752e-02
-3.6076372840568499e-02
-3.4869298834227284e-02
-3.3722651622352467e-02
-3.2632796624887099e-02
-3.1597558797849840e-02
-3.0611898439918017e-02
-2.9672432087363233e-02
-2.8777903353373331e-02
-2.7924438081050378e-02
-2.7108919371883488e-02
-2.6330716476260518e-02
-2.5586812335604683e-02
-2.4874367605789753e-02
-2.4193170819303327e-02
-2.3540837306986386e-02
-2.2914810985688382e-02
-2.2315153134766307e-02
-2.1739946001061619e-02
-2.1186917505110647e-02
-2.0656297437655440e-02
-2.0146512169568295e-02
-1.9655570399644811e-02
-1.9183795930171336e-02
-1.8729867425998786e-02
-1.8292067942930965e-02
-1.7870762284660807e-02
-1.7464812381235525e-02
-1.7072766985141583e-02
-1.6694994210699098e-02
-1.6330487096261389e-02
-1.5978049816030546e-02
-1.5638027327223816e-02
-1.5309504254260132e-02
-1.4991528928271172e-02
-1.4684404785344831e-02
-1.4387277974014052e-02
-1.4099429126457372e-02
-1.3821107821109322e-02
-1.3551498945330708e-02
-1.3290103430561469e-02
-1.3037108850760466e-02
-1.2791721478636530e-02
-1.2553650536822135e-02
-1.2573139966946900e-02
-1.2850845363280921e-02
-1.3137537739974533e-02
-1.3433950927821833e-02
-1.3739877578302473e-02
-1.4056109104589567e-02
-1.4383366298423189e-02
-1.4721373699462505e-02
-1.5071235705750665e-02
-1.5433656052962657e-02
-1.5808280184844727e-02
-1.6196588720339113e-02
-1.6599142820768020e-02
-1.7015864812934812e-02
-1.7448319139449352e-02
-1.7896994882422912e-02
-1.8362230795850105e-02
-1.8845613734312910e-02
-1.9347578348551341e-02
-1.9868968645349903e-02
-2.0411401928077576e-02
-2.0975256354282698e-02
-2.1561989079658110e-02
-2.2173261194993837e-02
-2.2809395919508715e-02
-2.3472596268840858e-02
-2.4164514677005190e-02
-2.4885646152870318e-02
-2.5638884805087456e-02
-2.6425747306638027e-02
-2.7247612275854920e-02
-2.8107575818629906e-02
-2.9007235398567817e-02
-2.9949072314139416e-02
-3.0936457657349214e-02
-3.1971127134375076e-02
-3.3056946701354804e-02
-3.4197621474012181e-02
-3.5395255056413139e-02
-3.6655325998639923e-02
-3.7981641229592342e-02
-3.9378110632053112e-02
-4.0851012794876719e-02
-4.2404804378371873e-02
-4.4045754540261557e-02
-4.5781259401650655e-02
-4.7616735373133455e-02
-4.9561571575397027e-02
-5.1624330081635451e-02
-5.3813135095023001e-02
-5.6140290512370516e-02
-5.8616250224579253e-02
-6.1253829561288872e-02
-6.4068535767379156e-02
-6.7073998748648889e-02
-7.0289610467223734e-02
-7.3735075974214512e-02
-7.7430519090197214e-02
-8.1403052294683073e-02
-8.5677084751854427e-02
-9.0285610191539606e-02
-9.5265858632099729e-02
-1.0065481042883137e-01
-1.0650126655237455e-01
-1.1285706960555859e-01
-1.1978036760126484e-01
-1.2734353743694299e-01
-1.3562355663166925e-01
-1.4471473606232457e-01
-1.5472695883457907e-01
-1.6578218720814489e-01
-1.7803515277278686e-01
-1.9166009696361194e-01
-2.0686716419845194e-01
-2.2391289428133279e-01
-2.4309522012694257e-01
-2.6479067980107507e-01
-2.8945158509858809e-01
-3.1763471375264835e-01
-3.5004610244128148e-01
-3.8755726668680701e-01
-4.3126425219492498e-01
-4.8261051749729461e-01
-5.4348186949638633e-01
-6.1638219558656593e-01
-7.0465432270182882e-01
-8.1290850411190185e-01
-9.4756878145750922e-01
-1.1176293617835755e+00
-1.3368576990257208e+00
-1.6258711815852653e+00
-2.0162802517750906e+00
-2.5615136405794257e+00
-3.3508806170088978e+00
-4.5460942965598736e+00
-6.4460201793964567e+00
-9.5880361787722279e+00
-1.4452576845604518e+01
-1.8084724902242385e+01
0.0000000000000000e+00
2.4055929233035767e-01
0.0000000000000000e+00
0.0000000000000000e+00
];
