%Vec Object:sol 1 MPI processes
%  type: mpi
sol = [
0.0000000000000000e+00
-4.4443242396215737e+01
-2.5188782356140926e+01
-1.3230326263156302e+01
-7.6753536872738817e+00
-4.9125153442105693e+00
-3.3833263361861303e+00
-2.4601591496056430e+00
-1.8640716249944622e+00
-1.4579705373765002e+00
-1.1699569304638275e+00
-9.5843618605147551e-01
-7.9874808163398558e-01
-6.7535228127063107e-01
-5.7809928704044400e-01
-5.0013798041294799e-01
-4.3675922232873804e-01
-3.8454899159195161e-01
-3.4100245686989011e-01
-3.0436415031554792e-01
-2.7325840308835864e-01
-2.4658582207416216e-01
-2.2357257276846093e-01
-2.0359906255183904e-01
-1.8613543303950611e-01
-1.7078762477949902e-01
-1.5724127440316318e-01
-1.4521896249385197e-01
-1.3449435708093546e-01
-1.2490294198734669e-01
-1.1629056212898184e-01
-1.0851457745040033e-01
-1.0148599869022885e-01
-9.5113338729452698e-02
-8.9305967150741655e-02
-8.4008796947127123e-02
-7.9166355835409319e-02
-7.4721419284878410e-02
-7.0634775634561400e-02
-6.6873037725315235e-02
-6.3399157713935034e-02
-6.0183528695770434e-02
-5.7206054340615702e-02
-5.4442310145530262e-02
-5.1868895537019871e-02
-4.9473916141762268e-02
-4.7241068337431802e-02
-4.5151222690808283e-02
-4.3197634005372944e-02
-4.1368968727766214e-02
-3.9650322535426739e-02
-3.8037098864610187e-02
-3.6521367694954898e-02
-3.5092234189416413e-02
-3.3745541228672953e-02
-3.2476015587059884e-02
-3.1275592227123179e-02
-3.0140479151700525e-02
-2.9067219635170984e-02
-2.8049772797972671e-02
-2.7084677229803674e-02
-2.6169723717076970e-02
-2.5300334884779740e-02
-2.4473362483680733e-02
-2.3687454543597625e-02
-2.2939101159348788e-02
-2.2225456235259903e-02
-2.1545753839672371e-02
-2.0897267365172389e-02
-2.0277444099739056e-02
-1.9685913869232800e-02
-1.9120527449931212e-02
-1.8579016169591001e-02
-1.8061271161130397e-02
-1.7565569747467379e-02
-1.7089916695567992e-02
-1.6634369211011493e-02
-1.6197519776771134e-02
-1.5777634903508076e-02
-1.5374870083251866e-02
-1.4988050043908309e-02
-1.4615690424888889e-02
-1.4257996912251065e-02
-1.3913964406582168e-02
-1.3582344579743019e-02
-1.3263359201737492e-02
-1.2956126619130310e-02
-1.2659621218318467e-02
-1.2374056908605276e-02
-1.2098640179510961e-02
-1.1832554898614902e-02
-1.1575990482160917e-02
-1.1328214775749327e-02
-1.1088608154712378e-02
-1.0857324297535151e-02
-1.0633672122854673e-02
-1.0417216032415933e-02
-1.0208066469689997e-02
-1.0005557991308226e-02
-9.8094270322915227e-03
-9.8149781735583034e-03
-1.0022131934329839e-02
-1.0236166017861729e-02
-1.0457663862732768e-02
-1.0686468796170219e-02
-1.0923212327706367e-02
-1.1168470401715144e-02
-1.1422038264280371e-02
-1.1684796754335204e-02
-1.1957312665165483e-02
-1.2239326457104668e-02
-1.2532018273403053e-02
-1.2835849986306550e-02
-1.3150787379106797e-02
-1.3478082873244677e-02
-1.3818151286437957e-02
-1.4171294570842976e-02
-1.4538792394638504e-02
-1.4921029698695226e-02
-1.5318716377471958e-02
-1.5733169730176647e-02
-1.6164747633906459e-02
-1.6614655383990720e-02
-1.7084264013957823e-02
-1.7573861704376310e-02
-1.8085267139164793e-02
-1.8619903870992844e-02
-1.9178271898987975e-02
-1.9762750425105658e-02
-2.0374660054133565e-02
-2.1015227909472450e-02
-2.1687034649253468e-02
-2.2391511827370373e-02
-2.3130798565423959e-02
-2.3907750048186505e-02
-2.4723970247945634e-02
-2.5582751230170456e-02
-2.6487290888790704e-02
-2.7439568012585316e-02
-2.8444236165941050e-02
-2.9504684448470531e-02
-3.0624426135948870e-02
-3.1808883315147966e-02
-3.3062106856829740e-02
-3.4389632648156275e-02
-3.5797957994484833e-02
-3.7292100017834853e-02
-3.8880297120909527e-02
-4.0570241488031185e-02
-4.2369388978300504e-02
-4.4288637205459405e-02
-4.6337565791313089e-02
-4.8527791161946769e-02
-5.0873268891019799e-02
-5.3386667250438356e-02
-5.6085503535333744e-02
-5.8987834470659382e-02
-6.2112362904956336e-02
-6.5483838416742671e-02
-6.9126644012287214e-02
-7.3069968485894796e-02
-7.7348178783444271e-02
-8.1996146232233294e-02
-8.7059158373682596e-02
-9.2585908636601336e-02
-9.8631302400163642e-02
-1.0526322586527878e-01
-1.1255483395728717e-01
-1.2059538997369543e-01
-1.2948923057729880e-01
-1.3935323817019685e-01
-1.5033480176796576e-01
-1.6260138629687632e-01
-1.7635520071415420e-01
-1.9184332899597600e-01
-2.0935479229069151e-01
-2.2925429112768969e-01
-2.5198219698393531e-01
-2.7808230119172817e-01
-3.0823622288259472e-01
-3.4328681346517320e-01
-3.8435386070678423e-01
-4.3286020812938752e-01
-4.9065919386359852e-01
-5.6023676711712400e-01
-6.4492405198061975e-01
-7.4932593926198976e-01
-8.7983523167670452e-01
-1.0456042904351961e+00
-1.2604356034481548e+00
-1.5451558254253159e+00
-1.9318805035392155e+00
-2.4748980098665352e+00
-3.2650545511114744e+00
-4.4679232535903521e+00
-6.3905831683636309e+00
-9.5882474154511925e+00
-1.4584995224132239e+01
-1.8412235478442717e+01
0.0000000000000000e+00
2.4055929233035767e-01
0.0000000000000000e+00
0.0000000000000000e+00
];
