%Vec Object:sol 1 MPI processes
%  type: mpi
sol = [
0.0000000000000000e+00
-4.1559210910538802e+01
-2.4385886138211326e+01
-1.3070676446319442e+01
-7.6607608972345833e+00
-4.9363448670999039e+00
-3.4197781399454144e+00
-2.4994555752682772e+00
-1.9029035848079383e+00
-1.4953603051614848e+00
-1.2054856534298988e+00
-9.9190537055548278e-01
-8.3015070594040630e-01
-7.0492685730439075e-01
-6.0597091574672657e-01
-5.2643641520868489e-01
-4.6161232254188628e-01
-4.0807517781690317e-01
-3.6330349536582163e-01
-3.2551461259607506e-01
-2.9335667591745068e-01
-2.6571811362360148e-01
-2.4182701235582185e-01
-2.2104137211666397e-01
-2.0282317142745623e-01
-1.8677338570206345e-01
-1.7257376121273971e-01
-1.5994157118336155e-01
-1.4864577405687376e-01
-1.3851990833763445e-01
-1.2940646710397308e-01
-1.2115834586638830e-01
-1.1368587337495462e-01
-1.0689529523972491e-01
-1.0069245394000881e-01
-9.5021671765489590e-02
-8.9826057057948328e-02
-8.5045935117873825e-02
-8.0641146276923953e-02
-7.6577596934131048e-02
-7.2816553402728218e-02
-6.9327219354710715e-02
-6.6089276754377493e-02
-6.3077160932856854e-02
-6.0266131528142058e-02
-5.7644399055483526e-02
-5.5194913317356688e-02
-5.2897118992118283e-02
-5.0744594695163653e-02
-4.8725483436961689e-02
-4.6823601848245487e-02
-4.5034632123476394e-02
-4.3350315181323963e-02
-4.1758551184657419e-02
-4.0255222985053900e-02
-3.8835142542688904e-02
-3.7489497881659131e-02
-3.6214425002415875e-02
-3.5006415724080850e-02
-3.3858833622765643e-02
-3.2768046189789152e-02
-3.1731883617461286e-02
-3.0745303160178622e-02
-2.9804921352627318e-02
-2.8909487379450604e-02
-2.8055124411591290e-02
-2.7238713957031820e-02
-2.6459631097492105e-02
-2.5714856446615808e-02
-2.5001547884025550e-02
-2.4319499947493262e-02
-2.3666325921647271e-02
-2.3039466135947009e-02
-2.2438987944100312e-02
-2.1862971744549275e-02
-2.1309141388629129e-02
-2.0777732707633396e-02
-2.0267170332596462e-02
-1.9775458704175065e-02
-1.9302927527703781e-02
-1.8848253745736177e-02
-1.8409716220892585e-02
-1.7987685430456327e-02
-1.7581021513819517e-02
-1.7188269318484144e-02
-1.6809802315588283e-02
-1.6444611603184500e-02
-1.6091497929447595e-02
-1.5750811218141716e-02
-1.5421633930973727e-02
-1.5103011619260826e-02
-1.4795252225924151e-02
-1.4497499447460845e-02
-1.4209031923920217e-02
-1.3930103224512319e-02
-1.3659895435269570e-02
-1.3397908405045927e-02
-1.3144333133360863e-02
-1.2898372690322521e-02
-1.2659736232247020e-02
-1.2680812029455150e-02
-1.2962348941735561e-02
-1.3253014522143541e-02
-1.3553551608262829e-02
-1.3863755072788815e-02
-1.4184426126538589e-02
-1.4516295228426571e-02
-1.4859089028605115e-02
-1.5213925004443437e-02
-1.5581517265520773e-02
-1.5961513201672568e-02
-1.6355410625051067e-02
-1.6763780805694708e-02
-1.7186550928730282e-02
-1.7625304634901900e-02
-1.8080541461895059e-02
-1.8552609481170636e-02
-1.9043116413997557e-02
-1.9552507966473221e-02
-2.0081643177032940e-02
-2.0632162153159345e-02
-2.1204454818118626e-02
-2.1800000665369076e-02
-2.2420485883184856e-02
-2.3066246360062322e-02
-2.3739516732974787e-02
-2.4441976594239571e-02
-2.5174137059592285e-02
-2.5938933412483128e-02
-2.6737910527322953e-02
-2.7572474459512691e-02
-2.8445767810800524e-02
-2.9359419880914606e-02
-3.0315954137302592e-02
-3.1318794923507240e-02
-3.2369714606014663e-02
-3.3472640537212717e-02
-3.4631339300851514e-02
-3.5847959361028137e-02
-3.7128064173985946e-02
-3.8475528676051543e-02
-3.9894333702783558e-02
-4.1390858874011324e-02
-4.2969642958834431e-02
-4.4637061160459790e-02
-4.6400632414658090e-02
-4.8265874930756625e-02
-5.0242331466551618e-02
-5.2338711695644517e-02
-5.4563285697141528e-02
-5.6928560222114864e-02
-5.9445173772393820e-02
-6.2126161359523618e-02
-6.4987290823736971e-02
-6.8042434679415981e-02
-7.1311309700768280e-02
-7.4813958294987076e-02
-7.8570855809673379e-02
-8.2609631132706654e-02
-8.6956927927320807e-02
-9.1644824998149493e-02
-9.6711161563558870e-02
-1.0219361951467731e-01
-1.0814189342798854e-01
-1.1460879490447018e-01
-1.2165356633936547e-01
-1.2934992535051992e-01
-1.3777630656790527e-01
-1.4702878764384028e-01
-1.5721773665019231e-01
-1.6846289813657314e-01
-1.8092633569858424e-01
-1.9478522798657041e-01
-2.1025324136663801e-01
-2.2759118906304721e-01
-2.4710195884356051e-01
-2.6916829719188073e-01
-2.9424994126008391e-01
-3.2291275103624351e-01
-3.5587418984228780e-01
-3.9401978105704244e-01
-4.3849397101576648e-01
-4.9076471004658023e-01
-5.5272298109163764e-01
-6.2684906183071465e-01
-7.1659361107709674e-01
-8.2663688781081912e-01
-9.6353221979660342e-01
-1.1366197796640456e+00
-1.3593806025132911e+00
-1.6529690816299438e+00
-2.0499395495398596e+00
-2.6037191511195590e+00
-3.4053548460321466e+00
-4.6188798806114093e+00
-6.5481822662372711e+00
-9.7383285571294511e+00
-1.4687437145282534e+01
-1.8401287843400514e+01
0.0000000000000000e+00
2.4055929233035767e-01
0.0000000000000000e+00
0.0000000000000000e+00
];
