%Vec Object:sol 1 MPI processes
%  type: mpi
sol = [
0.0000000000000000e+00
-7.9921667400856748e+01
-3.5857658356902618e+01
-1.6957219997327641e+01
-9.4491676555238637e+00
-5.9405256337508776e+00
-4.0559645639423900e+00
-2.9371363476916468e+00
-2.2206827847069563e+00
-1.7364557033266992e+00
-1.3938815024099147e+00
-1.1429604435530076e+00
-9.5391182543928099e-01
-8.0786920716816624e-01
-6.9279128556100267e-01
-6.0053246782280600e-01
-5.2550212760237924e-01
-4.6365527676142820e-01
-4.1202830242123828e-01
-3.6854959356752326e-01
-3.3157166041767527e-01
-2.9983217200356432e-01
-2.7242991631243396e-01
-2.4861696163674019e-01
-2.2776812915834377e-01
-2.0941982520291708e-01
-1.9320260522742513e-01
-1.7878916148912422e-01
-1.6591233895134719e-01
-1.5437928392766020e-01
-1.4400812816047637e-01
-1.3462957463884989e-01
-1.2613975916874476e-01
-1.1843066478693887e-01
-1.1139430881529405e-01
-1.0496631739423855e-01
-9.9081222039406086e-02
-9.3670732274740792e-02
-8.8688636517576580e-02
-8.4095669761038300e-02
-7.9847573934628768e-02
-7.5909108541384621e-02
-7.2256798773713701e-02
-6.8861456421438941e-02
-6.5694946143301861e-02
-6.2743468659011731e-02
-5.9986988924214550e-02
-5.7402851640052155e-02
-5.4983616967203594e-02
-5.2715735950698714e-02
-5.0580987043178718e-02
-4.8574216296005966e-02
-4.6685950158515406e-02
-4.4902841492856338e-02
-4.3220100306851854e-02
-4.1631464693040549e-02
-4.0127036786029885e-02
-3.8702350770780429e-02
-3.7353341722845546e-02
-3.6072584602464958e-02
-3.4855932425999214e-02
-3.3700828351858642e-02
-3.2601638504997914e-02
-3.1554540410288691e-02
-3.0558011555655365e-02
-2.9607726301252694e-02
-2.8700192985150190e-02
-2.7834593532642102e-02
-2.7007563186249414e-02
-2.6215944735609596e-02
-2.5459392742629160e-02
-2.4735251001548837e-02
-2.4040695874402055e-02
-2.3375690601502717e-02
-2.2738102319204818e-02
-2.2125435708542574e-02
-2.1537846460185636e-02
-2.0973588045376496e-02
-2.0430484683694496e-02
-1.9908801862853268e-02
-1.9407077298593589e-02
-1.8923443215648202e-02
-1.8458216333898322e-02
-1.8010142142025010e-02
-1.7577647460188424e-02
-1.7161058887978663e-02
-1.6759272148278857e-02
-1.6370994024687745e-02
-1.5996532127511006e-02
-1.5634888985297527e-02
-1.5285036045994212e-02
-1.4947242127505500e-02
-1.4620583702541963e-02
-1.4304281346151472e-02
-1.3998551911320111e-02
-1.3702521037356115e-02
-1.3415643050041219e-02
-1.3138074304256684e-02
-1.2868970848093001e-02
-1.2608005624831609e-02
-1.2606054721188732e-02
-1.2862445207314867e-02
-1.3126815409929788e-02
-1.3399852173993308e-02
-1.3681289097480032e-02
-1.3971865592308787e-02
-1.4272243608711509e-02
-1.4582081706988163e-02
-1.4902420435235850e-02
-1.5233891517468323e-02
-1.5576066871435847e-02
-1.5930346386301534e-02
-1.6297205314929671e-02
-1.6676481637565566e-02
-1.7069638224668449e-02
-1.7477063525854493e-02
-1.7898994496294819e-02
-1.8336892927248057e-02
-1.8791076230881682e-02
-1.9262260646761283e-02
-1.9751911502344871e-02
-2.0260270941816257e-02
-2.0788630897453933e-02
-2.1338469375814358e-02
-2.1909951719790734e-02
-2.2505063720071061e-02
-2.3125240241673631e-02
-2.3770785210688171e-02
-2.4444311748569026e-02
-2.5147083852389090e-02
-2.5880221586975963e-02
-2.6646479968106988e-02
-2.7447154777611279e-02
-2.8284374621581967e-02
-2.9161095081062269e-02
-3.0078688824693531e-02
-3.1040538465399233e-02
-3.2049842233338406e-02
-3.3108253915941556e-02
-3.4220597170841957e-02
-3.5390075693361008e-02
-3.6619960609538885e-02
-3.7915714211327514e-02
-3.9281040982554985e-02
-4.0721306146859156e-02
-4.2242874572326290e-02
-4.3850208039268763e-02
-4.5551418542842163e-02
-4.7353774159256290e-02
-4.9264069864232977e-02
-5.1292897153934779e-02
-5.3449041583775905e-02
-5.5743381079292539e-02
-5.8189161090937976e-02
-6.0797781964402740e-02
-6.3585808288690579e-02
-6.6569933639661821e-02
-6.9767077520474494e-02
-7.3200409709162487e-02
-7.6891989776241371e-02
-8.0868519988775020e-02
-8.5161574135933060e-02
-8.9802278760012663e-02
-9.4832123597337406e-02
-1.0029495834042527e-01
-1.0623924660113904e-01
-1.1272451610272298e-01
-1.1981767421647081e-01
-1.2759846748585679e-01
-1.3615977316996922e-01
-1.4560436067551616e-01
-1.5606312535112382e-01
-1.6768305602957198e-01
-1.8064155341279692e-01
-1.9515534951038041e-01
-2.1147571368421730e-01
-2.2992078306696112e-01
-2.5087241121026327e-01
-2.7480066824828620e-01
-3.0230210800354551e-01
-3.3411274455029949e-01
-3.7118470381135960e-01
-4.1473962150929466e-01
-4.6633452513624635e-01
-5.2808630025928738e-01
-6.0284609324476990e-01
-6.9452247980162440e-01
-8.0859304412017718e-01
-9.5289625132510358e-01
-1.1387838321045520e+00
-1.3839266626824711e+00
-1.7159760739769416e+00
-2.1795286053614356e+00
-2.8520538183969681e+00
-3.8713431493352970e+00
-5.4919239905745449e+00
-8.1566595740453653e+00
-1.2185022308449073e+01
-1.5016489306916579e+01
0.0000000000000000e+00
1.3464638167935297e-01
0.0000000000000000e+00
0.0000000000000000e+00
];
