%Vec Object:sol 1 MPI processes
%  type: mpi
sol = [
0.0000000000000000e+00
-4.2645202035988156e+01
-2.4733478863230832e+01
-1.3167945036423715e+01
-7.6981405647159331e+00
-4.9545215376414857e+00
-3.4297110003697142e+00
-2.5061630725232642e+00
-1.9069756016707251e+00
-1.4984020811726411e+00
-1.2075655653336428e+00
-9.9330951713947058e-01
-8.3125259737275359e-01
-7.0579876360613258e-01
-6.0666395957768637e-01
-5.2694071195030046e-01
-4.6195014162447795e-01
-4.0828719672458047e-01
-3.6342317398141211e-01
-3.2558858592722401e-01
-2.9339276615080606e-01
-2.6572249419386601e-01
-2.4180480880083902e-01
-2.2099679218466831e-01
-2.0275963614218642e-01
-1.8669375966305921e-01
-1.7248046452130616e-01
-1.5983661954388378e-01
-1.4853085929032120e-01
-1.3839649343428331e-01
-1.2927580758463278e-01
-1.2101932987942221e-01
-1.1353824456140624e-01
-1.0674043972855785e-01
-1.0053153609133461e-01
-9.4855690624364608e-02
-8.9655864804518204e-02
-8.4872258229588340e-02
-8.0464610125347155e-02
-7.6398738973142186e-02
-7.2635836902652171e-02
-6.9145045836787683e-02
-6.5905991140690484e-02
-6.2893062396406116e-02
-6.0081483263839303e-02
-5.7459424583797006e-02
-5.5009806308507402e-02
-5.2712055053724602e-02
-5.0559718882017900e-02
-4.8540920648850745e-02
-4.6639469486393192e-02
-4.4851028282834673e-02
-4.3167297749447546e-02
-4.1576394716131788e-02
-4.0074224011380902e-02
-3.8655325180432167e-02
-3.7310870606901796e-02
-3.6036990236956244e-02
-3.4830169532336586e-02
-3.3683776339941601e-02
-3.2594175429106732e-02
-3.1559190213221767e-02
-3.0573781795764830e-02
-2.9634566664901031e-02
-2.8740286808102342e-02
-2.7887068783810247e-02
-2.7071796109249393e-02
-2.6293836343145058e-02
-2.5550173055854650e-02
-2.4837967664871681e-02
-2.4157006966649928e-02
-2.3504906849193204e-02
-2.2879112229574384e-02
-2.2279682634848547e-02
-2.1704700818807623e-02
-2.1151895845749252e-02
-2.0621495765948246e-02
-2.0111927430964138e-02
-1.9621200742181072e-02
-1.9149637802126782e-02
-1.8695917754981823e-02
-1.8258324844476318e-02
-1.7837222241082605e-02
-1.7431472376617511e-02
-1.7039625112166293e-02
-1.6662047020062704e-02
-1.6297731685615484e-02
-1.5945484256931791e-02
-1.5605648261437975e-02
-1.5277308936114441e-02
-1.4959515402810507e-02
-1.4652569799784111e-02
-1.4355618972717085e-02
-1.4067944120163985e-02
-1.3789793670877157e-02
-1.3520353310963426e-02
-1.3259124278430939e-02
-1.3006293159850919e-02
-1.2761067143117361e-02
-1.2523155466494981e-02
-1.2542185600109107e-02
-1.2818786122379622e-02
-1.3104332691171460e-02
-1.3399556537746203e-02
-1.3704249663106946e-02
-1.4019200652490803e-02
-1.4345127505840900e-02
-1.4681754142710897e-02
-1.5030181187139847e-02
-1.5391109377121258e-02
-1.5764183581921949e-02
-1.6150879460152652e-02
-1.6551755248837143e-02
-1.6966731860618839e-02
-1.7397368197036012e-02
-1.7844150313102651e-02
-1.8307414262817557e-02
-1.8788740875093888e-02
-1.9288561597623603e-02
-1.9807716088777544e-02
-2.0347815063559302e-02
-2.0909233268315723e-02
-2.1493421401755509e-02
-2.2102033300317098e-02
-2.2735388507502827e-02
-2.3395680901801233e-02
-2.4084555063325450e-02
-2.4802501328538437e-02
-2.5552401909562875e-02
-2.6335765316828699e-02
-2.7153962225159409e-02
-2.8010075299204521e-02
-2.8905692784015363e-02
-2.9843283776965872e-02
-3.0826203968721339e-02
-3.1856178444806912e-02
-3.2937055414337377e-02
-3.4072522263568071e-02
-3.5264669392471581e-02
-3.6518949289339499e-02
-3.7839153071445794e-02
-3.9229167942094870e-02
-4.0695242683623900e-02
-4.2241812547184177e-02
-4.3875113204199671e-02
-4.5602506036655069e-02
-4.7429376914715209e-02
-4.9365070574130129e-02
-5.1418103995353896e-02
-5.3596566989521935e-02
-5.5912716864520401e-02
-5.8376931316585771e-02
-6.1001893334507819e-02
-6.3803264252163899e-02
-6.6793204928597416e-02
-6.9992041432860641e-02
-7.3419398838324684e-02
-7.7095270617885528e-02
-8.1046664681331593e-02
-8.5299601049837484e-02
-8.9885419721730808e-02
-9.4841095029578187e-02
-1.0020341929475438e-01
-1.0602095242464767e-01
-1.1234527799156395e-01
-1.1923425314276447e-01
-1.2675989790416436e-01
-1.3499880623550889e-01
-1.4404482419938819e-01
-1.5400729455520401e-01
-1.6500757754686357e-01
-1.7719965056954931e-01
-1.9075690374272711e-01
-2.0588846056050908e-01
-2.2284962191346094e-01
-2.4193688385684853e-01
-2.6352498391168128e-01
-2.8806407985152149e-01
-3.1610831375246867e-01
-3.4836040754654840e-01
-3.8566810420196307e-01
-4.2914303559125133e-01
-4.8023602848665392e-01
-5.4080882131430785e-01
-6.1335394140286148e-01
-7.0119924180512549e-01
-8.0893460593862410e-01
-9.4287829813221247e-01
-1.1121315160365854e+00
-1.3303342279886652e+00
-1.6178981977924767e+00
-2.0065258365515546e+00
-2.5491583792397239e+00
-3.3350744534544474e+00
-4.5247851393631384e+00
-6.4163252087214699e+00
-9.5442757596696062e+00
-1.4384068021676361e+01
-1.7992333764153123e+01
0.0000000000000000e+00
2.4055929233035767e-01
0.0000000000000000e+00
0.0000000000000000e+00
];
