%Vec Object:sol 1 MPI processes
%  type: mpi
sol = [
0.0000000000000000e+00
-7.3746190155222720e+01
-3.4979955375197122e+01
-1.6851364915434427e+01
-9.4507040317753574e+00
-5.9560255838426448e+00
-4.0726144678585738e+00
-2.9515742166300933e+00
-2.2336504096000738e+00
-1.7470729706296604e+00
-1.4032080744286148e+00
-1.1510889004055067e+00
-9.6087413279979816e-01
-8.1408492853608883e-01
-6.9839334766385208e-01
-6.0561581966210287e-01
-5.3014364492412569e-01
-4.6786779790118743e-01
-4.1587316084884779e-01
-3.7208365417741346e-01
-3.3486534328014528e-01
-3.0291442607026758e-01
-2.7532473777405880e-01
-2.5134472948983849e-01
-2.3034628069969670e-01
-2.1186334567791501e-01
-1.9552445793706871e-01
-1.8100061684793403e-01
-1.6802323579691791e-01
-1.5639828715264076e-01
-1.4594288345041387e-01
-1.3648681132694312e-01
-1.2792549288706206e-01
-1.2014950908362972e-01
-1.1304862534354933e-01
-1.0656096634460120e-01
-1.0062059433238484e-01
-9.5158724841537548e-02
-9.0128776512321360e-02
-8.5491171433532812e-02
-8.1201320510415717e-02
-7.7223709100012139e-02
-7.3534672108548221e-02
-7.0104798275324273e-02
-6.6905725504024835e-02
-6.3923621957231211e-02
-6.1138867124070261e-02
-5.8528034807388898e-02
-5.6083472425068163e-02
-5.3791536102507490e-02
-5.1633853286268551e-02
-4.9605249420229411e-02
-4.7696184090901678e-02
-4.5893192020652111e-02
-4.4191460102762078e-02
-4.2584685029091442e-02
-4.1062876053811696e-02
-3.9621540376213654e-02
-3.8256590813412615e-02
-3.6960529031168386e-02
-3.5729177112815494e-02
-3.4559970280815866e-02
-3.3447216506574062e-02
-3.2387059154259323e-02
-3.1377978380423777e-02
-3.0415602077457370e-02
-2.9496402250047175e-02
-2.8619571149172671e-02
-2.7781706529216701e-02
-2.6979613704848526e-02
-2.6212962998467960e-02
-2.5479067546069472e-02
-2.4775066159616242e-02
-2.4100941466719986e-02
-2.3454535017892152e-02
-2.2833314868066928e-02
-2.2237458313155500e-02
-2.1665196890475788e-02
-2.1114320057307609e-02
-2.0585115953841535e-02
-2.0076102836661777e-02
-1.9585380856086573e-02
-1.9113289517357090e-02
-1.8658556361065459e-02
-1.8219579567405487e-02
-1.7796707883594227e-02
-1.7388819787450084e-02
-1.6994597494032270e-02
-1.6614369521177032e-02
-1.6247121191641001e-02
-1.5891804024849025e-02
-1.5548705986268594e-02
-1.5216885816173812e-02
-1.4895549277298581e-02
-1.4584930210562579e-02
-1.4284135522950894e-02
-1.3992610259241508e-02
-1.3710525265954855e-02
-1.3437016464351718e-02
-1.3171753414156813e-02
-1.3176980075520390e-02
-1.3452444291025101e-02
-1.3736605998088477e-02
-1.4030198546135034e-02
-1.4332966865758651e-02
-1.4645701061129505e-02
-1.4969112997546276e-02
-1.5302872188011650e-02
-1.5648086836211935e-02
-1.6005442293387226e-02
-1.6374520844559721e-02
-1.6756811256149955e-02
-1.7152841211152899e-02
-1.7562474339193297e-02
-1.7987272791130028e-02
-1.8427679517704739e-02
-1.8883980348845631e-02
-1.9357745149585145e-02
-1.9849349333936714e-02
-2.0359587708237807e-02
-2.0890043992940980e-02
-2.1441022563266455e-02
-2.2013931825199548e-02
-2.2610380529447586e-02
-2.3230601677847455e-02
-2.3876745697365136e-02
-2.4550389636264415e-02
-2.5251923697888444e-02
-2.5984175458811327e-02
-2.6748557718182547e-02
-2.7546336007317016e-02
-2.8380508498247803e-02
-2.9252540085695580e-02
-3.0164781887067761e-02
-3.1120469276047034e-02
-3.2121171059569693e-02
-3.3170593093298319e-02
-3.4272258367138493e-02
-3.5428061947310338e-02
-3.6643274487151538e-02
-3.7921462057212300e-02
-3.9266274904913086e-02
-4.0683710056648698e-02
-4.2177912292366088e-02
-4.3754811930011621e-02
-4.5421427598307348e-02
-4.7182770394584031e-02
-4.9047770604360115e-02
-5.1024487963452062e-02
-5.3120505052050786e-02
-5.5347497428152044e-02
-5.7715276028121459e-02
-6.0235246297088985e-02
-6.2922227584439536e-02
-6.5789248162759578e-02
-6.8854608862248604e-02
-7.2136809370867402e-02
-7.5654656736737283e-02
-7.9433756877998099e-02
-8.3498608052012660e-02
-8.7878801046054320e-02
-9.2609289284358687e-02
-9.7724663654373906e-02
-1.0327083810825442e-01
-1.0929643562135551e-01
-1.1585594466976186e-01
-1.2301736328000805e-01
-1.3085278439649212e-01
-1.3945069428090334e-01
-1.4891415957606741e-01
-1.5935736838968295e-01
-1.7092550701091069e-01
-1.8378179542966974e-01
-1.9812315249681850e-01
-2.1419005961438356e-01
-2.3226150553220506e-01
-2.5269042434660721e-01
-2.7590054561041699e-01
-3.0241343708889895e-01
-3.3289076322927075e-01
-3.6812474125663858e-01
-4.0917519954134485e-01
-4.5740129990414885e-01
-5.1455612741495360e-01
-5.8298740666104498e-01
-6.6582976936959259e-01
-7.6740774470029705e-01
-8.9368895538620607e-01
-1.0532476051331225e+00
-1.2589477387922119e+00
-1.5301069784401129e+00
-1.8965948437772646e+00
-2.4085784701703905e+00
-3.1501625204611172e+00
-4.2735335517748867e+00
-6.0596786564648424e+00
-9.0076615101281394e+00
-1.3533550279211099e+01
-1.6835558951070027e+01
0.0000000000000000e+00
1.3464638167935297e-01
0.0000000000000000e+00
0.0000000000000000e+00
];
