%Vec Object:sol 1 MPI processes
%  type: mpi
sol = [
0.0000000000000000e+00
-7.5210287657775126e+01
-3.5202809108129934e+01
-1.6882287781420654e+01
-9.4505694983737474e+00
-5.9536032695160666e+00
-4.0693815445574497e+00
-2.9483124605276032e+00
-2.2304189184423322e+00
-1.7446399184712291e+00
-1.4010461298548371e+00
-1.1490700281666624e+00
-9.5920327644545622e-01
-8.1266994723071895e-01
-6.9710225418035354e-01
-6.0438699515944372e-01
-5.2898004453453207e-01
-4.6681843763750130e-01
-4.1492547045197059e-01
-3.7122051611127599e-01
-3.3407339070672720e-01
-3.0218304341676933e-01
-2.7464541796280389e-01
-2.5071059186830563e-01
-2.2973948773918718e-01
-2.1128082776435123e-01
-1.9496476102717655e-01
-1.8046234314261053e-01
-1.6750506313581059e-01
-1.5589896419341068e-01
-1.4546123996575983e-01
-1.3602177145157116e-01
-1.2747606194554090e-01
-1.1971552566079795e-01
-1.1263164860379740e-01
-1.0615967075391648e-01
-1.0023376684433022e-01
-9.4785295418911925e-02
-8.9767781922511655e-02
-8.5141738473572565e-02
-8.0862669825710623e-02
-7.6895138715750933e-02
-7.3215534129656507e-02
-6.9794507489650950e-02
-6.6603757797428109e-02
-6.3629484121682844e-02
-6.0852107972708618e-02
-5.8248255116405287e-02
-5.5810288409408944e-02
-5.3524593114251555e-02
-5.1372839536259866e-02
-4.9349861823179027e-02
-4.7446139749870685e-02
-4.5648240872506386e-02
-4.3951360287170803e-02
-4.2349207283333377e-02
-4.0831816496825657e-02
-3.9394703552912989e-02
-3.8033788318121743e-02
-3.6741592217031896e-02
-3.5513946238232695e-02
-3.4348288590816102e-02
-3.3238942746312658e-02
-3.2182061428602228e-02
-3.1176124821692214e-02
-3.0216773086373494e-02
-2.9300487877928594e-02
-2.8426459361536534e-02
-2.7591295106921519e-02
-2.6791810184033631e-02
-2.6027671341162680e-02
-2.5296199681679850e-02
-2.4594543661506058e-02
-2.3922681340505399e-02
-2.3278460871690065e-02
-2.2659359628741826e-02
-2.2065549727397219e-02
-2.1495268326907017e-02
-2.0946313670381394e-02
-2.0418968417099254e-02
-1.9911755691524560e-02
-1.9422783672815788e-02
-1.8952386976458901e-02
-1.8499298542906224e-02
-1.8061925222595865e-02
-1.7640554498743216e-02
-1.7234099890947700e-02
-1.6841271512743380e-02
-1.6462397839034117e-02
-1.6096468419700253e-02
-1.5742439460051601e-02
-1.5400593943955123e-02
-1.5069994782030204e-02
-1.4749851203569250e-02
-1.4440392644496291e-02
-1.4140730472887825e-02
-1.3850311866865446e-02
-1.3569303919758980e-02
-1.3296847393908986e-02
-1.3032612549732078e-02
-1.3036036599128425e-02
-1.3306761173489189e-02
-1.3586004920770440e-02
-1.3874489641258330e-02
-1.4171957440882052e-02
-1.4479185834784740e-02
-1.4796874288306913e-02
-1.5124689580652287e-02
-1.5463723112565456e-02
-1.5814646908686426e-02
-1.6177040661063753e-02
-1.6552371060064495e-02
-1.6941152751919139e-02
-1.7343242974305270e-02
-1.7760179210354308e-02
-1.8192390850705242e-02
-1.8640151558897183e-02
-1.9105004337178811e-02
-1.9587310157967254e-02
-2.0087844277028491e-02
-2.0608160972743931e-02
-2.1148549110499130e-02
-2.1710388115712787e-02
-2.2295254206657768e-02
-2.2903363501708046e-02
-2.3536825461900061e-02
-2.4197181728518126e-02
-2.4884800961903649e-02
-2.5602457361716811e-02
-2.6351526627544197e-02
-2.7133237998354886e-02
-2.7950529080226404e-02
-2.8804822555313015e-02
-2.9698414040015528e-02
-3.0634469152408240e-02
-3.1614507672283819e-02
-3.2642154825822570e-02
-3.3720852544112639e-02
-3.4852435501978252e-02
-3.6042062818325102e-02
-3.7293209959608616e-02
-3.8609432321079752e-02
-3.9996593334743417e-02
-4.1458727518569619e-02
-4.3001623797893067e-02
-4.4632137232809774e-02
-4.6355141107452966e-02
-4.8179360889852738e-02
-5.0112657792494804e-02
-5.2162416340416733e-02
-5.4340040928996969e-02
-5.6655063777335320e-02
-5.9119249432644669e-02
-6.1746893556357887e-02
-6.4550383141895304e-02
-6.7547594574533229e-02
-7.0756590062544408e-02
-7.4195720504458287e-02
-7.7890001551787907e-02
-8.1863342690146543e-02
-8.6144636984086545e-02
-9.0768021563229884e-02
-9.5767253370090899e-02
-1.0118717926547867e-01
-1.0707527318651955e-01
-1.1348473182260414e-01
-1.2048196924032951e-01
-1.2813737176797671e-01
-1.3653735788603849e-01
-1.4578258804894062e-01
-1.5598456397484500e-01
-1.6728510817088413e-01
-1.7984363543982124e-01
-1.9385249747207131e-01
-2.0953811232689112e-01
-2.2717638220703354e-01
-2.4711381043533026e-01
-2.6976349152344514e-01
-2.9563387812926045e-01
-3.2536998733272227e-01
-3.5976761913478472e-01
-3.9985582183784496e-01
-4.4695462751583259e-01
-5.0277809057893574e-01
-5.6962215453303489e-01
-6.5049498103791381e-01
-7.4960250650752192e-01
-8.7288987816176034e-01
-1.0288060509601304e+00
-1.2298146206264544e+00
-1.4944733289094181e+00
-1.8528370247263968e+00
-2.3529500295447194e+00
-3.0780711461947967e+00
-4.1764460905055802e+00
-5.9233017966268164e+00
-8.8045057627654426e+00
-1.3212042065260796e+01
-1.6402189191273013e+01
0.0000000000000000e+00
1.3464638167935297e-01
0.0000000000000000e+00
0.0000000000000000e+00
];
