%Vec Object:sol 1 MPI processes
%  type: mpi
sol = [
0.0000000000000000e+00
-8.0087038188211338e+01
-3.5880368016145674e+01
-1.6960278437721225e+01
-9.4491223355581244e+00
-5.9399742972206182e+00
-4.0554645597463850e+00
-2.9366806451662719e+00
-2.2203637394483713e+00
-1.7361399517657041e+00
-1.3936368880366681e+00
-1.1427640525533835e+00
-9.5372257729381493e-01
-8.0769654215305253e-01
-6.9264328797114794e-01
-6.0040356513036008e-01
-5.2538832558772097e-01
-4.6355363356105883e-01
-4.1193660027776041e-01
-3.6845030940270501e-01
-3.3148063679582251e-01
-2.9974848751979910e-01
-2.7235252539379540e-01
-2.4854501536597806e-01
-2.2770092979062492e-01
-2.0935679455936967e-01
-1.9314325987521647e-01
-1.7873309355566694e-01
-1.6585920183681124e-01
-1.5432878079001286e-01
-1.4396000322305588e-01
-1.3458360686951873e-01
-1.2609575517476776e-01
-1.1838845502233467e-01
-1.1135374499746373e-01
-1.0492726755227219e-01
-9.9043568702103887e-02
-9.3634371521646970e-02
-8.8653474979740979e-02
-8.4061623005232122e-02
-7.9814566444364007e-02
-7.5877072315223032e-02
-7.2225729860006568e-02
-6.8830399001506809e-02
-6.5663673388977967e-02
-6.2712142252032518e-02
-5.9956323828995017e-02
-5.7372974163038791e-02
-5.4954482563784629e-02
-5.2687303524452299e-02
-5.0553220235307818e-02
-4.8547080063054783e-02
-4.6659411862818849e-02
-4.4876872114096071e-02
-4.3194671961915676e-02
-4.1606551044550369e-02
-4.0102614286729302e-02
-3.8678396947191593e-02
-3.7329835019808195e-02
-3.6049505633351173e-02
-3.4833262868078557e-02
-3.3678550341516768e-02
-3.2579735878329269e-02
-3.1532998072553116e-02
-3.0536814535777269e-02
-2.9586860972281699e-02
-2.8679646790534551e-02
-2.7814353798490035e-02
-2.6987618313301209e-02
-2.6196284185472676e-02
-2.5440005687908048e-02
-2.4716127486123823e-02
-2.4021826977119624e-02
-2.3357066995586408e-02
-2.2719715398508811e-02
-2.2107277858322692e-02
-2.1519909585320317e-02
-2.0955864662403238e-02
-2.0412968238537381e-02
-1.9891485280529645e-02
-1.9389954040731391e-02
-1.8906507594314930e-02
-1.8441462126057281e-02
-1.7993563613555797e-02
-1.7561239632363716e-02
-1.7144816254699675e-02
-1.6743189667329458e-02
-1.6355067300142238e-02
-1.5980756260799353e-02
-1.5619259535126990e-02
-1.5269549095331547e-02
-1.4931893295959620e-02
-1.4605369076019670e-02
-1.4289197401825682e-02
-1.3983594713386583e-02
-1.3687687138257017e-02
-1.3400929250723070e-02
-1.3123477052465474e-02
-1.2854487112551598e-02
-1.2593632471242160e-02
-1.2591499435400132e-02
-1.2847404438627821e-02
-1.3111270825730511e-02
-1.3383784254999006e-02
-1.3664678027515640e-02
-1.3954690261334775e-02
-1.4254481631697570e-02
-1.4563710410316705e-02
-1.4883415419518447e-02
-1.5214227012107714e-02
-1.5555716830596875e-02
-1.5909282497871016e-02
-1.6275397923607070e-02
-1.6653900423560280e-02
-1.7046250335020028e-02
-1.7452834709471496e-02
-1.7873889246178255e-02
-1.8310872976653673e-02
-1.8764101823446778e-02
-1.9234290013691160e-02
-1.9722899849469278e-02
-2.0230171875245537e-02
-2.0757395044544151e-02
-2.1306044020842744e-02
-2.1876282406608494e-02
-2.2470091785493151e-02
-2.3088903384632820e-02
-2.3733018913394379e-02
-2.4405046014468443e-02
-2.5106244874856815e-02
-2.5837731833571777e-02
-2.6602255692269004e-02
-2.7401107902218256e-02
-2.8236411378810101e-02
-2.9111114551598701e-02
-3.0026585067745252e-02
-3.0986197279935276e-02
-3.1993141117754496e-02
-3.3049064195790769e-02
-3.4158778754372392e-02
-3.5325479228235125e-02
-3.6552427057008986e-02
-3.7845070877278141e-02
-3.9207103928855749e-02
-4.0643877009286171e-02
-4.2161738300247935e-02
-4.3765135565780024e-02
-4.5462159924671897e-02
-4.7260059264823219e-02
-4.9165608495876464e-02
-5.1189371458932029e-02
-5.3340108305104161e-02
-5.5628666802790397e-02
-5.8068256686638002e-02
-6.0670244753526982e-02
-6.3451150997108893e-02
-6.6427622474542397e-02
-6.9616530052383011e-02
-7.3040980792714205e-02
-7.6722971437839196e-02
-8.0689129864663103e-02
-8.4970942837466243e-02
-8.9599447704669627e-02
-9.4615806619875481e-02
-1.0006180940585548e-01
-1.0598802100503074e-01
-1.1245571805974308e-01
-1.1952959500640814e-01
-1.2728917396707737e-01
-1.3582707083181952e-01
-1.4524576269440378e-01
-1.5567577904113974e-01
-1.6726369407648220e-01
-1.8018641048801198e-01
-1.9466005499434952e-01
-2.1093519219320445e-01
-2.2932907530019156e-01
-2.5022249663789820e-01
-2.7408422411586519e-01
-3.0150916903961056e-01
-3.3323132275265371e-01
-3.7020021219213922e-01
-4.1363456040006574e-01
-4.6506638264942474e-01
-5.2664516408446682e-01
-6.0119623024764623e-01
-6.9261775628388245e-01
-8.0637288883000646e-01
-9.5026471183260419e-01
-1.1356183072941299e+00
-1.3800932478755958e+00
-1.7111877322533540e+00
-2.1734970665819575e+00
-2.8441548836791850e+00
-3.8606519182215591e+00
-5.4768140552433637e+00
-8.1338822737263037e+00
-1.2148577452404915e+01
-1.4967477760525458e+01
0.0000000000000000e+00
1.3464638167935297e-01
0.0000000000000000e+00
0.0000000000000000e+00
];
