%Vec Object:sol 1 MPI processes
%  type: mpi
sol = [
0.0000000000000000e+00
-7.1553212741930622e+01
-3.4635898972499014e+01
-1.6803209920563564e+01
-9.4445696590599546e+00
-5.9600509147496359e+00
-4.0775819440354528e+00
-2.9562471519648494e+00
-2.2372940974970836e+00
-1.7506600859082095e+00
-1.4062404173322403e+00
-1.1536351471826547e+00
-9.6324981074640381e-01
-8.1628751022652157e-01
-7.0034778500617834e-01
-6.0732997205485639e-01
-5.3166736655721536e-01
-4.6928775990196309e-01
-4.1720736590543916e-01
-3.7333984756039923e-01
-3.3605068050522630e-01
-3.0403542713770576e-01
-2.7638722671692384e-01
-2.5235392777657584e-01
-2.3129613759115839e-01
-2.1275751725538491e-01
-1.9636927810031160e-01
-1.8180143239591279e-01
-1.6878459192794582e-01
-1.5712409060813962e-01
-1.4663650481630414e-01
-1.3715115846423570e-01
-1.2856314345522701e-01
-1.2076349039916169e-01
-1.1364331210169190e-01
-1.0713759307336028e-01
-1.0118026390912585e-01
-9.5702431448474720e-02
-9.0657440411737553e-02
-8.6005650736997938e-02
-8.1702394730988337e-02
-7.7712093634730750e-02
-7.4011045395174238e-02
-7.0569782701176420e-02
-6.7359883888791383e-02
-6.4367498681257185e-02
-6.1572967569645733e-02
-5.8952806462272342e-02
-5.6499358039728019e-02
-5.4198950393490826e-02
-5.2033159368579503e-02
-4.9996809860854190e-02
-4.8080341670560474e-02
-4.6270248524941437e-02
-4.4561713518334149e-02
-4.2948421746455301e-02
-4.1420349862359464e-02
-3.9972998217492887e-02
-3.8602274317418007e-02
-3.7300653876988436e-02
-3.6063949535289172e-02
-3.4889595968719406e-02
-3.3771880418523983e-02
-3.2706934812762066e-02
-3.1693242309304002e-02
-3.0726414145677599e-02
-2.9802909520446431e-02
-2.8921926248158515e-02
-2.8080048582323106e-02
-2.7274068219144621e-02
-2.6503662844678800e-02
-2.5766134500931598e-02
-2.5058608090453370e-02
-2.4381074777396154e-02
-2.3731366805138453e-02
-2.3106938494085891e-02
-2.2507976351838155e-02
-2.1932703887204797e-02
-2.1378897411572100e-02
-2.0846854544378509e-02
-2.0335086402595574e-02
-1.9841680911119066e-02
-1.9366986996905561e-02
-1.8909725486055049e-02
-1.8468282992013259e-02
-1.8043018078949390e-02
-1.7632804060900072e-02
-1.7236312427211999e-02
-1.6853885447795022e-02
-1.6484498878762948e-02
-1.6127075314822378e-02
-1.5781891134028322e-02
-1.5448039837537989e-02
-1.5124707457959543e-02
-1.4812146730349975e-02
-1.4509459833456301e-02
-1.4216088122402066e-02
-1.3932208060982068e-02
-1.3656947644407733e-02
-1.3389975066186905e-02
-1.3397933436032726e-02
-1.3680729761101398e-02
-1.3972496241675458e-02
-1.4273983901022703e-02
-1.4584941600482716e-02
-1.4906178687957718e-02
-1.5238425923263754e-02
-1.5581356515742183e-02
-1.5936104392808310e-02
-1.6303375116701661e-02
-1.6682754337096987e-02
-1.7075764638150092e-02
-1.7482953300913300e-02
-1.7904193121573122e-02
-1.8341083914561459e-02
-1.8794088859821059e-02
-1.9263511785250643e-02
-1.9750963395831374e-02
-2.0256840483076501e-02
-2.0781967116502795e-02
-2.1327971571315916e-02
-2.1895180984238705e-02
-2.2485047373917617e-02
-2.3099228477154989e-02
-2.3737981841977517e-02
-2.4403519696858736e-02
-2.5097472071388280e-02
-2.5820260494934525e-02
-2.6574793022179178e-02
-2.7362537473036963e-02
-2.8184812945845888e-02
-2.9044708470793480e-02
-2.9943751128502557e-02
-3.0884374473234871e-02
-3.1869917964112121e-02
-3.2902022138139385e-02
-3.3984512924281167e-02
-3.5121033546076243e-02
-3.6313567000393031e-02
-3.7567550030120564e-02
-3.8886681924765069e-02
-4.0274752024608909e-02
-4.1737955155468041e-02
-4.3280597190544882e-02
-4.4908816338947749e-02
-4.6629871950537964e-02
-4.8448975181760848e-02
-5.0375357555727959e-02
-5.2417368507185286e-02
-5.4582876999008996e-02
-5.6883957413790147e-02
-5.9330755579168955e-02
-6.1935765338677888e-02
-6.4714146709393836e-02
-6.7679096630383143e-02
-7.0849570797006559e-02
-7.4244756142318347e-02
-7.7884178591239611e-02
-8.1794371406035335e-02
-8.6000762356953225e-02
-9.0534043380560356e-02
-9.5430456583695186e-02
-1.0072591579912590e-01
-1.0646802360169712e-01
-1.1270722775527738e-01
-1.1950007292283256e-01
-1.2691707701924135e-01
-1.3503305995110701e-01
-1.4393981285976035e-01
-1.5374425630760979e-01
-1.6456489868367502e-01
-1.7655233444789267e-01
-1.8987592845289439e-01
-2.0473999828746664e-01
-2.2138571689518882e-01
-2.4010359854983185e-01
-2.6126303504916676e-01
-2.8530255773707275e-01
-3.1276185926196592e-01
-3.4432539138322033e-01
-3.8083757649156241e-01
-4.2339000386657277e-01
-4.7338266976306442e-01
-5.3263306990807735e-01
-6.0357494289121938e-01
-6.8937245610816400e-01
-7.9451329064572951e-01
-9.2527903232563391e-01
-1.0906115776159502e+00
-1.3036147741751192e+00
-1.5840186741143587e+00
-1.9635472439351704e+00
-2.4926742398362975e+00
-3.2593628200687128e+00
-4.4200841937338717e+00
-6.2662693704573966e+00
-9.3142311303756706e+00
-1.4015949679622629e+01
-1.7485142586230783e+01
0.0000000000000000e+00
1.3464638167935297e-01
0.0000000000000000e+00
0.0000000000000000e+00
];
