%Vec Object:sol 1 MPI processes
%  type: mpi
sol = [
0.0000000000000000e+00
-7.5910959479108172e+01
-3.5307450452415225e+01
-1.6894126841512328e+01
-9.4506237449227442e+00
-5.9514288839794247e+00
-4.0671373438917859e+00
-2.9468718412972228e+00
-2.2289558253807753e+00
-1.7435524827267466e+00
-1.3999172733081870e+00
-1.1481621362821501e+00
-9.5845218362003959e-01
-8.1194296545775302e-01
-6.9641592956617115e-01
-6.0378804653980911e-01
-5.2845035040117716e-01
-4.6634462388719539e-01
-4.1449744253465848e-01
-3.7083054870876209e-01
-3.3371544185987739e-01
-3.0183582066000192e-01
-2.7430385684222097e-01
-2.5037631387278136e-01
-2.2942565663901193e-01
-2.1098636639238894e-01
-1.9468743408820624e-01
-1.8020026498155367e-01
-1.6725663172930305e-01
-1.5566280372566962e-01
-1.4523616456646710e-01
-1.3580675849614904e-01
-1.2727021328073493e-01
-1.1951805346314515e-01
-1.1244186576911072e-01
-1.0597696372018081e-01
-1.0005758888899297e-01
-9.4615163973126054e-02
-8.9603262747605161e-02
-8.4982438087512505e-02
-8.0708236875169440e-02
-7.6745256693035571e-02
-7.3069911085235612e-02
-6.9652879640209150e-02
-6.6465888773172610e-02
-6.3495151650953846e-02
-6.0721108685896447e-02
-5.8120408917725894e-02
-5.5685422302005544e-02
-5.3402547213060210e-02
-5.1253473165903000e-02
-4.9233038297630524e-02
-4.7331731583724550e-02
-4.5536134369981808e-02
-4.3841446237708026e-02
-4.2241382855116145e-02
-4.0725734057006281e-02
-3.9290146515381139e-02
-3.7930711170984087e-02
-3.6639954376315273e-02
-3.5413707586471166e-02
-3.4249407113217292e-02
-3.3141380645234177e-02
-3.2085782628000020e-02
-3.1081090879929718e-02
-3.0122949136903662e-02
-2.9207841651466913e-02
-2.8334955857626229e-02
-2.7500902352989912e-02
-2.6702499385311339e-02
-2.5939410706404192e-02
-2.5208960003922046e-02
-2.4508299244456421e-02
-2.3837403330684445e-02
-2.3194122661421224e-02
-2.2575938249039178e-02
-2.1983018984007594e-02
-2.1413604030045472e-02
-2.0865495223289839e-02
-2.0338972015150714e-02
-1.9832559469736000e-02
-1.9344369208298087e-02
-1.8874732076861137e-02
-1.8422381937175044e-02
-1.7985727239368424e-02
-1.7565108366402016e-02
-1.7159409911646335e-02
-1.6767322911198531e-02
-1.6389168021921221e-02
-1.6023936708168679e-02
-1.5670587642968317e-02
-1.5329401614613058e-02
-1.4999443729230989e-02
-1.4679925053550643e-02
-1.4371073074541336e-02
-1.4072001455851819e-02
-1.3782158539533886e-02
-1.3501709758238129e-02
-1.3229798319559226e-02
-1.2966094936119818e-02
-1.2968696122749066e-02
-1.3237195573884454e-02
-1.3514131087935581e-02
-1.3800219070194606e-02
-1.4095200398632815e-02
-1.4399846711412584e-02
-1.4714851700513345e-02
-1.5039880980429575e-02
-1.5376018099286156e-02
-1.5723928898743536e-02
-1.6083191997037713e-02
-1.6455263763631774e-02
-1.6840652835605950e-02
-1.7239213603590219e-02
-1.7652472047388342e-02
-1.8080851341982354e-02
-1.8524619607286248e-02
-1.8985307358778920e-02
-1.9463268986086028e-02
-1.9959270760167156e-02
-2.0474853321092182e-02
-2.1010298508563369e-02
-2.1566972377886556e-02
-2.2146436133358295e-02
-2.2748898297282862e-02
-2.3376449398832162e-02
-2.4030614814587955e-02
-2.4711753512250915e-02
-2.5422615036929004e-02
-2.6164558158296696e-02
-2.6938795611920044e-02
-2.7748237134555213e-02
-2.8594286241803386e-02
-2.9479213199514714e-02
-3.0406151658189384e-02
-3.1376599253621754e-02
-3.2394144318879776e-02
-3.3462191806483861e-02
-3.4582549219634981e-02
-3.5760324652295436e-02
-3.6998952514940064e-02
-3.8301945312101356e-02
-3.9675105632436147e-02
-4.1122418281915978e-02
-4.2649608139263516e-02
-4.4263456124906550e-02
-4.5968773711226166e-02
-4.7774193591697357e-02
-4.9687487587795863e-02
-5.1715951637183386e-02
-5.3870867431133215e-02
-5.6161655030093474e-02
-5.8599945644633299e-02
-6.1199876878195766e-02
-6.3973687927356943e-02
-6.6939057965905643e-02
-7.0113843931834091e-02
-7.3516182545693184e-02
-7.7170812557605148e-02
-8.1101366950703871e-02
-8.5336411195048964e-02
-8.9909699163449416e-02
-9.4854595873007916e-02
-1.0021544702715079e-01
-1.0603918656152263e-01
-1.1237840386977113e-01
-1.1929876853300010e-01
-1.2686986414211562e-01
-1.3517713868303499e-01
-1.4431836958154870e-01
-1.5440114401491367e-01
-1.6556877778173409e-01
-1.7797859942126923e-01
-1.9182043978218397e-01
-2.0732615164145574e-01
-2.2476464309704164e-01
-2.4447618875459509e-01
-2.6686926887040852e-01
-2.9244668166382443e-01
-3.2184631968993438e-01
-3.5585522589282476e-01
-3.9549121080718153e-01
-4.4205998440162142e-01
-4.9725715725527081e-01
-5.6328821429819320e-01
-6.4321163705719897e-01
-7.4120886428862054e-01
-8.6312521883253268e-01
-1.0173226641689770e+00
-1.2159363171091429e+00
-1.4777118102535634e+00
-1.8321699504523459e+00
-2.3267310388493665e+00
-3.0438678993920596e+00
-4.1303972008865397e+00
-5.8586868715169196e+00
-8.7076000201540786e+00
-1.3058852796031147e+01
-1.6195568561926876e+01
0.0000000000000000e+00
1.3464638167935297e-01
0.0000000000000000e+00
0.0000000000000000e+00
];
