%Vec Object:sol 1 MPI processes
%  type: mpi
sol = [
0.0000000000000000e+00
-4.1984193390998833e+01
-2.4524182391522643e+01
-1.3108946382841946e+01
-7.6757586659846462e+00
-4.9434624970881664e+00
-3.4236592732470172e+00
-2.5021063847619094e+00
-1.9044882985291416e+00
-1.4965432824276037e+00
-1.2063924739096061e+00
-9.9244661897560016e-01
-8.3057471927380611e-01
-7.0526168408202039e-01
-6.0623639569399501e-01
-5.2664707328291838e-01
-4.6177909638483383e-01
-4.0817506738590947e-01
-3.6334526870551676e-01
-3.2553886395117665e-01
-2.9336641599272628e-01
-2.6571571799459831e-01
-2.4181445334513682e-01
-2.2102026855147464e-01
-2.0279483908026280e-01
-1.8673892606947182e-01
-1.7253410457384571e-01
-1.5989749207206289e-01
-1.4859792233465766e-01
-1.3846884551585190e-01
-1.2935266983141255e-01
-1.2110221439217159e-01
-1.1362775939603925e-01
-1.0683550090659932e-01
-1.0063123604248418e-01
-9.4959256124943950e-02
-8.9762639693363580e-02
-8.4981685223152290e-02
-8.0576212170348507e-02
-7.6512108222040687e-02
-7.2750657774353258e-02
-6.9260731523131072e-02
-6.6021527757395518e-02
-6.3008217852737386e-02
-6.0196199255793004e-02
-5.7573654481512478e-02
-5.5123510618065925e-02
-5.2825195771588875e-02
-5.0672268523723828e-02
-4.8652856836220011e-02
-4.6750768210498284e-02
-4.4961674394192186e-02
-4.3277280015750146e-02
-4.1685699529694857e-02
-4.0182843868119135e-02
-3.8763256338887907e-02
-3.7418106759177762e-02
-3.6143528785063855e-02
-3.4936011766776742e-02
-3.3788921087607324e-02
-3.2698623215922006e-02
-3.1662945686377370e-02
-3.0676847365182204e-02
-2.9736944822867636e-02
-2.8841984406320915e-02
-2.7988090694825871e-02
-2.7172146043952922e-02
-2.6393522559179854e-02
-2.5649202076834715e-02
-2.4936343925899777e-02
-2.4254739575532449e-02
-2.3602003382096077e-02
-2.2975577535768604e-02
-2.2375526284452212e-02
-2.1799930991986235e-02
-2.1246517613320807e-02
-2.0715518890289351e-02
-2.0205360360003723e-02
-1.9714048659912522e-02
-1.9241910475910905e-02
-1.8787623644844677e-02
-1.8349469189621034e-02
-1.7927814685552424e-02
-1.7521521199149816e-02
-1.7129135587798845e-02
-1.6751028583039933e-02
-1.6386192284895181e-02
-1.6033429203821298e-02
-1.5693086724034418e-02
-1.5364248421629896e-02
-1.5045961277403092e-02
-1.4738530930338554e-02
-1.4441102338190279e-02
-1.4152955165693818e-02
-1.3874340942519197e-02
-1.3604443193644367e-02
-1.3342762325866571e-02
-1.3089487588649400e-02
-1.2843823695360216e-02
-1.2605479839354642e-02
-1.2625747665811152e-02
-1.2905328544736465e-02
-1.3193965833252146e-02
-1.3492397773170437e-02
-1.3800418113989934e-02
-1.4118823067454973e-02
-1.4448338161558124e-02
-1.4788688981658860e-02
-1.5140986330399080e-02
-1.5505939027995080e-02
-1.5883193485540820e-02
-1.6274238740295946e-02
-1.6679640911818474e-02
-1.7099324719830306e-02
-1.7534864009526752e-02
-1.7986752994303745e-02
-1.8455335003901351e-02
-1.8942207116111040e-02
-1.9447809410191454e-02
-1.9972993266496687e-02
-2.0519387164610946e-02
-2.1087375042501109e-02
-2.1678425007648581e-02
-2.2294210455103426e-02
-2.2935060831749378e-02
-2.3603194652713818e-02
-2.4300277671781976e-02
-2.5026812813496082e-02
-2.5785714368517530e-02
-2.6578512848612543e-02
-2.7406600339405427e-02
-2.8273095743561790e-02
-2.9179612152156073e-02
-3.0128651550973239e-02
-3.1123611148331880e-02
-3.2166244651221032e-02
-3.3260448128306641e-02
-3.4409956849748284e-02
-3.5616896449531033e-02
-3.6886787118297737e-02
-3.8223469160857886e-02
-3.9630887284642591e-02
-4.1115369639324280e-02
-4.2681413190609085e-02
-4.4335339132228993e-02
-4.6084603845916519e-02
-4.7934673722490995e-02
-4.9895013264663279e-02
-5.1974256987757150e-02
-5.4180600707855346e-02
-5.6526447864337130e-02
-5.9022342975573142e-02
-6.1681209201535685e-02
-6.4518681689679613e-02
-6.7548509464004994e-02
-7.0790243915199572e-02
-7.4263755714513283e-02
-7.7989341450120098e-02
-8.1994398281718728e-02
-8.6305339327165900e-02
-9.0953970101778178e-02
-9.5977810095023305e-02
-1.0141421542622542e-01
-1.0731246310788896e-01
-1.1372500179817144e-01
-1.2070709771351058e-01
-1.2833392336398639e-01
-1.3668367974745127e-01
-1.4585146584459024e-01
-1.5594808088380505e-01
-1.6709650772023801e-01
-1.7945275649816181e-01
-1.9319251171759844e-01
-2.0852764825243331e-01
-2.2571680571869740e-01
-2.4506035207512833e-01
-2.6693787659441920e-01
-2.9180534090058718e-01
-3.2022398753464970e-01
-3.5290547101025332e-01
-3.9072819496863265e-01
-4.3482748651131892e-01
-4.8663907989848615e-01
-5.4801663469886419e-01
-6.2151912482320426e-01
-7.1051471579815040e-01
-8.1964812018179511e-01
-9.5542367793384508e-01
-1.1269539142794904e+00
-1.3479191683297131e+00
-1.6391827392997051e+00
-2.0328175478322374e+00
-2.5823597211415734e+00
-3.3776588348697327e+00
-4.5818888088025362e+00
-6.4962862456996673e+00
-9.6620398619103955e+00
-1.4568315027394702e+01
-1.8240771056616282e+01
0.0000000000000000e+00
2.4055929233035767e-01
0.0000000000000000e+00
0.0000000000000000e+00
];
