%Vec Object:sol 1 MPI processes
%  type: mpi
sol = [
0.0000000000000000e+00
-4.3771363519073844e+01
-2.5032075953057237e+01
-1.3219614691056046e+01
-7.6947045126804090e+00
-4.9377095402355469e+00
-3.4090939632744877e+00
-2.4849268271544154e+00
-1.8870177907785557e+00
-1.4794812588053718e+00
-1.1898550913422032e+00
-9.7690280107090288e-01
-8.1601608701802819e-01
-6.9153091642894882e-01
-5.9324942667341363e-01
-5.1436826317220652e-01
-4.5016414007646760e-01
-3.9720943956241056e-01
-3.5298697038092508e-01
-3.1573422182357425e-01
-2.8406788709470887e-01
-2.5688252971734521e-01
-2.3340914816929434e-01
-2.1300925444131619e-01
-1.9514000863183165e-01
-1.7941459660464854e-01
-1.6551775315971254e-01
-1.5316889533222156e-01
-1.4213892840177109e-01
-1.3226216957848921e-01
-1.2338254045101822e-01
-1.1535487897536571e-01
-1.0808980621827123e-01
-1.0149457066459786e-01
-9.5476582576149258e-02
-8.9980440073706938e-02
-8.4949897848338424e-02
-8.0326385918026683e-02
-7.6070185525903805e-02
-7.2147538426994867e-02
-6.8520480100040984e-02
-6.5158762650980070e-02
-6.2042187976577262e-02
-5.9145717669750519e-02
-5.6445224737759300e-02
-5.3928892383421127e-02
-5.1580019760600893e-02
-4.9378700670931912e-02
-4.7318386497991353e-02
-4.5387467985844754e-02
-4.3570343277244530e-02
-4.1862586916956906e-02
-4.0256084428406405e-02
-3.8739404570363019e-02
-3.7308444980581681e-02
-3.5957845587892279e-02
-3.4679127247486834e-02
-3.3468469613096019e-02
-3.2322398509460684e-02
-3.1234551935335458e-02
-3.0201382685847072e-02
-2.9220712502413836e-02
-2.8287713400403969e-02
-2.7399113878543040e-02
-2.6553625573382724e-02
-2.5747541235818072e-02
-2.4977869450984062e-02
-2.4243928704229395e-02
-2.3542835099655861e-02
-2.2871880070431620e-02
-2.2230789930515932e-02
-2.1617287970404832e-02
-2.1028947944871538e-02
-2.0465762963910616e-02
-1.9925904664497195e-02
-1.9407225199790309e-02
-1.8909884329315049e-02
-1.8432384402756557e-02
-1.7972849289022121e-02
-1.7531533942254807e-02
-1.7107183622192539e-02
-1.6698184986612803e-02
-1.6304837406208215e-02
-1.5926063161359777e-02
-1.5560501261245595e-02
-1.5208459432393344e-02
-1.4868987269798940e-02
-1.4540964659536415e-02
-1.4224682370335339e-02
-1.3919279695595055e-02
-1.3623865372733392e-02
-1.3338695648462349e-02
-1.3062970936856299e-02
-1.2796016560129438e-02
-1.2538042421737795e-02
-1.2288288411273662e-02
-1.2046284274899319e-02
-1.1812185745249681e-02
-1.1585255712859286e-02
-1.1365216382423830e-02
-1.1378518175235310e-02
-1.1625488713170094e-02
-1.1880501043517922e-02
-1.2144220841880389e-02
-1.2416459103683856e-02
-1.2697934444074506e-02
-1.2989301032445609e-02
-1.3290309565761792e-02
-1.3601963139826628e-02
-1.3924901261840796e-02
-1.4258804935650949e-02
-1.4605019041302474e-02
-1.4964055392650489e-02
-1.5335848354123409e-02
-1.5721820092327175e-02
-1.6122419205374723e-02
-1.6537960803132676e-02
-1.6969887760534992e-02
-1.7418607122112760e-02
-1.7884887110487482e-02
-1.8370212728119686e-02
-1.8874931528087696e-02
-1.9400384840802046e-02
-1.9948089602142168e-02
-2.0518360807837782e-02
-2.1113213337773121e-02
-2.1734167261384680e-02
-2.2381700646731631e-02
-2.3058461760146923e-02
-2.3765860443376044e-02
-2.4505447879378368e-02
-2.5279305049626510e-02
-2.6089550723143111e-02
-2.6938302212687809e-02
-2.7828713276784961e-02
-2.8762424805361349e-02
-2.9743009869016915e-02
-3.0773905980685554e-02
-3.1857114426209546e-02
-3.2997697150101798e-02
-3.4199219600345554e-02
-3.5465354736663533e-02
-3.6801933539663663e-02
-3.8213159176687016e-02
-3.9704894461512166e-02
-4.1284046560803492e-02
-4.2955758294654846e-02
-4.4728798318601569e-02
-4.6611222885198082e-02
-4.8610729969377896e-02
-5.0738850003925584e-02
-5.3005488801359940e-02
-5.5422750261762369e-02
-5.8005249564732242e-02
-6.0765973068590003e-02
-6.3723227564116872e-02
-6.6895708223525238e-02
-7.0302604334571708e-02
-7.3969655882946753e-02
-7.7921864634314622e-02
-8.2189285722173433e-02
-8.6807359700340675e-02
-9.1811614057675184e-02
-9.7248673236752667e-02
-1.0316829889786000e-01
-1.0962643056692431e-01
-1.1669254124164637e-01
-1.2444090639280489e-01
-1.3296241117006635e-01
-1.4236310574120156e-01
-1.5276115573018637e-01
-1.6430616145802054e-01
-1.7716722910429084e-01
-1.9154846504179926e-01
-2.0769920089040636e-01
-2.2590993206947951e-01
-2.4654766473744200e-01
-2.7005433771744863e-01
-2.9696953960358452e-01
-3.2796728067600045e-01
-3.6391678678155387e-01
-4.0592196467980712e-01
-4.5540110335124323e-01
-5.1419870274415480e-01
-5.8478696645391937e-01
-6.7047295875517865e-01
-7.7582392491275731e-01
-9.0706095156580102e-01
-1.0734287549776662e+00
-1.2884829750321503e+00
-1.5725792233277893e+00
-1.9577025717014969e+00
-2.4968542630557913e+00
-3.2800270204652628e+00
-4.4688548293044308e+00
-6.3644673726463017e+00
-9.5087984828588645e+00
-1.4395873562254915e+01
-1.8085272013656208e+01
0.0000000000000000e+00
2.4055929233035767e-01
0.0000000000000000e+00
0.0000000000000000e+00
];
