%Vec Object:sol 1 MPI processes
%  type: mpi
sol = [
0.0000000000000000e+00
-8.1991296142903707e+01
-3.6136482023440188e+01
-1.6983606268037420e+01
-9.4484058298995404e+00
-5.9334094513970719e+00
-4.0494408026806719e+00
-2.9311376313185815e+00
-2.2160637646903596e+00
-1.7322417075330456e+00
-1.3905613619300956e+00
-1.1399234788398940e+00
-9.5113767777861036e-01
-8.0549244174737000e-01
-6.9073014207839301e-01
-5.9865533615218791e-01
-5.2376238215711324e-01
-4.6203830191669704e-01
-4.1052091599991897e-01
-3.6714121179518883e-01
-3.3027784947066530e-01
-2.9863668087815415e-01
-2.7131932424881028e-01
-2.4758030360301575e-01
-2.2679635630769526e-01
-2.0850460618014013e-01
-1.9232962643761797e-01
-1.7795491732475427e-01
-1.6511377179560716e-01
-1.5361363934264036e-01
-1.4327293463400154e-01
-1.3392263422180253e-01
-1.2545906138415935e-01
-1.1777438944299037e-01
-1.1076083481982057e-01
-1.0435414827315745e-01
-9.8488988653361781e-02
-9.3097206115746040e-02
-8.8132685138043967e-02
-8.3556241960878130e-02
-7.9323717917651207e-02
-7.5399953350205495e-02
-7.1761522233549285e-02
-6.8379308027288005e-02
-6.5225242738547046e-02
-6.2285629521700726e-02
-5.9541048912011986e-02
-5.6968335367065880e-02
-5.4559899466188604e-02
-5.2302239076561251e-02
-5.0177202259020601e-02
-4.8179648415216797e-02
-4.6300136562183007e-02
-4.4525372812874740e-02
-4.2850580263456818e-02
-4.1269517423866753e-02
-3.9772327537832428e-02
-3.8354558470108574e-02
-3.7012156870929611e-02
-3.5737729652904809e-02
-3.4527144342443312e-02
-3.3377849229117705e-02
-3.2284235475116399e-02
-3.1242495802257547e-02
-3.0251108159650403e-02
-2.9305766700506667e-02
-2.8402995344831799e-02
-2.7541973161732156e-02
-2.6719351214881927e-02
-2.5931987939441459e-02
-2.5179532719410969e-02
-2.4459342179803820e-02
-2.3768608042597859e-02
-2.3107286832955352e-02
-2.2473256317014231e-02
-2.1864035914015752e-02
-2.1279773644757985e-02
-2.0718732043756773e-02
-2.0178749170066096e-02
-1.9660082305082528e-02
-1.9161277103919627e-02
-1.8680478598432755e-02
-1.8217995264796324e-02
-1.7772579549513362e-02
-1.7342669483324746e-02
-1.6928584066069247e-02
-1.6529226150406563e-02
-1.6143311619833838e-02
-1.5771139337343493e-02
-1.5411719772254594e-02
-1.5064033196652076e-02
-1.4728341338735152e-02
-1.4403726672728358e-02
-1.4089412053052549e-02
-1.3785611639169698e-02
-1.3491459626662251e-02
-1.3206416920293217e-02
-1.2930630376680487e-02
-1.2663261362635734e-02
-1.2403981948589967e-02
-1.2399561664437042e-02
-1.2649187743993116e-02
-1.2906551395239598e-02
-1.3172313362127725e-02
-1.3446188929021479e-02
-1.3728885900112791e-02
-1.4021074513609524e-02
-1.4322400680239272e-02
-1.4633883138010192e-02
-1.4956140590693938e-02
-1.5288741882324403e-02
-1.5633055088036342e-02
-1.5989537071770327e-02
-1.6358017278121334e-02
-1.6739923155544841e-02
-1.7135624188051451e-02
-1.7545340481562571e-02
-1.7970495431356561e-02
-1.8411386423176992e-02
-1.8868702243704242e-02
-1.9343866348425769e-02
-1.9837099579721750e-02
-2.0349652912622248e-02
-2.0882958333950947e-02
-2.1437158239686255e-02
-2.2014180345653438e-02
-2.2615409771038944e-02
-2.3241121151470673e-02
-2.3893851964233267e-02
-2.4574814595198575e-02
-2.5285078902690414e-02
-2.6027314528091098e-02
-2.6802758961144209e-02
-2.7613463444075715e-02
-2.8462285790268129e-02
-2.9350531478672517e-02
-3.0281470349200576e-02
-3.1258187740306073e-02
-3.2282255109823514e-02
-3.3358340042489214e-02
-3.4489521249139656e-02
-3.5678939406060040e-02
-3.6931870984203467e-02
-3.8251869393243015e-02
-3.9644104678449560e-02
-4.1114715597868778e-02
-4.2667976367656478e-02
-4.4311715935578130e-02
-4.6052930271490357e-02
-4.7898145203157626e-02
-4.9857578053115151e-02
-5.1939673439736218e-02
-5.4154903484893817e-02
-5.6516032120953699e-02
-5.9034010736765327e-02
-6.1724803056661975e-02
-6.4604477902512919e-02
-6.7689303597502276e-02
-7.1001606102197121e-02
-7.4562603784734727e-02
-7.8398001301848264e-02
-8.2538204554696903e-02
-8.7013147187970569e-02
-9.1862790886412540e-02
-9.7129337420649428e-02
-1.0286004776650451e-01
-1.0911405913052415e-01
-1.1595389591627545e-01
-1.2345644808036245e-01
-1.3171127200332869e-01
-1.4081743989109227e-01
-1.5090120941006605e-01
-1.6210433720626652e-01
-1.7459794593612704e-01
-1.8859114173232852e-01
-2.0432645150198156e-01
-2.2210354000775270e-01
-2.4229090728470085e-01
-2.6534566574597396e-01
-2.9184268490545956e-01
-3.2249121825790944e-01
-3.5820891683374156e-01
-4.0017326530505409e-01
-4.4991374806966261e-01
-5.0948019274471434e-01
-5.8161111295281587e-01
-6.7003871711745033e-01
-7.8001781511162793e-01
-9.1915741650149363e-01
-1.0986620583667042e+00
-1.3353738017322005e+00
-1.6558278915205376e+00
-2.1039312223676494e+00
-2.7537917848871931e+00
-3.7390622905826958e+00
-5.3055699364234830e+00
-7.8772346203950629e+00
-1.1742264535116938e+01
-1.4425320605068384e+01
0.0000000000000000e+00
1.3464638167935297e-01
0.0000000000000000e+00
0.0000000000000000e+00
];
