%Vec Object:sol 1 MPI processes
%  type: mpi
sol = [
0.0000000000000000e+00
-4.2033196428319535e+01
-2.4540056306780016e+01
-1.3113330957929501e+01
-7.6774179498811481e+00
-4.9442804613528217e+00
-3.4241056379510280e+00
-2.5024113152120528e+00
-1.9046708029452422e+00
-1.4966795579797139e+00
-1.2064969322452885e+00
-9.9250914014982328e-01
-8.3062372771204063e-01
-7.0530041387874010e-01
-6.0626713425780610e-01
-5.2667149508671296e-01
-4.6179851929542265e-01
-4.0818254294846035e-01
-3.6335027445390672e-01
-3.2554183843947093e-01
-2.9336770835978709e-01
-2.6571560364325375e-01
-2.4181316084310875e-01
-2.2101798544773182e-01
-2.0279171777512658e-01
-1.8673509411429409e-01
-1.7252966967399164e-01
-1.5989254388461011e-01
-1.4859253607075962e-01
-1.3846308615977426e-01
-1.2934659254131919e-01
-1.2109586547321720e-01
-1.1362117954428354e-01
-1.0682872512560723e-01
-1.0062429399506247e-01
-9.4952173942175019e-02
-8.9755440061238881e-02
-8.4974387709317159e-02
-8.0568833587596422e-02
-7.6504672778908711e-02
-7.2743036579405812e-02
-6.9252032446503783e-02
-6.6012694090290772e-02
-6.2999420718129445e-02
-6.0187442509318775e-02
-5.7564941130890807e-02
-5.5114843179906003e-02
-5.2816576705628185e-02
-5.0663699514888007e-02
-4.8644339217062210e-02
-4.6742303479322518e-02
-4.4953263394286305e-02
-4.3268923317937774e-02
-4.1677397914693062e-02
-4.0174597668563412e-02
-3.8755065619110164e-02
-3.7409971799459769e-02
-3.6135449597047731e-02
-3.4927988079300899e-02
-3.3780952831842861e-02
-3.2690710204869147e-02
-3.1655087429356632e-02
-3.0669043552581380e-02
-2.9729195147631480e-02
-2.8834288237532951e-02
-2.7980447560179419e-02
-2.7164555566326288e-02
-2.6385984022012438e-02
-2.5641714901500086e-02
-2.4928907697737316e-02
-2.4247353529996737e-02
-2.3594666875723921e-02
-2.2968290136160006e-02
-2.2368287205084436e-02
-2.1792739555553730e-02
-2.1239373381482796e-02
-2.0708421072424623e-02
-2.0198308268138301e-02
-1.9707041855828007e-02
-1.9234948177064348e-02
-1.8780705170123185e-02
-1.8342594103701145e-02
-1.7920982222104347e-02
-1.7514730697136913e-02
-1.7122386614975078e-02
-1.6744320394605883e-02
-1.6379524249972816e-02
-1.6026800892207205e-02
-1.5686497415742257e-02
-1.5357697523489281e-02
-1.5039448359063174e-02
-1.4732055298483532e-02
-1.4434663443147549e-02
-1.4146552574510507e-02
-1.3867973989400274e-02
-1.3598111376771920e-02
-1.3336465206946648e-02
-1.3083224529544709e-02
-1.2837594245282871e-02
-1.2599283551633034e-02
-1.2619458849836951e-02
-1.2898816070314876e-02
-1.3187221430079976e-02
-1.3485412645120012e-02
-1.3793183335469467e-02
-1.4111329140884582e-02
-1.4440575025014942e-02
-1.4780646450258752e-02
-1.5132653455650808e-02
-1.5497304255856785e-02
-1.5874245148623237e-02
-1.6264964167427842e-02
-1.6670026841819313e-02
-1.7089357608134150e-02
-1.7524529190778095e-02
-1.7976035192946979e-02
-1.8444218400632290e-02
-1.8930674673496847e-02
-1.9435843445631110e-02
-1.9960575220035449e-02
-2.0506497145111473e-02
-2.1073992472261091e-02
-2.1664528005058119e-02
-2.2279775673581560e-02
-2.2920064185440705e-02
-2.3587610209914268e-02
-2.4284077915586552e-02
-2.5009969287095774e-02
-2.5768196211590624e-02
-2.6560287554838375e-02
-2.7387633801141710e-02
-2.8253351139121526e-02
-2.9159050801785973e-02
-3.0107232313625502e-02
-3.1101289774644374e-02
-3.2142974752283976e-02
-3.3236179731523929e-02
-3.4384636394745836e-02
-3.5590467757823943e-02
-3.6859189055412203e-02
-3.8194636623003229e-02
-3.9600751026801197e-02
-4.1083854519436629e-02
-4.2648439274322963e-02
-4.4300820295589280e-02
-4.6048446796548202e-02
-4.7896779226600711e-02
-4.9855273120874587e-02
-5.1932554379816968e-02
-5.4136810305317334e-02
-5.6480432496607114e-02
-5.8973954697025460e-02
-6.1630287244380196e-02
-6.4465050075838054e-02
-6.7491978055266452e-02
-7.0730603614816784e-02
-7.4200777763878609e-02
-7.7922776537754035e-02
-8.1923970555973960e-02
-8.6230746498681579e-02
-9.0874878543388216e-02
-9.5893849512111592e-02
-1.0132497823163550e-01
-1.0721751180033999e-01
-1.1362214211021257e-01
-1.2059673664583621e-01
-1.2821598818389190e-01
-1.3655744729757055e-01
-1.4571611929817818e-01
-1.5580269453695655e-01
-1.6694003459469475e-01
-1.7928399768211628e-01
-1.9301009684441939e-01
-2.0833000136735297e-01
-2.2550210141229529e-01
-2.4482647570419408e-01
-2.6668235110573202e-01
-2.9152525579055444e-01
-3.1991590212596649e-01
-3.5256527759359957e-01
-3.9035096830266303e-01
-4.3440725350357151e-01
-4.8615983472627766e-01
-5.4747722835521118e-01
-6.2090816258581194e-01
-7.0981779672638168e-01
-8.1884675582165944e-01
-9.5449374557921640e-01
-1.1258453456068682e+00
-1.3466043475793594e+00
-1.6376007712872227e+00
-2.0308524891181485e+00
-2.5799073725470083e+00
-3.3744778179445261e+00
-4.5776380806501784e+00
-6.4903192534144036e+00
-9.6532604474623511e+00
-1.4554593571693188e+01
-1.8222275196159796e+01
0.0000000000000000e+00
2.4055929233035767e-01
0.0000000000000000e+00
0.0000000000000000e+00
];
