%Vec Object:sol 1 MPI processes
%  type: mpi
sol = [
0.0000000000000000e+00
-8.1452813093035346e+01
-3.6065376736510210e+01
-1.6977897638564542e+01
-9.4490138596667368e+00
-5.9355975817500930e+00
-4.0514306348098126e+00
-2.9329548593015269e+00
-2.2177373188642679e+00
-1.7335412317024952e+00
-1.3916114636693830e+00
-1.1409617816103477e+00
-9.5201901580691128e-01
-8.0625537696533467e-01
-6.9140122820539740e-01
-5.9931631741935909e-01
-5.2437355226841675e-01
-4.6259143553703186e-01
-4.1102560221374856e-01
-3.6760493291928942e-01
-3.3070653683544704e-01
-2.9903509031892828e-01
-2.7169134134973394e-01
-2.4792913358647617e-01
-2.2712465889845057e-01
-2.0881540622732944e-01
-1.9263278925512756e-01
-1.7825018879105101e-01
-1.6540105003519506e-01
-1.5388799184722446e-01
-1.4353473067765715e-01
-1.3417293964450278e-01
-1.2569883066188317e-01
-1.1800446712064187e-01
-1.1098195575691130e-01
-1.0456698000051444e-01
-9.8694131714541875e-02
-9.3295189986422195e-02
-8.8323991366479102e-02
-8.3741312139580970e-02
-7.9502946536996924e-02
-7.5573697227995160e-02
-7.1930115228224040e-02
-6.8543052437093119e-02
-6.5384408877561681e-02
-6.2440475761833480e-02
-5.9691812536440153e-02
-5.7115224948736693e-02
-5.4703118973637263e-02
-5.2441977797858634e-02
-5.0313625316377605e-02
-4.8312918773299754e-02
-4.6430407031656219e-02
-4.4652777704037222e-02
-4.2975250842857249e-02
-4.1391578824458784e-02
-3.9891890614864610e-02
-3.8471730204571515e-02
-3.7127041019889569e-02
-3.5850418888414434e-02
-3.4637726778955033e-02
-3.3486411860592265e-02
-3.2390856621202696e-02
-3.1347248743960020e-02
-3.0354066562653111e-02
-2.9406997381806497e-02
-2.8502559806047892e-02
-2.7639934339963403e-02
-2.6815766578522440e-02
-2.6026909542834348e-02
-2.5273014767852386e-02
-2.4551434444952926e-02
-2.3859354948502894e-02
-2.3196735409304996e-02
-2.2561449912904763e-02
-2.1951012745597524e-02
-2.1365574804656593e-02
-2.0803395464031833e-02
-2.0262307952829347e-02
-1.9742572606454661e-02
-1.9242732323313395e-02
-1.8760927571877098e-02
-1.8297469810840645e-02
-1.7851109254737308e-02
-1.7420280043114120e-02
-1.7005303612863044e-02
-1.6605080173538858e-02
-1.6218322766789584e-02
-1.5845334099264748e-02
-1.5485121123950733e-02
-1.5136660361182604e-02
-1.4800216121189157e-02
-1.4474869388290276e-02
-1.4159844519522508e-02
-1.3855354360292128e-02
-1.3560529272398600e-02
-1.3274825981396166e-02
-1.2998397422135471e-02
-1.2730404678539288e-02
-1.2470521628499704e-02
-1.2466852909534783e-02
-1.2718625368174506e-02
-1.2978203740256787e-02
-1.3246263590459004e-02
-1.3522535830897535e-02
-1.3807747581577627e-02
-1.4102548701279253e-02
-1.4406595185485019e-02
-1.4720911173230966e-02
-1.5046115408310265e-02
-1.5381777331899731e-02
-1.5729275324030310e-02
-1.6089072064404981e-02
-1.6460999431909071e-02
-1.6846496112154292e-02
-1.7245937233652996e-02
-1.7659548230100745e-02
-1.8088765304456515e-02
-1.8533891466213363e-02
-1.8995622977883625e-02
-1.9475397352883186e-02
-1.9973443785758199e-02
-2.0491024297662357e-02
-2.1029582485461742e-02
-2.1589271729927698e-02
-2.2172040741941124e-02
-2.2779281335533495e-02
-2.3411277495387347e-02
-2.4070607632429710e-02
-2.4758479820659898e-02
-2.5475972787055247e-02
-2.6225830165056314e-02
-2.7009255930944092e-02
-2.7828324142854691e-02
-2.8685984750159616e-02
-2.9583332574812167e-02
-3.0523795038168388e-02
-3.1510531039318980e-02
-3.2545139500082927e-02
-3.3632334203324614e-02
-3.4775229475215094e-02
-3.5977002896669719e-02
-3.7242985133780306e-02
-3.8576771945618822e-02
-3.9983589238247179e-02
-4.1469640734313265e-02
-4.3039252403194575e-02
-4.4700334519642310e-02
-4.6459959716355297e-02
-4.8324728367593710e-02
-5.0304964292669639e-02
-5.2409206462532644e-02
-5.4648040146923108e-02
-5.7034364235127123e-02
-5.9579252549908736e-02
-6.2298836375315018e-02
-6.5209356485562656e-02
-6.8327258058283852e-02
-7.1675099986471827e-02
-7.5274328122098680e-02
-7.9150917917413438e-02
-8.3335592457236971e-02
-8.7858603161098253e-02
-9.2760324269432037e-02
-9.8083396172258364e-02
-1.0387556978184263e-01
-1.1019658661839665e-01
-1.1710961272431751e-01
-1.2469231797718400e-01
-1.3303516237238486e-01
-1.4223821555091956e-01
-1.5242899151701261e-01
-1.6375065221749235e-01
-1.7637600326147557e-01
-1.9051619316546928e-01
-2.0641599817273679e-01
-2.2438541682485111e-01
-2.4479646782242884e-01
-2.6810273048058686e-01
-2.9487377799888004e-01
-3.2583690828957290e-01
-3.6191820060094160e-01
-4.0430581346749578e-01
-4.5454290099991518e-01
-5.1469736298752544e-01
-5.8753145787428551e-01
-6.7685849083954519e-01
-7.8792408272075265e-01
-9.2837106058254970e-01
-1.1095297576655025e+00
-1.3485260039854947e+00
-1.6718261830885923e+00
-2.1239670334849103e+00
-2.7793848081092292e+00
-3.7730999176522233e+00
-5.3531839112101691e+00
-7.9474145487815111e+00
-1.1851302999772695e+01
-1.4568766283504777e+01
0.0000000000000000e+00
1.3464638167935297e-01
0.0000000000000000e+00
0.0000000000000000e+00
];
