%Vec Object:sol 1 MPI processes
%  type: mpi
sol = [
0.0000000000000000e+00
-4.2984767838064769e+01
-2.4837429068014270e+01
-1.3197407003125202e+01
-7.7090361199219632e+00
-4.9597204205546808e+00
-3.4324170057661783e+00
-2.5075991821371466e+00
-1.9079520028818426e+00
-1.4990866384505335e+00
-1.2078968141557864e+00
-9.9353429697901674e-01
-8.3140093959529837e-01
-7.0589095166281401e-01
-6.0667090267526957e-01
-5.2689156579794127e-01
-4.6188531645469433e-01
-4.0821056026204761e-01
-3.6333761342505105e-01
-3.2549633671014960e-01
-2.9329554692759130e-01
-2.6562161883904289e-01
-2.4170132272694952e-01
-2.2089151769320683e-01
-2.0265321629699135e-01
-1.8658670764771373e-01
-1.7237319034824217e-01
-1.5972920583409331e-01
-1.4841793778119991e-01
-1.3827945435265268e-01
-1.2915575076906721e-01
-1.2089930946269772e-01
-1.1342015582403528e-01
-1.0662426651062366e-01
-1.0041726013915675e-01
-9.4743283541043166e-02
-8.9545292515367372e-02
-8.4763487917635022e-02
-8.0357604982358305e-02
-7.6293457705184628e-02
-7.2532240324928596e-02
-6.9043095500272739e-02
-6.5805643984862952e-02
-6.2794277221478123e-02
-5.9984223198607266e-02
-5.7363647545952606e-02
-5.4915471351226354e-02
-5.2619128340380850e-02
-5.0468160623519498e-02
-4.8450691847403825e-02
-4.6550538815781826e-02
-4.4763359315129453e-02
-4.3080854432659847e-02
-4.1491147428402438e-02
-3.9990140245138826e-02
-3.8572371885121463e-02
-3.7229020046314634e-02
-3.5956213561442900e-02
-3.4750436580807724e-02
-3.3605061301488368e-02
-3.2516452761576269e-02
-3.1482432453290930e-02
-3.0497965029213182e-02
-2.9559668280057620e-02
-2.8666281816023150e-02
-2.7813935097470550e-02
-2.6999513677960649e-02
-2.6222382423679053e-02
-2.5479527294886711e-02
-2.4768112237153025e-02
-2.4087921154284420e-02
-2.3436571932043734e-02
-2.2811512301155801e-02
-2.2212798797386704e-02
-2.1638515886398049e-02
-2.1086395558366389e-02
-2.0556662858512410e-02
-2.0047746156028539e-02
-1.9557658243783197e-02
-1.9086718278903753e-02
-1.8633606808499237e-02
-1.8196610811675114e-02
-1.7776090632986172e-02
-1.7370910060099342e-02
-1.6979621431047365e-02
-1.6602588662917105e-02
-1.6238806708093082e-02
-1.5887082848999718e-02
-1.5547758169400678e-02
-1.5219919333353465e-02
-1.4902617183931058e-02
-1.4596151662511566e-02
-1.4299671143830595e-02
-1.4012458077305298e-02
-1.3734758968823335e-02
-1.3465761170986421e-02
-1.3204966655150429e-02
-1.2952560381286452e-02
-1.2707751370858543e-02
-1.2470249038452952e-02
-1.2488613935832366e-02
-1.2763435914348118e-02
-1.3047140053587229e-02
-1.3340453430967601e-02
-1.3643167391674609e-02
-1.3956066016037442e-02
-1.4279862913613158e-02
-1.4614281470939558e-02
-1.4960416254798698e-02
-1.5318963367176086e-02
-1.5689567303806520e-02
-1.6073695733928372e-02
-1.6471902514243918e-02
-1.6884106823660820e-02
-1.7311858737898103e-02
-1.7755639894018741e-02
-1.8215782526159838e-02
-1.8693857999286467e-02
-1.9190293202372897e-02
-1.9705921324943580e-02
-2.0242342882114940e-02
-2.0799927894687209e-02
-2.1380117235940289e-02
-2.1984553674606808e-02
-2.2613551804680318e-02
-2.3269291448729395e-02
-2.3953405416632968e-02
-2.4666377698237211e-02
-2.5411072196057562e-02
-2.6188985496267355e-02
-2.7001476828664384e-02
-2.7851608442334905e-02
-2.8740955340135699e-02
-2.9671968597883541e-02
-3.0647980820865776e-02
-3.1670702082135620e-02
-3.2743954074288900e-02
-3.3871397943013942e-02
-3.5055105658147831e-02
-3.6300491619396198e-02
-3.7611321869639183e-02
-3.8991454275647236e-02
-4.0447089947132787e-02
-4.1982627507276438e-02
-4.3604239515755393e-02
-4.5318733914887173e-02
-4.7131909438901644e-02
-4.9053041443924798e-02
-5.1090578440679393e-02
-5.3252531899722635e-02
-5.5551049519070306e-02
-5.7996442067504678e-02
-6.0601354533065414e-02
-6.3381092056562324e-02
-6.6349094868912162e-02
-6.9524501941851724e-02
-7.2926754263670970e-02
-7.6575699523553017e-02
-8.0498154183082080e-02
-8.4719950501106742e-02
-8.9272205068195928e-02
-9.4191630550463923e-02
-9.9514755956918277e-02
-1.0528980031772671e-01
-1.1156798372273402e-01
-1.1840675659894374e-01
-1.2587763793359716e-01
-1.3405668777059188e-01
-1.4303710361790969e-01
-1.5292747601401080e-01
-1.6384833242066282e-01
-1.7595260302444957e-01
-1.8941250324936057e-01
-2.0443574943706500e-01
-2.2127593646363003e-01
-2.4022759233625801e-01
-2.6166298649184072e-01
-2.8602933603841202e-01
-3.1387715423498941e-01
-3.4587913308432694e-01
-3.8290830546035959e-01
-4.2608034637778236e-01
-4.7682031721627638e-01
-5.3697843166036374e-01
-6.0903199409055198e-01
-6.9628886512980626e-01
-8.0331155162641399e-01
-9.3628033799086441e-01
-1.1044349862428970e+00
-1.3212483069672734e+00
-1.6068601116452561e+00
-1.9931011173854598e+00
-2.5322680164223690e+00
-3.3134519970786673e+00
-4.4959502972925094e+00
-6.3766194966053158e+00
-9.4859414509532360e+00
-1.4294081352128099e+01
-1.7872008757223103e+01
0.0000000000000000e+00
2.4055929233035767e-01
0.0000000000000000e+00
0.0000000000000000e+00
];
