%Vec Object:sol 1 MPI processes
%  type: mpi
sol = [
0.0000000000000000e+00
-4.0662953928472760e+01
-2.4090442449755251e+01
-1.2983637761974908e+01
-7.6268874017019588e+00
-4.9208678605551910e+00
-3.4106269887506659e+00
-2.4939299987361854e+00
-1.8993020022491882e+00
-1.4929279270664566e+00
-1.2036261050232149e+00
-9.9053078717489140e-01
-8.2926910260683462e-01
-7.0426405760309962e-01
-6.0544961828029664e-01
-5.2602689485768805e-01
-4.6129219528700793e-01
-4.0782744397582160e-01
-3.6311923344458263e-01
-3.2540823882954850e-01
-2.9331139723466931e-01
-2.6572125625765286e-01
-2.4186870896128793e-01
-2.2110772526079989e-01
-2.0290352996479968e-01
-1.8686555850729233e-01
-1.7267589966878361e-01
-1.6005213813377100e-01
-1.4876348131890027e-01
-1.3864364472844462e-01
-1.2953529102214426e-01
-1.2129146745492156e-01
-1.1382260054125358e-01
-1.0703503480266885e-01
-1.0083470209697459e-01
-9.5165987204026720e-02
-8.9972057996224458e-02
-8.5193292215472435e-02
-8.0789572081407954e-02
-7.6726841781448160e-02
-7.2966399590781383e-02
-6.9477475834202121e-02
-6.6239778809781699e-02
-6.3227764285767901e-02
-6.0416707046105175e-02
-5.7794837923837244e-02
-5.5345120772662779e-02
-5.3047006351288888e-02
-5.0894090629449960e-02
-4.8874526618666939e-02
-4.6972131516868451e-02
-4.5182605924832919e-02
-4.3497672334317956e-02
-4.1905449116131761e-02
-4.0401867170897887e-02
-3.8981484289869181e-02
-3.7635471068902332e-02
-3.6359974043101005e-02
-3.5151495311735594e-02
-3.4003399453964918e-02
-3.2912060150661747e-02
-3.1875316859802834e-02
-3.0888126870271558e-02
-2.9947109628996191e-02
-2.9051022978984924e-02
-2.8195989616217946e-02
-2.7378891465789746e-02
-2.6599111894808698e-02
-2.5853630777042363e-02
-2.5139604565159620e-02
-2.4456835811703739e-02
-2.3802936912506328e-02
-2.3175345476758594e-02
-2.2574136620592045e-02
-2.1997389739827129e-02
-2.1442825137244263e-02
-2.0910686131241203e-02
-2.0399396226390292e-02
-1.9906955883673506e-02
-1.9433701969203594e-02
-1.8978310137419380e-02
-1.8539055175566917e-02
-1.8116314337646662e-02
-1.7708946262862280e-02
-1.7315491915238193e-02
-1.6936331093818147e-02
-1.6570453126746581e-02
-1.6216655312892479e-02
-1.5875293395836553e-02
-1.5545447740865071e-02
-1.5226161092472048e-02
-1.4917746645329216e-02
-1.4619345616379587e-02
-1.4330234656067913e-02
-1.4050671966737770e-02
-1.3779836718479280e-02
-1.3517227736456441e-02
-1.3263039989372710e-02
-1.3016473147253071e-02
-1.2777236437542902e-02
-1.2800094267642347e-02
-1.3085901260219992e-02
-1.3380995744868346e-02
-1.3686130686599322e-02
-1.4001103556090775e-02
-1.4326726591600714e-02
-1.4663741151437372e-02
-1.5011876397380284e-02
-1.5372264515750684e-02
-1.5745631304806391e-02
-1.6131626520386907e-02
-1.6531767369283065e-02
-1.6946636719491866e-02
-1.7376167322312952e-02
-1.7821967159634210e-02
-1.8284553751584946e-02
-1.8764278041417927e-02
-1.9262701377084288e-02
-1.9780339841985253e-02
-2.0318043723184052e-02
-2.0877495490815811e-02
-2.1459109067835457e-02
-2.2064388535991502e-02
-2.2695047714980227e-02
-2.3351436287121552e-02
-2.4035823733174949e-02
-2.4749919496903965e-02
-2.5494252248202849e-02
-2.6271802642972790e-02
-2.7084146484807885e-02
-2.7932719886727943e-02
-2.8820716624972986e-02
-2.9749800867491238e-02
-3.0722542382037539e-02
-3.1742424054218232e-02
-3.2811258354020149e-02
-3.3933040113655603e-02
-3.5111603413217778e-02
-3.6349145763665901e-02
-3.7651323965629951e-02
-3.9022087508268723e-02
-4.0465494978213300e-02
-4.1988036954471772e-02
-4.3594342134436512e-02
-4.5290902045612286e-02
-4.7085370379366283e-02
-4.8983376750389211e-02
-5.0994632509815764e-02
-5.3128009096302997e-02
-5.5391936304247436e-02
-5.7799143372943958e-02
-6.0360470938685809e-02
-6.3089194674543103e-02
-6.6001367995488627e-02
-6.9111128870688196e-02
-7.2438549944736308e-02
-7.6004042955872597e-02
-7.9828467485217033e-02
-8.3939950855293280e-02
-8.8365632204760985e-02
-9.3138177781313308e-02
-9.8296114021403036e-02
-1.0387782269153531e-01
-1.0993389561285449e-01
-1.1651810837319219e-01
-1.2369078571530974e-01
-1.3152697322110452e-01
-1.4010653251855829e-01
-1.4952727036996083e-01
-1.5990314450990378e-01
-1.7136067997431459e-01
-1.8406032209704187e-01
-1.9818279686449591e-01
-2.1394604650347604e-01
-2.3161609860410365e-01
-2.5150198702646864e-01
-2.7397838143206238e-01
-2.9952060063662567e-01
-3.2870831253583210e-01
-3.6227141625455184e-01
-4.0111066892448038e-01
-4.4639002140872247e-01
-4.9960219981059428e-01
-5.6268487797420452e-01
-6.3823180153844339e-01
-7.2967393828480320e-01
-8.4166773612770784e-01
-9.8096198496454834e-01
-1.1570726721698934e+00
-1.3840011660231757e+00
-1.6825593088322679e+00
-2.0865406494286534e+00
-2.6494887362300359e+00
-3.4646413983651949e+00
-4.6979485528121314e+00
-6.6589217978610762e+00
-9.9007045849583353e+00
-1.4940297013504177e+01
-1.8741647873616923e+01
0.0000000000000000e+00
2.4055929233035767e-01
0.0000000000000000e+00
0.0000000000000000e+00
];
