%Vec Object:sol 1 MPI processes
%  type: mpi
sol = [
0.0000000000000000e+00
-4.1938012863011693e+01
-2.4509208413931951e+01
-1.3104808300289084e+01
-7.6741923462326787e+00
-4.9426902587846948e+00
-3.4232377962534386e+00
-2.5018184398448473e+00
-1.9043159244613113e+00
-1.4964145638249957e+00
-1.2062937663359254e+00
-9.9238753524233736e-01
-8.3052839739661510e-01
-7.0522507115349464e-01
-6.0620733236448821e-01
-5.2662397892684143e-01
-4.6176078003355614e-01
-4.0816797157865714e-01
-3.6334050381964927e-01
-3.2553601680017641e-01
-2.9336515752701242e-01
-2.6571578858025791e-01
-2.4181563742733836e-01
-2.2102238920226047e-01
-2.0279775248643581e-01
-1.8674251182965498e-01
-1.7253826098944527e-01
-1.5990213446169083e-01
-1.4860297964092686e-01
-1.3847425632660446e-01
-1.2935838200606228e-01
-1.2110818414688951e-01
-1.1363394824104590e-01
-1.0684187580093607e-01
-1.0063776883877402e-01
-9.4965922089812915e-02
-8.9769417348363162e-02
-8.4988556025611547e-02
-8.0583159865361381e-02
-7.6519118524430843e-02
-7.2757683467392614e-02
-6.9268047780368450e-02
-6.6029803330815220e-02
-6.3016509854168221e-02
-6.0204453998293453e-02
-5.7581869056821812e-02
-5.5131682587935070e-02
-5.2833322757557560e-02
-5.0680348883291294e-02
-4.8660889264070063e-02
-4.6758751249306806e-02
-4.4969607208260674e-02
-4.3285162029869186e-02
-4.1693529973729465e-02
-4.0190622397421029e-02
-3.8770982864500765e-02
-3.7425780990638743e-02
-3.6151150687429683e-02
-3.4943581573842863e-02
-3.3796438843938591e-02
-3.2706089079128454e-02
-3.1670360102071270e-02
-3.0684210609377937e-02
-2.9744257170342101e-02
-2.8849246438584015e-02
-2.7995302844693672e-02
-2.7179308655292327e-02
-2.6400636297082433e-02
-2.5656267476970668e-02
-2.4943361369879371e-02
-2.4261709775879155e-02
-2.3608926937650144e-02
-2.2982454846702128e-02
-2.2382358085712553e-02
-2.1806717915910517e-02
-2.1253260067129333e-02
-2.0722217614149538e-02
-2.0212015997574290e-02
-1.9720661619438161e-02
-1.9248481491006369e-02
-1.8794153353686189e-02
-1.8355957998659054e-02
-1.7934263313960135e-02
-1.7527930266966658e-02
-1.7135505499323123e-02
-1.6757360037824631e-02
-1.6392485875167194e-02
-1.6039685332564533e-02
-1.5699306067956876e-02
-1.5370431537903255e-02
-1.5052108569658416e-02
-1.4744643050578255e-02
-1.4447179802969683e-02
-1.4158998381513894e-02
-1.3880350535796818e-02
-1.3610419636126907e-02
-1.3348706029444077e-02
-1.3095399153958668e-02
-1.2849703546279199e-02
-1.2611328395969896e-02
-1.2631683563734512e-02
-1.2911475554183337e-02
-1.3200331759260059e-02
-1.3498990917012921e-02
-1.3807246899025273e-02
-1.4125896456841716e-02
-1.4455665651018983e-02
-1.4796280182852532e-02
-1.5148851575622686e-02
-1.5514089220986890e-02
-1.5891639636858506e-02
-1.6282992807820019e-02
-1.6688715410166113e-02
-1.7108732430901778e-02
-1.7544618772949709e-02
-1.7996869225458859e-02
-1.8465827631170929e-02
-1.8953092217430492e-02
-1.9459103672204096e-02
-1.9984714203693420e-02
-2.0531553547667853e-02
-2.1100006289830345e-02
-2.1691541768044272e-02
-2.2307834759766911e-02
-2.2949215409277929e-02
-2.3617903973537687e-02
-2.4315567702114422e-02
-2.5042710406224574e-02
-2.5802248644619337e-02
-2.6595714482104932e-02
-2.7424501515151072e-02
-2.8291731207440933e-02
-2.9199018403123257e-02
-3.0148867410353733e-02
-3.1144678370396747e-02
-3.2188207008811871e-02
-3.3283352775754553e-02
-3.4433854326640749e-02
-3.5641839765445778e-02
-3.6912833959229494e-02
-3.8250680957851738e-02
-3.9659329375903392e-02
-4.1145112927271361e-02
-4.2712533099007167e-02
-4.4367916924827430e-02
-4.6118727550008932e-02
-4.7970436970733769e-02
-4.9932518150732352e-02
-5.2013613733369074e-02
-5.4221927567264343e-02
-5.6569874262946046e-02
-5.9068008504365943e-02
-6.1729265548787562e-02
-6.4569294893118134e-02
-6.7601858921172195e-02
-7.0846526908777047e-02
-7.4323188134603771e-02
-7.8052158463932611e-02
-8.2060860149030954e-02
-8.6375731247761905e-02
-9.1028606838102044e-02
-9.6057040987081288e-02
-1.0149842507519478e-01
-1.0740208133100987e-01
-1.1382042482858962e-01
-1.2081122447374197e-01
-1.2844521401711553e-01
-1.3680279834092268e-01
-1.4597918288038350e-01
-1.5608526955928803e-01
-1.6724415561816258e-01
-1.7961199450656704e-01
-1.9336463243779978e-01
-2.0871413819120230e-01
-2.2591938666057779e-01
-2.4528101859327314e-01
-2.6717896506548350e-01
-2.9206959649598674e-01
-3.2051465543227203e-01
-3.5322642545634564e-01
-3.9108408147534862e-01
-4.3522393817408722e-01
-4.8709121267422950e-01
-5.4852551305621744e-01
-6.2209549483884008e-01
-7.1117215816403700e-01
-8.2040406959580447e-01
-9.5630088199082153e-01
-1.1279996262116567e+00
-1.3491593848010786e+00
-1.6406748727319229e+00
-2.0346709685525526e+00
-2.5846725979686869e+00
-3.3806587067615497e+00
-4.5858970766944269e+00
-6.5019122296998759e+00
-9.6703161079749247e+00
-1.4581247810380361e+01
-1.8258202947295938e+01
0.0000000000000000e+00
2.4055929233035767e-01
0.0000000000000000e+00
0.0000000000000000e+00
];
