%Vec Object:sol 1 MPI processes
%  type: mpi
sol = [
0.0000000000000000e+00
-4.2625931242370740e+01
-2.4727515597916867e+01
-1.3166220708695551e+01
-7.6974809637817447e+00
-4.9541923345934782e+00
-3.4295284214295210e+00
-2.5060564852237306e+00
-1.9068980188586027e+00
-1.4983434511037392e+00
-1.2075290927891094e+00
-9.9328074282785028e-01
-8.3122957195490921e-01
-7.0578013907853265e-01
-6.0664877898814351e-01
-5.2693216992385916e-01
-4.6194329943237011e-01
-4.0828174356796282e-01
-3.6341886983292471e-01
-3.2558523737402895e-01
-2.9339021838569812e-01
-2.6572062446267020e-01
-2.4180351463909461e-01
-2.2099598899735548e-01
-2.0275925478810003e-01
-1.8669374188772056e-01
-1.7248076078955077e-01
-1.5983718833679808e-01
-1.4853166556319505e-01
-1.3839750624456870e-01
-1.2927698829454637e-01
-1.2102157408726490e-01
-1.1354057023997642e-01
-1.0674283524106838e-01
-1.0053399157275476e-01
-9.4858197281277354e-02
-8.9658414945676224e-02
-8.4874845219554823e-02
-8.0467228095863791e-02
-7.6401382745797247e-02
-7.2638501949900430e-02
-6.9147728157331473e-02
-6.5908687203903471e-02
-6.2895769090196729e-02
-6.0084197808165728e-02
-5.7462144554332309e-02
-5.5012529567620802e-02
-5.2714779634566361e-02
-5.0562443117464308e-02
-4.8543643076529565e-02
-4.6642188706795172e-02
-4.4853743146962249e-02
-4.3170007261522252e-02
-4.1579097895389487e-02
-4.0076920059514971e-02
-3.8658013431513351e-02
-3.7313550384856911e-02
-3.6039660986808109e-02
-3.4832830823584800e-02
-3.3686427720194187e-02
-3.2596816513940814e-02
-3.1561820741367000e-02
-3.0576401479565599e-02
-2.9637175240792572e-02
-2.8742884137049646e-02
-2.7889654699584637e-02
-2.7074370434994437e-02
-2.6296399028327585e-02
-2.5552724023615928e-02
-2.4840506801037287e-02
-2.4159534284724275e-02
-2.3507422337584155e-02
-2.2881615820159212e-02
-2.2282174387292967e-02
-2.1707180768367518e-02
-2.1154363958707637e-02
-2.0623952134988625e-02
-2.0114372124052916e-02
-1.9623633752011649e-02
-1.9152059244679113e-02
-1.8698327719931847e-02
-1.8260723345360014e-02
-1.7839609409932459e-02
-1.7433848316276208e-02
-1.7041989853282070e-02
-1.6664400705350236e-02
-1.6300074424311736e-02
-1.5947816094239866e-02
-1.5607969346737346e-02
-1.5279619379749563e-02
-1.4961815262959687e-02
-1.4654859229494761e-02
-1.4357898079211957e-02
-1.4070212973554571e-02
-1.3792052425652948e-02
-1.3522602067851228e-02
-1.3261363118890916e-02
-1.3008522238176829e-02
-1.2763286550874943e-02
-1.2525365296306084e-02
-1.2544430655905339e-02
-1.2821113286110394e-02
-1.3106745035348533e-02
-1.3402057328576864e-02
-1.3706842220950564e-02
-1.4021888508619178e-02
-1.4347914400599938e-02
-1.4684643869405095e-02
-1.5033177819886669e-02
-1.5394217215676412e-02
-1.5767406976871751e-02
-1.6154223130740417e-02
-1.6555224136511146e-02
-1.6970331019937120e-02
-1.7401103095817126e-02
-1.7848026650864070e-02
-1.8311437947528358e-02
-1.8792918266059517e-02
-1.9292899301031865e-02
-1.9812221041789101e-02
-2.0352494699012451e-02
-2.0914095283807624e-02
-2.1498473983124339e-02
-2.2107285181577993e-02
-2.2740848710041221e-02
-2.3401359135702432e-02
-2.4090461634894141e-02
-2.4808646909684730e-02
-2.5558798067837951e-02
-2.6342424244956402e-02
-2.7160896725859373e-02
-2.8017299193672105e-02
-2.8913220602071656e-02
-2.9851130981311893e-02
-3.0834387193232594e-02
-3.1864715146102618e-02
-3.2945964389911389e-02
-3.4081823614442779e-02
-3.5274384434504764e-02
-3.6529102711306202e-02
-3.7849767199132904e-02
-3.9240268819847060e-02
-4.0706859164834151e-02
-4.2253972945499187e-02
-4.3887850981856449e-02
-4.5615856561630523e-02
-4.7443378914103274e-02
-4.9379766146577464e-02
-5.1433540930028394e-02
-5.3612788060416583e-02
-5.5929757619787177e-02
-5.8394856734775659e-02
-6.1020830921050137e-02
-6.3823144801770648e-02
-6.6814723403553766e-02
-7.0014753512981726e-02
-7.3443392915014505e-02
-7.7120643038573744e-02
-8.1073522083795743e-02
-8.5328060343574305e-02
-8.9915609984707864e-02
-9.4873159574249272e-02
-1.0023751597819323e-01
-1.0605725770525141e-01
-1.1238398835620463e-01
-1.1927558759021936e-01
-1.2680410302471715e-01
-1.3504615834269279e-01
-1.4409563560492697e-01
-1.5406191944416020e-01
-1.6506641683625983e-01
-1.7726316366454500e-01
-1.9082561617741256e-01
-2.0596297719872572e-01
-2.2293064390936543e-01
-2.4202522419500122e-01
-2.6362159567982779e-01
-2.8817008390467480e-01
-3.1622503671210878e-01
-3.4848943175317776e-01
-3.8581407442916382e-01
-4.2930576742090659e-01
-4.8041838101653811e-01
-5.4101432534177141e-01
-6.1358701727913822e-01
-7.0146548357366290e-01
-8.0924120521552667e-01
-9.4324071364637008e-01
-1.1125568844335858e+00
-1.3308396667659672e+00
-1.6185171226021422e+00
-2.0072840553015041e+00
-2.5501205027048783e+00
-3.3363076282904029e+00
-4.5264582249387662e+00
-6.4186520930836535e+00
-9.5477139825073341e+00
-1.4389465988883796e+01
-1.7999629664367788e+01
0.0000000000000000e+00
2.4055929233035767e-01
0.0000000000000000e+00
0.0000000000000000e+00
];
