%Vec Object:sol 1 MPI processes
%  type: mpi
sol = [
0.0000000000000000e+00
-4.1333210934259029e+01
-2.4311891216687503e+01
-1.3049312197653309e+01
-7.6522852504154466e+00
-4.9325800831114384e+00
-3.4176942518614521e+00
-2.4980612949324215e+00
-1.9020747142492758e+00
-1.4947422103653096e+00
-1.2050124572301359e+00
-9.9161000823813850e-01
-8.2993267906643597e-01
-7.0475520592022534e-01
-6.0583532828438735e-01
-5.2632933836130047e-01
-4.6152806570556504e-01
-4.0800941724906814e-01
-3.6325703792311143e-01
-3.2550555899670913e-01
-2.9335503132433238e-01
-2.6572265844286463e-01
-2.4183673348201382e-01
-2.2105543799167465e-01
-2.0284090634930260e-01
-1.8679422403186774e-01
-1.7259722532098987e-01
-1.5996726357483082e-01
-1.4867336135060888e-01
-1.3854910262264669e-01
-1.2943702414488589e-01
-1.2119006066034689e-01
-1.1371856597926483e-01
-1.0692881121485573e-01
-1.0072666206386009e-01
-9.5056456832688555e-02
-8.9861319214521673e-02
-8.5081588178687689e-02
-8.0677114861415919e-02
-7.6613815370835392e-02
-7.2852964380101415e-02
-6.9363772504429919e-02
-6.6125928434470752e-02
-6.3113872854386702e-02
-6.0302869440071467e-02
-5.7681133851378207e-02
-5.5231619563967001e-02
-5.2933773006027147e-02
-5.0781177147534280e-02
-4.8761977612907847e-02
-4.6859991283534956e-02
-4.5070908074764132e-02
-4.3386444918081163e-02
-4.1794721203893805e-02
-4.0291660377740970e-02
-3.8871815244313601e-02
-3.7526358004298203e-02
-3.6251430481671634e-02
-3.5043529976831099e-02
-3.3896022795672602e-02
-3.2805279404598965e-02
-3.1769147115582180e-02
-3.0782526314178941e-02
-2.9841926592398264e-02
-2.8946225452031030e-02
-2.8091598137225358e-02
-2.7274925660242776e-02
-2.6495584702214317e-02
-2.5750555179510644e-02
-2.5036994154828913e-02
-2.4354697819844388e-02
-2.3701278851527299e-02
-2.3074176544133129e-02
-2.2473459928270503e-02
-2.1897208857955416e-02
-2.1343146022109176e-02
-2.0811508921673421e-02
-2.0300721679602542e-02
-1.9808787527650525e-02
-1.9336037803683759e-02
-1.8881148951792208e-02
-1.8442398648965772e-02
-1.8020158941759089e-02
-1.7613289455776053e-02
-1.7220333937437663e-02
-1.6841667339309675e-02
-1.6476280206952278e-02
-1.6122972324313246e-02
-1.5782094988064221e-02
-1.5452730048110937e-02
-1.5133922274013101e-02
-1.4825980853839002e-02
-1.4528048794018127e-02
-1.4239404173875715e-02
-1.3960301664400016e-02
-1.3689922566460754e-02
-1.3427766422341369e-02
-1.3174025176467274e-02
-1.2927901004083156e-02
-1.2689103038132454e-02
-1.2710613043878258e-02
-1.2993205391114057e-02
-1.3284965333269954e-02
-1.3586638186162273e-02
-1.3898019419112609e-02
-1.4219912938425115e-02
-1.4553051860286886e-02
-1.4897163398403921e-02
-1.5253368630176498e-02
-1.5622384513894527e-02
-1.6003858954653435e-02
-1.6399294498036735e-02
-1.6809265184792210e-02
-1.7233699517590278e-02
-1.7674186418946226e-02
-1.8131228288167146e-02
-1.8605175742743695e-02
-1.9097642239856032e-02
-1.9609076507437009e-02
-2.0140341703075621e-02
-2.0693084197508340e-02
-2.1267697125643321e-02
-2.1865666110282643e-02
-2.2488684227096344e-02
-2.3137090818308739e-02
-2.3813129203032926e-02
-2.4518486419212799e-02
-2.5253677976075920e-02
-2.6021650462507189e-02
-2.6823956474294804e-02
-2.7662009573937066e-02
-2.8538965120519434e-02
-2.9456461123234072e-02
-3.0417032602976918e-02
-3.1424118504040477e-02
-3.2479501214964568e-02
-3.3587124919684762e-02
-3.4750773043824568e-02
-3.5972606311254637e-02
-3.7258211458589631e-02
-3.8611482037358084e-02
-4.0036418299954649e-02
-4.1539427551102057e-02
-4.3125071022614203e-02
-4.4799752955545058e-02
-4.6571025920858829e-02
-4.8444435964079408e-02
-5.0429567922272996e-02
-5.2535171864585513e-02
-5.4769557769977377e-02
-5.7145287931901989e-02
-5.9673051348238623e-02
-6.2365943138404663e-02
-6.5239802458753646e-02
-6.8308568156668192e-02
-7.1592045885275762e-02
-7.5110370319803957e-02
-7.8884112825577266e-02
-8.2941026800528284e-02
-8.7307879733545507e-02
-9.2016897224890801e-02
-9.7106090211488000e-02
-1.0261331555738862e-01
-1.0858849206689057e-01
-1.1508467232065495e-01
-1.2216136931850727e-01
-1.2989263266042711e-01
-1.3835725382497013e-01
-1.4765174274345563e-01
-1.5788854980603476e-01
-1.6919252115862449e-01
-1.8171950461942823e-01
-1.9564243961180108e-01
-2.1118187433446950e-01
-2.2859978830342148e-01
-2.4820042100838527e-01
-2.7036821249634291e-01
-2.9556492470398610e-01
-3.2435889345591051e-01
-3.5747069625889305e-01
-3.9578967246244634e-01
-4.4046515509224726e-01
-4.9297130368976627e-01
-5.5522195035843103e-01
-6.2971403150152150e-01
-7.1986045241885854e-01
-8.3039180396014234e-01
-9.6788761539656520e-01
-1.1417541745238895e+00
-1.3655349668925449e+00
-1.6603686423383277e+00
-2.0591269044022305e+00
-2.6151733190333069e+00
-3.4201992807720103e+00
-4.6386918243420308e+00
-6.5759534901735570e+00
-9.7791015375437311e+00
-1.4751017728895908e+01
-1.8486916934973959e+01
0.0000000000000000e+00
2.4055929233035767e-01
0.0000000000000000e+00
0.0000000000000000e+00
];
