%Vec Object:sol 1 MPI processes
%  type: mpi
sol = [
0.0000000000000000e+00
-8.1277629808240945e+01
-3.6041926857588180e+01
-1.6975858573089553e+01
-9.4490770941070394e+00
-5.9361995305329769e+00
-4.0519854481326654e+00
-2.9334666896061421e+00
-2.2181130222444083e+00
-1.7339020412796089e+00
-1.3918961868813677e+00
-1.1412475131800555e+00
-9.5225748410755051e-01
-8.0645872578376010e-01
-6.9157773284081181e-01
-5.9947178700963877e-01
-5.2453619387408712e-01
-4.6273737504187984e-01
-4.1115774962971319e-01
-3.6772553462612956e-01
-3.3081735818353675e-01
-2.9913753950821642e-01
-2.7178655560409265e-01
-2.4801804276254474e-01
-2.2720803073477497e-01
-2.0889388143440404e-01
-1.9270690785491090e-01
-1.7832040867262330e-01
-1.6546772140861554e-01
-1.5395634270954528e-01
-1.4360189119705716e-01
-1.3423703492939337e-01
-1.2576012799584105e-01
-1.1806320175258544e-01
-1.1103833280571143e-01
-1.0462118376315288e-01
-9.8746326988949085e-02
-9.3345522247043192e-02
-8.8372592021982929e-02
-8.3788300747396877e-02
-7.9548429913015570e-02
-7.5617771761285618e-02
-7.1972870223777824e-02
-6.8584568663357742e-02
-6.5424758712394560e-02
-6.2479727577772683e-02
-5.9730028970922416e-02
-5.7152461415625959e-02
-5.4739428933884358e-02
-5.2477410719146134e-02
-5.0348224689990187e-02
-4.8346726985711429e-02
-4.6463463692356911e-02
-4.4685117850171881e-02
-4.3006908412479825e-02
-4.1422586018468377e-02
-3.9922276103959466e-02
-3.8501521499176884e-02
-3.7156264649421844e-02
-3.5879098638907141e-02
-3.4665885198113935e-02
-3.3514071065967044e-02
-3.2418036580856617e-02
-3.1373968124709974e-02
-3.0380344000061250e-02
-2.9432849812292130e-02
-2.8528002829474174e-02
-2.7664983808018226e-02
-2.6840436984801451e-02
-2.6051214037691197e-02
-2.5296966951347016e-02
-2.4575046815864830e-02
-2.3882638686039671e-02
-2.3219702273105478e-02
-2.2584110751222790e-02
-2.1973377139350218e-02
-2.1387652994876993e-02
-2.0825196917370177e-02
-2.0283840947707233e-02
-1.9763846119889149e-02
-1.9263754652140457e-02
-1.8781705927234292e-02
-1.8318012109292969e-02
-1.7871422792490894e-02
-1.7440371154235489e-02
-1.7025179317750078e-02
-1.6624746903786437e-02
-1.6237786133138973e-02
-1.5864600359780191e-02
-1.5504195956530617e-02
-1.5155548779778731e-02
-1.4818923731182265e-02
-1.4493401204436832e-02
-1.4178205062687854e-02
-1.3873548674135287e-02
-1.3578561783565431e-02
-1.3292700803229909e-02
-1.3016119112037953e-02
-1.2747977137898726e-02
-1.2487948636687708e-02
-1.2484489404388089e-02
-1.2736838473986992e-02
-1.2997014952110766e-02
-1.3265695808440895e-02
-1.3542612246285245e-02
-1.3828492914963337e-02
-1.4123989168702842e-02
-1.4428757257818855e-02
-1.4743823365837993e-02
-1.5069807838510281e-02
-1.5406280426947862e-02
-1.5754622144051419e-02
-1.6115297114316099e-02
-1.6488137899250549e-02
-1.6874586319097679e-02
-1.7275019316521156e-02
-1.7689663470965823e-02
-1.8119957540633370e-02
-1.8566206750188382e-02
-1.9029110912951196e-02
-1.9510110111585401e-02
-2.0009432939381764e-02
-2.0528347020050422e-02
-2.1068303305136444e-02
-2.1629451973632099e-02
-2.2213743298606831e-02
-2.2822584075976197e-02
-2.3456260003808415e-02
-2.4117334484717375e-02
-2.4807045150695532e-02
-2.5526483252071786e-02
-2.6278340739565042e-02
-2.7063891121519176e-02
-2.7885215803121276e-02
-2.8745187194720537e-02
-2.9645180343185740e-02
-3.0588465312600118e-02
-3.1578193868496730e-02
-3.2615997445778089e-02
-3.3706509873583972e-02
-3.4853032373028760e-02
-3.6058312251091552e-02
-3.7327947945207808e-02
-3.8665598489973280e-02
-4.0076507564699895e-02
-4.1566897854865538e-02
-4.3141110902966767e-02
-4.4807080715467948e-02
-4.6571902629564302e-02
-4.8442199367694172e-02
-5.0428326039512715e-02
-5.2538849912649364e-02
-5.4784389996534538e-02
-5.7177885262101026e-02
-5.9730446629973129e-02
-6.2458255313509910e-02
-6.5377603809433513e-02
-6.8504991001376095e-02
-7.1863045660453831e-02
-7.5473282896050348e-02
-7.9361760350177876e-02
-8.3559297309055744e-02
-8.8096242900623706e-02
-9.3013096953397434e-02
-9.8352634586376428e-02
-1.0416275790038951e-01
-1.1050339416006934e-01
-1.1743790868658970e-01
-1.2504421308362945e-01
-1.3341304832402132e-01
-1.4264479675902689e-01
-1.5286736472209669e-01
-1.6422435664583201e-01
-1.7688910902695856e-01
-1.9107341506769282e-01
-2.0702279802220230e-01
-2.2504818553219305e-01
-2.4552280681927194e-01
-2.6890592689420373e-01
-2.9576862946788918e-01
-3.2682862063516277e-01
-3.6302238809951942e-01
-4.0554158381675787e-01
-4.5593385973534267e-01
-5.1627308561480878e-01
-5.8932941544493656e-01
-6.7892688569752102e-01
-7.9035811714811832e-01
-9.3122685080517920e-01
-1.1129230208105940e+00
-1.3526241239114676e+00
-1.6769094074699966e+00
-2.1303405058644933e+00
-2.7876833305023236e+00
-3.7842686021729000e+00
-5.3689049024719049e+00
-7.9710779804573475e+00
-1.1888619386539666e+01
-1.4618527494878803e+01
0.0000000000000000e+00
1.3464638167935297e-01
0.0000000000000000e+00
0.0000000000000000e+00
];
