%Vec Object:sol 1 MPI processes
%  type: mpi
sol = [
0.0000000000000000e+00
-4.2735231531336204e+01
-2.4761211316533174e+01
-1.3175889398170098e+01
-7.7011315084939698e+00
-4.9559835742385276e+00
-3.4304990690584551e+00
-2.5066046891643317e+00
-1.9072882037394843e+00
-1.4986314613070171e+00
-1.2076961192628033e+00
-9.9340782127739236e-01
-8.3132721514438301e-01
-7.0585555317067017e-01
-6.0670703193484921e-01
-5.2695498887984304e-01
-4.6195830072014238e-01
-4.0829048595185580e-01
-3.6342254442689720e-01
-3.2558479224836900e-01
-2.9338640328126492e-01
-2.6571402759239021e-01
-2.4179462036512264e-01
-2.2098519195536043e-01
-2.0274687379376452e-01
-1.8668004183166889e-01
-1.7246596352608751e-01
-1.5982147733183327e-01
-1.4851519376823735e-01
-1.3838039970687677e-01
-1.2925685829971187e-01
-1.2099849795893663e-01
-1.1351746328859458e-01
-1.0671973550462677e-01
-1.0051093067498887e-01
-9.4835201807242808e-02
-8.9635506929141032e-02
-8.4852043206945435e-02
-8.0444547466406141e-02
-7.6378835920619170e-02
-7.2616099379247651e-02
-6.9125478574132454e-02
-6.5886597130407523e-02
-6.2873843850703867e-02
-6.0062442143519176e-02
-5.7440561317361957e-02
-5.4991120775628941e-02
-5.2693547633316865e-02
-5.0541388464103498e-02
-4.8522765730654789e-02
-4.6621489398628681e-02
-4.4833221096954312e-02
-4.3149661216170192e-02
-4.1558927376373164e-02
-4.0056923596196170e-02
-3.8638189032741938e-02
-3.7293896777480164e-02
-3.6020176342477485e-02
-3.4813512721855969e-02
-3.3667274374812463e-02
-3.2577825942177570e-02
-3.1542990294607179e-02
-3.0557729055744540e-02
-2.9618658823676810e-02
-2.8724520981182503e-02
-2.7871442525604084e-02
-2.7056307261857631e-02
-2.6278482099115732e-02
-2.5534950978620539e-02
-2.4822875732954629e-02
-2.4142042479948143e-02
-2.3490067425077001e-02
-2.2864395983369631e-02
-2.2265086990231175e-02
-2.1690223478509973e-02
-2.1137535054739708e-02
-2.0607249079055406e-02
-2.0097792657797743e-02
-1.9607176245273087e-02
-1.9135721269013310e-02
-1.8682107116948673e-02
-1.8244618567778911e-02
-1.7823618143760767e-02
-1.7417968521386336e-02
-1.7026220053919839e-02
-1.6648738702884705e-02
-1.6284518309959656e-02
-1.5932364451764842e-02
-1.5592620091053227e-02
-1.5264370742239186e-02
-1.4946665874014643e-02
-1.4639807114054115e-02
-1.4342941614911236e-02
-1.4055350825264214e-02
-1.3777282723740385e-02
-1.3507923340063737e-02
-1.3246774052900078e-02
-1.2994021064554691e-02
-1.2748871949544414e-02
-1.2511035966312197e-02
-1.2529895826919768e-02
-1.2806070131629248e-02
-1.3091174877309762e-02
-1.3385940295162397e-02
-1.3690158171543754e-02
-1.4004616005056389e-02
-1.4330030728177240e-02
-1.4666126064365903e-02
-1.5014001183294639e-02
-1.5374355684012367e-02
-1.5746834265261404e-02
-1.6132910671502462e-02
-1.6533142041868069e-02
-1.6947448793712044e-02
-1.7377387699465258e-02
-1.7823443688418997e-02
-1.8285951821664904e-02
-1.8766490625185470e-02
-1.9265490366240968e-02
-1.9783789074684682e-02
-2.0322994961228063e-02
-2.0883481526995266e-02
-2.1466697032138785e-02
-2.2074292570773837e-02
-2.2706586357819164e-02
-2.3365768806952843e-02
-2.4053481548457056e-02
-2.4770213226457928e-02
-2.5518841539798987e-02
-2.6300871963144998e-02
-2.7117672231111719e-02
-2.7972319936873141e-02
-2.8866399917751036e-02
-2.9802376716328693e-02
-3.0783600241988996e-02
-3.1811791678781967e-02
-3.2890792566935473e-02
-3.4024283595849247e-02
-3.5214350611200242e-02
-3.6466438386986516e-02
-3.7784326861940436e-02
-3.9171897785896921e-02
-4.0635389604771983e-02
-4.2179226351166083e-02
-4.3809635110046284e-02
-4.5533963071954210e-02
-4.7357586702772680e-02
-4.9289834748497845e-02
-5.1339211398181171e-02
-5.3513776784186950e-02
-5.5825755178334290e-02
-5.8285504354409788e-02
-6.0904814112840766e-02
-6.3699912329191782e-02
-6.6684316460631970e-02
-6.9877267511282190e-02
-7.3298311226724283e-02
-7.6967403140050031e-02
-8.0911501737589861e-02
-8.5156578141294528e-02
-8.9733914302239703e-02
-9.4680416616644517e-02
-1.0003280850641702e-01
-1.0583956124497386e-01
-1.1215216342287525e-01
-1.1902836566522437e-01
-1.2654005711461883e-01
-1.3476369148516429e-01
-1.4379294474104073e-01
-1.5373696206058207e-01
-1.6471688404790197e-01
-1.7688641257555882e-01
-1.9041862744444080e-01
-2.0552228015803792e-01
-2.2245222034333526e-01
-2.4150442168633282e-01
-2.6305296696913416e-01
-2.8754723183437653e-01
-3.1554040272337097e-01
-3.4773394105881561e-01
-3.8496173295157243e-01
-4.2835733729468584e-01
-4.7935766912193617e-01
-5.3982136630240463e-01
-6.1223685492643853e-01
-6.9992658872171221e-01
-8.0747311200810212e-01
-9.4115687537484516e-01
-1.1101171342053291e+00
-1.3279482411152226e+00
-1.6149876664564871e+00
-2.0029727737661709e+00
-2.5446683319299708e+00
-3.3293424875650026e+00
-4.5170454789806804e+00
-6.4056125504264587e+00
-9.5285293832073634e+00
-1.4359486169010006e+01
-1.7959275737982804e+01
0.0000000000000000e+00
2.4055929233035767e-01
0.0000000000000000e+00
0.0000000000000000e+00
];
