%Vec Object:sol 1 MPI processes
%  type: mpi
sol = [
0.0000000000000000e+00
-4.1828044780606810e+01
-2.4473496861023758e+01
-1.3094932529490661e+01
-7.6704537464828730e+00
-4.9408470528774053e+00
-3.4222318249204533e+00
-2.5011312268656969e+00
-1.9039045481092476e+00
-1.4961073910872482e+00
-1.2060582253106995e+00
-9.9224656160622926e-01
-8.3041788215579093e-01
-7.0513772740877800e-01
-6.0613800612775937e-01
-5.2656889694426057e-01
-4.6171710140357608e-01
-4.0815106596749040e-01
-3.6332916181043962e-01
-3.2552925203678967e-01
-2.9336218451292118e-01
-2.6571598750589454e-01
-2.4181849374539360e-01
-2.2102748058267335e-01
-2.0280473563827228e-01
-1.8675109935888148e-01
-1.7254821015827912e-01
-1.5991324314865746e-01
-1.4861507824172762e-01
-1.3848719827184397e-01
-1.2937204285603793e-01
-1.2112245939860419e-01
-1.1364874603981767e-01
-1.0685711717637200e-01
-1.0065338674207003e-01
-9.4981857497393837e-02
-8.9785619006515299e-02
-8.5004979693818011e-02
-8.0599766741005954e-02
-7.6535874678136315e-02
-7.2774559495654645e-02
-6.9285016385536385e-02
-6.6046918321410047e-02
-6.3034698292617597e-02
-6.0223612813676240e-02
-5.7601500237465839e-02
-5.5151211279759561e-02
-5.2852743326027976e-02
-5.0699657451108833e-02
-4.8680082754949706e-02
-4.6777826216830215e-02
-4.4988561690474452e-02
-4.3303994684154058e-02
-4.1712238986930113e-02
-4.0209206971942323e-02
-3.8789442811792328e-02
-3.7444115637353517e-02
-3.6169359969576077e-02
-3.4961666068420286e-02
-3.3814398673442221e-02
-3.2723924635014334e-02
-3.1688072463295892e-02
-3.0701800447990056e-02
-2.9761725154397151e-02
-2.8866593968630682e-02
-2.8012530964799234e-02
-2.7196418196117813e-02
-2.6417628856530932e-02
-2.5673144342859892e-02
-2.4960123461190465e-02
-2.4278358802059204e-02
-2.3625464335898846e-02
-2.2998881578950348e-02
-2.2398675913616647e-02
-2.1822928355492380e-02
-2.1269364096087554e-02
-2.0738217005535475e-02
-2.0227912293511445e-02
-1.9736455799249614e-02
-1.9264175311262212e-02
-1.8809748342654233e-02
-1.8371455130735459e-02
-1.7949664310537152e-02
-1.7543236612377087e-02
-1.7150718162319434e-02
-1.6772480692391397e-02
-1.6407515938715794e-02
-1.6054625770291896e-02
-1.5714158498840822e-02
-1.5385197295228590e-02
-1.5066788619834934e-02
-1.4759238953202381e-02
-1.4461692793990061e-02
-1.4173429433925678e-02
-1.3894701147783578e-02
-1.3624690936349224e-02
-1.3362899003533648e-02
-1.3109515238273120e-02
-1.2863743754931135e-02
-1.2625293733972635e-02
-1.2645857311276125e-02
-1.2926153242721913e-02
-1.3215532014892731e-02
-1.3514733550167539e-02
-1.3823552010918965e-02
-1.4142785436987687e-02
-1.4473161159863763e-02
-1.4814405156837119e-02
-1.5167630671142920e-02
-1.5533548458039888e-02
-1.5911805289538190e-02
-1.6303893411260224e-02
-1.6710380827777854e-02
-1.7131193163226335e-02
-1.7567907844901334e-02
-1.8021021035445256e-02
-1.8490877801201192e-02
-1.8979079112868624e-02
-1.9486067110330699e-02
-2.0012695976861252e-02
-2.0560598445830410e-02
-2.1130160647758609e-02
-2.1722854856291277e-02
-2.2340359147438024e-02
-2.2983005328534083e-02
-2.3653017812918703e-02
-2.4352067418916806e-02
-2.5080660072290952e-02
-2.5841717743924453e-02
-2.6636776203556443e-02
-2.7467232651715003e-02
-2.8336214662850329e-02
-2.9245341262921460e-02
-3.0197122300699892e-02
-3.1194964915201875e-02
-3.2240629646864118e-02
-3.3338024013687052e-02
-3.4490894747556719e-02
-3.5701375843964198e-02
-3.6975003327528434e-02
-3.8315630182241697e-02
-3.9727214343390001e-02
-4.1216102799984611e-02
-4.2786807824728643e-02
-4.4445670383593462e-02
-4.6200169757794507e-02
-4.8055791314582257e-02
-5.0022028203581745e-02
-5.2107542458334835e-02
-5.4320557089266037e-02
-5.6673513358131443e-02
-5.9176990199030298e-02
-6.1843951727838777e-02
-6.4690081677058225e-02
-6.7729174296410746e-02
-7.0980841533494182e-02
-7.4465016949261539e-02
-7.8202062600259276e-02
-8.2219460502768710e-02
-8.6543708211794593e-02
-9.1206711331612525e-02
-9.6246106443447429e-02
-1.0169936900405219e-01
-1.0761592897992282e-01
-1.1404831356321918e-01
-1.2105544604203862e-01
-1.2871053148217904e-01
-1.3708705324953446e-01
-1.4628395296707053e-01
-1.5641263801490909e-01
-1.6759647848731943e-01
-1.7999196967421849e-01
-1.9377534352736894e-01
-2.0915913134782557e-01
-2.2640276922844269e-01
-2.4580754856843531e-01
-2.6775421570408803e-01
-2.9270011607154506e-01
-3.2120818475863783e-01
-3.5399220567894746e-01
-3.9193319277240923e-01
-4.3616981678537492e-01
-4.8816288002627500e-01
-5.4973963436603790e-01
-6.2347055234875937e-01
-7.1274052392623544e-01
-8.2220729916499113e-01
-9.5839318861391243e-01
-1.1304937803729858e+00
-1.3521171780839183e+00
-1.6442330886591008e+00
-2.0390904396603347e+00
-2.5901868510952695e+00
-3.3878099915969706e+00
-4.5954506228956564e+00
-6.5153189124177144e+00
-9.6900325723984704e+00
-1.4612048043706315e+01
-1.8299713315462128e+01
0.0000000000000000e+00
2.4055929233035767e-01
0.0000000000000000e+00
0.0000000000000000e+00
];
