%Vec Object:sol 1 MPI processes
%  type: mpi
sol = [
0.0000000000000000e+00
-4.1348020412393886e+01
-2.4316749902588793e+01
-1.3050747859584163e+01
-7.6528391691031601e+00
-4.9328249234977193e+00
-3.4178475531923542e+00
-2.4981510187784459e+00
-1.9021277536871937e+00
-1.4947817417706710e+00
-1.2050427103622936e+00
-9.9163363927973691e-01
-8.2994640919090878e-01
-7.0476598043013150e-01
-6.0584380661536907e-01
-5.2633600286332582e-01
-4.6153327937270294e-01
-4.0801345574624776e-01
-3.6326011275403786e-01
-3.2550592756787217e-01
-2.9335493645063970e-01
-2.6572217688164634e-01
-2.4183592900286829e-01
-2.2105436291854669e-01
-2.0283960316945740e-01
-1.8679272830372096e-01
-1.7259556706268514e-01
-1.5996546775218168e-01
-1.4867144889046444e-01
-1.3854709159167458e-01
-1.2943492985816582e-01
-1.2118789596360523e-01
-1.1371634214051574e-01
-1.0692653789609877e-01
-1.0072434746984518e-01
-9.5054108157969178e-02
-8.9858942686907431e-02
-8.5079189158245111e-02
-8.0674698053372476e-02
-7.6611384854313055e-02
-7.2850523712434709e-02
-6.9361324808711655e-02
-6.6123476406775294e-02
-6.3111418857061355e-02
-6.0300415587324192e-02
-5.7678681928133704e-02
-5.5229171125698959e-02
-5.2931329507211959e-02
-5.0778739761360700e-02
-4.8759547349253467e-02
-4.6857569139490053e-02
-4.5068494816082487e-02
-4.3384041187720664e-02
-4.1792327662606966e-02
-4.0289277524206510e-02
-3.8869443467693499e-02
-3.7523997724982001e-02
-3.6249082024154243e-02
-3.5041193526064718e-02
-3.3893698596729679e-02
-3.2802968475413120e-02
-3.1766841632280989e-02
-3.0780106524248434e-02
-2.9839474254018398e-02
-2.8943791277825631e-02
-2.8089181914631247e-02
-2.7272527211370610e-02
-2.6493203744530378e-02
-2.5748191478326465e-02
-2.5034647531028575e-02
-2.4352367985799466e-02
-2.3698965561124476e-02
-2.3071879620993951e-02
-2.2471179085787451e-02
-2.1894943846572815e-02
-2.1340896670159787e-02
-2.0809274947629079e-02
-2.0298502836361854e-02
-1.9806583648870151e-02
-1.9333848615523397e-02
-1.8878974214042155e-02
-1.8440238200460615e-02
-1.8018012517966149e-02
-1.7611156826678919e-02
-1.7218214946320202e-02
-1.6839561731867868e-02
-1.6474187765848917e-02
-1.6120892896356029e-02
-1.5780028329611270e-02
-1.5450675956326205e-02
-1.5131880598049980e-02
-1.4823951360828017e-02
-1.4526031296997288e-02
-1.4237398523195121e-02
-1.3958307637842877e-02
-1.3687939993941686e-02
-1.3425795154238560e-02
-1.3172065000944666e-02
-1.2925951768626334e-02
-1.2687164591945185e-02
-1.2708646063370705e-02
-1.2991168876704115e-02
-1.3282856722203277e-02
-1.3584454752435964e-02
-1.3895758397732421e-02
-1.4217571386846239e-02
-1.4550626660976743e-02
-1.4894651397069903e-02
-1.5250766435357326e-02
-1.5619688546592660e-02
-1.6001065602355372e-02
-1.6396399836373990e-02
-1.6806265107100656e-02
-1.7230589830816035e-02
-1.7670962582126273e-02
-1.8127885572155344e-02
-1.8601709251039388e-02
-1.9094046698243862e-02
-1.9605346443054540e-02
-2.0136471372067734e-02
-2.0689067443684928e-02
-2.1263527581772589e-02
-2.1861337005729769e-02
-2.2484188337913373e-02
-2.3132420693693180e-02
-2.3808276820655658e-02
-2.4513443266825308e-02
-2.5248435252805949e-02
-2.6016198623249911e-02
-2.6818285466092408e-02
-2.7656108850180907e-02
-2.8532823294971029e-02
-2.9450066236967925e-02
-3.0410371936991285e-02
-3.1417178378609023e-02
-3.2472267291466114e-02
-3.3579581752015204e-02
-3.4742904077904244e-02
-3.5964394187067053e-02
-3.7249637284238794e-02
-3.8602525696664898e-02
-4.0027058399790587e-02
-4.1529640876956195e-02
-4.3114832882872399e-02
-4.4789036748592498e-02
-4.6559802832572522e-02
-4.8432675350124868e-02
-5.0417236370295243e-02
-5.2522233305563194e-02
-5.4755973511259513e-02
-5.7131015627514832e-02
-5.9658045331779389e-02
-6.2350153790650155e-02
-6.5223175470295866e-02
-6.8291044856801417e-02
-7.1573561758252080e-02
-7.5090854782738331e-02
-7.8863488982583302e-02
-8.2919209568125193e-02
-8.7284775887149973e-02
-9.1992403888220581e-02
-9.7080093206142512e-02
-1.0258568922524280e-01
-1.0855909599641750e-01
-1.1505335025837315e-01
-1.2212794722249840e-01
-1.2985691466476063e-01
-1.3831902060797011e-01
-1.4761074656009618e-01
-1.5784450987060994e-01
-1.6914511982435537e-01
-1.8166730711590576e-01
-1.9558602943257897e-01
-2.1112076629930435e-01
-2.2853342056752829e-01
-2.4812814288135254e-01
-2.7028926197620640e-01
-2.9547840671824432e-01
-3.2426375022970971e-01
-3.5736566537638220e-01
-3.9567324077597804e-01
-4.4033548834914521e-01
-4.9282615980466543e-01
-5.5505856324212688e-01
-6.2952558063215636e-01
-7.1964558053265193e-01
-8.3014484671879107e-01
-9.6760118773834647e-01
-1.1414184757001298e+00
-1.3651302429654462e+00
-1.6598820787149771e+00
-2.0585228094258090e+00
-2.6144202921850366e+00
-3.4192234962646380e+00
-4.6373897655076730e+00
-6.5741287809378175e+00
-9.7764235646113899e+00
-1.4746843453112707e+01
-1.8481295976443917e+01
0.0000000000000000e+00
2.4055929233035767e-01
0.0000000000000000e+00
0.0000000000000000e+00
];
