%Vec Object:sol 1 MPI processes
%  type: mpi
sol = [
0.0000000000000000e+00
-5.4705341707521114e+01
-2.6683933047460481e+01
-1.2794350797867688e+01
-6.9635969320227904e+00
-4.2034324438981852e+00
-2.7301943775059301e+00
-1.8673690373579290e+00
-1.3265070994245436e+00
-9.6902476842970409e-01
-7.2284764977146276e-01
-5.4755949115616309e-01
-4.1942302775350165e-01
-3.2365342403723613e-01
-2.5069362238890325e-01
-1.9424053238859751e-01
-1.4999661506290971e-01
-1.1492177791035862e-01
-8.6841204078061243e-02
-6.4205564338353421e-02
-4.5856567305669636e-02
-3.0926679258098159e-02
-1.8819439879107384e-02
-9.1981584876315078e-03
-2.6221138261093217e-03
-5.0306451561641144e-04
-3.1226049121882589e-04
-3.0819776330478653e-04
-2.6958620882322091e-04
-2.7053498957440930e-04
-2.9353134283888503e-04
-2.5421231956259803e-04
-2.4717718663590222e-04
-2.6757172915484645e-04
-2.4103545702419701e-04
-2.2921590703753973e-04
-2.4047092388745716e-04
-2.2863494368335557e-04
-2.1425764827301430e-04
-2.1902614311155910e-04
-2.1629552750704654e-04
-2.0090748009665547e-04
-2.0135243239110718e-04
-2.0408550155959015e-04
-1.8878287468305038e-04
-1.8654374326782739e-04
-1.9233691104439063e-04
-1.7773516879154299e-04
-1.7387982855093963e-04
-1.7918532426764740e-04
-1.6752833799578979e-04
-1.6279096411234755e-04
-1.6581098330311134e-04
-1.5802924181383170e-04
-1.5290644962621814e-04
-1.5433165425216973e-04
-1.4914286705308059e-04
-1.4392569222668072e-04
-1.4424751476459953e-04
-1.4076756659551579e-04
-1.3564671673327674e-04
-1.3523140414800844e-04
-1.3286775605895896e-04
-1.2796786769103915e-04
-1.2708345235778692e-04
-1.2543676179506565e-04
-1.2083122201631567e-04
-1.1966764284073022e-04
-1.1846434402112940e-04
-1.1419023166217850e-04
-1.1287983872725222e-04
-1.1193423706351238e-04
-1.0800434283873927e-04
-1.0663793886745896e-04
-1.0582471211218127e-04
-1.0223647075716649e-04
-1.0087530422105137e-04
-1.0011053810298693e-04
-9.6851229763343034e-05
-9.5534586287705759e-05
-9.4761558554702540e-05
-9.1810562884457405e-05
-9.0559605107880196e-05
-8.9736833964528236e-05
-8.7064098385516238e-05
-8.5881490825300772e-05
-8.4971099545993624e-05
-8.2532649610129633e-05
-8.1399554490318920e-05
-8.0356642398855777e-05
-7.8089565246672131e-05
-7.6963261885534093e-05
-7.5728884333205166e-05
-7.3550036182136780e-05
-7.2366127594809655e-05
-7.0865920748359765e-05
-6.8675906704005661e-05
-6.7355144123818845e-05
-6.5501655331121259e-05
-6.3191406721213890e-05
-6.2832803234453313e-05
-6.2846119649076021e-05
-6.2559219611412533e-05
-6.3046187964558258e-05
-6.2401252454060181e-05
-6.1779990247138228e-05
-6.2073765766591630e-05
-6.0810976139420158e-05
-6.0006650134132803e-05
-6.0300038103256568e-05
-5.8450116924984483e-05
-5.7639653334326914e-05
-5.7678199453353890e-05
-5.5705239289723076e-05
-5.5074877198792643e-05
-5.4780355590521052e-05
-5.2902283622598466e-05
-5.2619407482538331e-05
-5.1904686148624080e-05
-5.0238976566765106e-05
-5.0450145636429280e-05
-4.9146881491195412e-05
-4.7806857561151366e-05
-4.8660120737189057e-05
-4.6531852953161306e-05
-4.5646280923600330e-05
-4.6901974634869959e-05
-4.4057533113025671e-05
-4.3783342703106504e-05
-4.4223127679414513e-05
-4.1752365472607557e-05
-4.2322068151123321e-05
-4.1601114611988483e-05
-3.9716517407655522e-05
-4.1376812742245735e-05
-3.9084988903226465e-05
-3.8052597281679540e-05
-4.0759663686814552e-05
-3.6756924498450761e-05
-3.6852600326503737e-05
-3.7873695917878941e-05
-3.4716811785087642e-05
-3.6312324663973840e-05
-3.5094437550602785e-05
-3.3153408695399462e-05
-3.6549768691852872e-05
-3.2546673859443658e-05
-3.2201677736053983e-05
-3.4775707496072502e-05
-3.0454933716255111e-05
-3.2090435615399939e-05
-3.1559195234175249e-05
-2.8995501150024195e-05
-3.2897564288755534e-05
-2.8767288343166527e-05
-2.8362011112603354e-05
-3.1498168723778834e-05
-2.6704026533759670e-05
-2.8755958964496995e-05
-2.7934974552101321e-05
-2.5500936267081693e-05
-3.0191623501819239e-05
-2.5159991516525775e-05
-2.5398504702294686e-05
-2.7639259942877960e-05
-2.3452475294774348e-05
-2.6451662712157257e-05
-2.4164385583156998e-05
-2.2759252876370770e-05
-2.7397625040964745e-05
-2.1805357526493683e-05
-2.3365171795911048e-05
-2.3373096193855878e-05
-2.0754413363500789e-05
-2.5215868224560729e-05
-2.0588871007282965e-05
-2.1005319152945231e-05
-2.2699158437938873e-05
-2.0119545152042301e-05
-4.3259642091064651e-05
-4.5611313044355100e-04
-5.4732519679970429e-03
-2.4741779840515649e-02
-5.7054577105242602e-02
-1.0116611029989629e-01
-1.5997847100229373e-01
-2.3832539379945719e-01
-3.4341952178639384e-01
-4.8600347305391717e-01
-6.8243733487094582e-01
-9.5827928151171515e-01
-1.3548960011361100e+00
-1.9413533121522999e+00
-2.8398239190356227e+00
-4.2745161117889348e+00
-6.6786858619182867e+00
-1.0884881604311422e+01
-1.8019587900443543e+01
-2.4829934139490682e+01
0.0000000000000000e+00
2.4055929233035767e-01
0.0000000000000000e+00
0.0000000000000000e+00
];
