%Vec Object:sol 1 MPI processes
%  type: mpi
sol = [
0.0000000000000000e+00
-4.1736666054261150e+01
-2.4443764207804573e+01
-1.3086703285163113e+01
-7.6673382790000231e+00
-4.9393113337365318e+00
-3.4213938933319890e+00
-2.5005589761792257e+00
-1.9035621538869569e+00
-1.4958518285037270e+00
-1.2058623461146412e+00
-9.9212947343046975e-01
-8.3032616331067877e-01
-7.0506530633469344e-01
-6.0608058870493187e-01
-5.2652333982809574e-01
-4.6168103817926570e-01
-4.0812918869216858e-01
-3.6332002164711430e-01
-3.2552389014583116e-01
-2.9335995250137403e-01
-2.6571637366965772e-01
-2.4182107317287616e-01
-2.2103190446039966e-01
-2.0281072040626824e-01
-1.8675840759916876e-01
-1.7255664132606044e-01
-1.5992263024760400e-01
-1.4862528113498000e-01
-1.3849809585476613e-01
-1.2938353230994321e-01
-1.2113445437330664e-01
-1.1366117064513206e-01
-1.0686990620145152e-01
-1.0066648475942491e-01
-9.4995215752569126e-02
-8.9799195170064600e-02
-8.5018737269625319e-02
-8.0613673641403163e-02
-7.6549902920258581e-02
-7.2788684639249146e-02
-6.9299216853221893e-02
-6.6061176135648950e-02
-6.3048993570931855e-02
-6.0237924933620804e-02
-5.7616176150310956e-02
-5.5166739513206720e-02
-5.2868820996712501e-02
-5.0715797558423155e-02
-4.8696125326829091e-02
-4.6793768466930064e-02
-4.5004402068425570e-02
-4.3319732149429760e-02
-4.1727872095829947e-02
-4.0224735125334921e-02
-3.8804865914418431e-02
-3.7459433181852665e-02
-3.6184571954189469e-02
-3.4976773023651521e-02
-3.3829400745012450e-02
-3.2738822190338759e-02
-3.1702866441931189e-02
-3.0716491445896135e-02
-2.9776313761628023e-02
-2.8881081385653155e-02
-2.8026918091580040e-02
-2.7210705752192949e-02
-2.6431818201302814e-02
-2.5687236574664825e-02
-2.4974119368502749e-02
-2.4292259832848207e-02
-2.3639271709184066e-02
-2.3012596115341209e-02
-2.2412299101086573e-02
-2.1836461475641351e-02
-2.1282807979782367e-02
-2.0751573147394096e-02
-2.0241181994348142e-02
-1.9749639888969099e-02
-1.9277275268428221e-02
-1.8822765454420822e-02
-1.8384390221039187e-02
-1.7962518826700049e-02
-1.7556011803181611e-02
-1.7163414845464235e-02
-1.6785100274115138e-02
-1.6420059610521370e-02
-1.6067094345691455e-02
-1.5726553336888778e-02
-1.5397519516037489e-02
-1.5079039036901483e-02
-1.4771418874971120e-02
-1.4473803258363891e-02
-1.4185471259048430e-02
-1.3906675589946623e-02
-1.3636598943115879e-02
-1.3374741402850497e-02
-1.3121293234094269e-02
-1.2875458198546722e-02
-1.2636945468882653e-02
-1.2657682687431273e-02
-1.2938398816500421e-02
-1.3228213310614068e-02
-1.3527867079442804e-02
-1.3837154526915385e-02
-1.4156874766805711e-02
-1.4487756189929051e-02
-1.4829525002647578e-02
-1.5183295882055067e-02
-1.5549780719793047e-02
-1.5928626498509593e-02
-1.6321327348823474e-02
-1.6728452381956201e-02
-1.7149927751999267e-02
-1.7587332990586901e-02
-1.8041165404413341e-02
-1.8511771078761865e-02
-1.9000753270900683e-02
-1.9508555329840398e-02
-2.0036033084270027e-02
-2.0584821765713083e-02
-2.1155308790886382e-02
-2.1748968879705090e-02
-2.2367482856778597e-02
-2.3011183913761977e-02
-2.3682299927659193e-02
-2.4382504690058992e-02
-2.5112305887011400e-02
-2.5874629999517094e-02
-2.6671015883353563e-02
-2.7502863740711665e-02
-2.8373306237751868e-02
-2.9283965883172027e-02
-3.0237357141263153e-02
-3.1236892981075248e-02
-3.2284337952501289e-02
-3.3383606294907345e-02
-3.4538451468106815e-02
-3.5751012373199095e-02
-3.7026834330415578e-02
-3.8369777764731258e-02
-3.9783808374033683e-02
-4.1275284205867971e-02
-4.2848726514972596e-02
-4.4510487871638721e-02
-4.6268060997189331e-02
-4.8126942392817028e-02
-5.0096642021598546e-02
-5.2185838065455369e-02
-5.4402769490995893e-02
-5.6759899756982431e-02
-5.9267827990705450e-02
-6.1939542340104785e-02
-6.4790755047452409e-02
-6.7835286895407271e-02
-7.1092785365018035e-02
-7.4583220915569487e-02
-7.8326994011241172e-02
-8.2351636455820762e-02
-8.6683695338097361e-02
-9.1355134979485692e-02
-9.6403660711800218e-02
-1.0186681787610959e-01
-1.0779412619761577e-01
-1.1423820930262303e-01
-1.2125809848235616e-01
-1.2892725586886758e-01
-1.3732352007235799e-01
-1.4653790828126012e-01
-1.5668541512040224e-01
-1.6789003889866264e-01
-1.8030855940598953e-01
-1.9411752959224862e-01
-2.0952986563432796e-01
-2.2680547058970338e-01
-2.4624617719153624e-01
-2.6823341003920981e-01
-2.9322532565497156e-01
-3.2178585106762747e-01
-3.5463001805120875e-01
-3.9264036999599933e-01
-4.3695753674866444e-01
-4.8904461614067307e-01
-5.5075078665831245e-01
-6.2461569728481547e-01
-7.1404659968856576e-01
-8.2370888207988480e-01
-9.6013538150884326e-01
-1.1325705782937816e+00
-1.3545797972774758e+00
-1.6471952744459968e+00
-2.0427693619470308e+00
-2.5947763170330873e+00
-3.3937610480251381e+00
-4.6033990417231809e+00
-6.5264702289450982e+00
-9.7064258689806913e+00
-1.4637646479200944e+01
-1.8334207489945474e+01
0.0000000000000000e+00
2.4055929233035767e-01
0.0000000000000000e+00
0.0000000000000000e+00
];
