%Vec Object:sol 1 MPI processes
%  type: mpi
sol = [
0.0000000000000000e+00
-7.2619546548187515e+01
-3.4804789841094468e+01
-1.6826934255422849e+01
-9.4481685162607967e+00
-5.9580555959409534e+00
-4.0751251721812345e+00
-2.9542033099493241e+00
-2.2354869551126266e+00
-1.7490361253526749e+00
-1.4047371219299263e+00
-1.1524204841701555e+00
-9.6222198593604580e-01
-8.1522636935128123e-01
-6.9937861400014179e-01
-6.0647997941534204e-01
-5.3091182149071625e-01
-4.6860844558824549e-01
-4.1659055128912403e-01
-3.7277527925944393e-01
-3.3550366248560753e-01
-3.0350384564903243e-01
-2.7587212391377769e-01
-2.5185566385193853e-01
-2.3082535207879148e-01
-2.1231436212963062e-01
-1.9595061022532392e-01
-1.8140459878886320e-01
-1.6840733760164503e-01
-1.5676447682244934e-01
-1.4629285897251440e-01
-1.3682203804902535e-01
-1.2824727906097147e-01
-1.2045976717681638e-01
-1.1335075800981413e-01
-1.0685533803507816e-01
-1.0090753133138110e-01
-9.5438536020194059e-02
-9.0401764304170171e-02
-8.5757632691541380e-02
-8.1461533558841184e-02
-7.7477937542523814e-02
-7.3783176102078615e-02
-7.0347822081975792e-02
-6.7143493492425932e-02
-6.4156358600616525e-02
-6.1366784989904728e-02
-5.8751320993533335e-02
-5.6302364978399772e-02
-5.4005922406313023e-02
-5.1843451028443975e-02
-4.9810303387016704e-02
-4.7896922761948485e-02
-4.6089817186160710e-02
-4.4384167041285429e-02
-4.2773658871754786e-02
-4.1248281322904888e-02
-3.9803534838444163e-02
-3.8435326580061782e-02
-3.7136142186581726e-02
-3.5901796563855136e-02
-3.4729722560845250e-02
-3.3614215585837388e-02
-3.2551411446220348e-02
-3.1539790307616236e-02
-3.0574970128602118e-02
-2.9653415111936466e-02
-2.8774319218591773e-02
-2.7934272261241920e-02
-2.7130071668957145e-02
-2.6361390666771446e-02
-2.5625535948251125e-02
-2.4919638534198180e-02
-2.4243684747641211e-02
-2.3595510803494316e-02
-2.2972577233959079e-02
-2.2375065516022679e-02
-2.1801202646356072e-02
-2.1248770995535116e-02
-2.0718063121235936e-02
-2.0207593280656862e-02
-1.9715455122535735e-02
-1.9241992613169712e-02
-1.8785929630052406e-02
-1.8345658573250830e-02
-1.7921532534857277e-02
-1.7512426496326013e-02
-1.7117017730680674e-02
-1.6735638860846915e-02
-1.6367271741885306e-02
-1.6010863893966411e-02
-1.5666707042468135e-02
-1.5333856372545742e-02
-1.5011514678059459e-02
-1.4699919133998016e-02
-1.4398172908116064e-02
-1.4105719182809074e-02
-1.3822731646209240e-02
-1.3548342216546994e-02
-1.3282219764894418e-02
-1.3288835273334975e-02
-1.3568017540213428e-02
-1.3856035780676535e-02
-1.4153632316137412e-02
-1.4460554100883927e-02
-1.4777601008941925e-02
-1.5105494502570182e-02
-1.5443906005283550e-02
-1.5793956777158256e-02
-1.6156342441055419e-02
-1.6530647030936728e-02
-1.6918376475776428e-02
-1.7320068429620566e-02
-1.7735591215169922e-02
-1.8166526105212601e-02
-1.8613326351757886e-02
-1.9076286958888293e-02
-1.9556998536559053e-02
-2.0055847393907516e-02
-2.0573643229277291e-02
-2.1111992406545141e-02
-2.1671210911623526e-02
-2.2252729328189277e-02
-2.2858181315401606e-02
-2.3487812407269652e-02
-2.4143804446428139e-02
-2.4827761437861775e-02
-2.5540089574023296e-02
-2.6283657341054582e-02
-2.7059905556694418e-02
-2.7870127042402649e-02
-2.8717366177865744e-02
-2.9603119542681931e-02
-3.0529780218413075e-02
-3.1500636537817518e-02
-3.2517293874272872e-02
-3.3583519183938315e-02
-3.4702896661112329e-02
-3.5877366208799936e-02
-3.7112282989397047e-02
-3.8411280934273692e-02
-3.9778081155832923e-02
-4.1218781366392385e-02
-4.2737608438665912e-02
-4.4340598567160376e-02
-4.6034892964525349e-02
-4.7825604713256697e-02
-4.9721817502183123e-02
-5.1731738624848658e-02
-5.3863096425684896e-02
-5.6127769961115383e-02
-5.8535727040313422e-02
-6.1099249707215038e-02
-6.3833246785329367e-02
-6.6750680968602621e-02
-6.9870194696200510e-02
-7.3210649279651041e-02
-7.6791231327724266e-02
-8.0638034738978848e-02
-8.4776049435488332e-02
-8.9235448419025504e-02
-9.4051866691678088e-02
-9.9260598385278204e-02
-1.0490845272610895e-01
-1.1104502371837888e-01
-1.1772589721729874e-01
-1.2502032975256244e-01
-1.3299794359987580e-01
-1.4175161149164223e-01
-1.5138677271064091e-01
-1.6201971753036248e-01
-1.7379826494871031e-01
-1.8688861105045970e-01
-2.0149124574776370e-01
-2.1785098649492615e-01
-2.3625185818527719e-01
-2.5705310780029961e-01
-2.8068602714396956e-01
-3.0768144614713355e-01
-3.3871265842947751e-01
-3.7461039079829739e-01
-4.1644867415178261e-01
-4.6560516457442847e-01
-5.2381670437121752e-01
-5.9348982426821661e-01
-6.7782664472730103e-01
-7.8122414671416807e-01
-9.0984082270199562e-01
-1.0724135420065104e+00
-1.2817319839854293e+00
-1.5576458034960461e+00
-1.9308142024831383e+00
-2.4516237889822290e+00
-3.2059743673518679e+00
-4.3484971029322468e+00
-6.1655832494472094e+00
-9.1648598220517599e+00
-1.3781424581211239e+01
-1.7169329574084909e+01
0.0000000000000000e+00
1.3464638167935297e-01
0.0000000000000000e+00
0.0000000000000000e+00
];
