%Vec Object:sol 1 MPI processes
%  type: mpi
sol = [
0.0000000000000000e+00
-4.0744401271503548e+01
-2.4117509194740361e+01
-1.2991684421301038e+01
-7.6300009690189174e+00
-4.9224235070639999e+00
-3.4114897071552481e+00
-2.4944336878749223e+00
-1.8996640767861246e+00
-1.4931481705086271e+00
-1.2037942255473868e+00
-9.9066151962634152e-01
-8.2937289659951918e-01
-7.0432290263821185e-01
-6.0549568997852965e-01
-5.2606288500628773e-01
-4.6132012980007808e-01
-4.0784886069244164e-01
-3.6313531224087053e-01
-3.2541991985445501e-01
-2.9331942779851361e-01
-2.6572622665359635e-01
-2.4187066728612855e-01
-2.2110071627464245e-01
-2.0289529351236618e-01
-1.8685628969618129e-01
-1.7266576294459543e-01
-1.6004127011278332e-01
-1.4875199639254666e-01
-1.3863164143668719e-01
-1.2952285276982428e-01
-1.2127866416582204e-01
-1.1380949336109235e-01
-1.0702167606030685e-01
-1.0082113622269619e-01
-9.5152253017877844e-02
-8.9958189011986947e-02
-8.5179317329285825e-02
-8.0775516456333019e-02
-7.6712727198029768e-02
-7.2952245025717594e-02
-6.9463297914776220e-02
-6.6225591791207850e-02
-6.3213580632885000e-02
-6.0402537923246964e-02
-5.7780692648379768e-02
-5.5331007428140469e-02
-5.3032932547023764e-02
-5.0880062382688461e-02
-4.8860549067589375e-02
-4.6958209807950707e-02
-4.5168743894459240e-02
-4.3483873155358593e-02
-4.1891716121431437e-02
-4.0388202783127908e-02
-3.8967890331078739e-02
-3.7621949584079030e-02
-3.6346526506810549e-02
-3.5138122611672346e-02
-3.3990102695835314e-02
-3.2898840189219930e-02
-3.1862173934830693e-02
-3.0875061448458238e-02
-2.9934122112478003e-02
-2.9038113158976333e-02
-2.8183157491712699e-02
-2.7366137143426662e-02
-2.6586434857385675e-02
-2.5841030693970549e-02
-2.5127081341793509e-02
-2.4444388721757488e-02
-2.3790565398051928e-02
-2.3163049304818731e-02
-2.2561914926645436e-02
-2.1985241815345235e-02
-2.1430750653069503e-02
-2.0898684135320027e-02
-2.0387465917468685e-02
-1.9895096863811048e-02
-1.9421913235196448e-02
-1.8966590839443506e-02
-1.8527404869429359e-02
-1.8104731990200702e-02
-1.7697431009425474e-02
-1.7304043266503807e-02
-1.6924948015097741e-02
-1.6559134764503033e-02
-1.6205401143768481e-02
-1.5864102391928800e-02
-1.5534319079715886e-02
-1.5215094219470574e-02
-1.4906740548619709e-02
-1.4608399520087165e-02
-1.4319347975293195e-02
-1.4039843712014497e-02
-1.3769066172506566e-02
-1.3506514283565573e-02
-1.3252382666707833e-02
-1.3005871305255665e-02
-1.2766689428059100e-02
-1.2789388221471748e-02
-1.3074812954862309e-02
-1.3369511087057983e-02
-1.3674234676872217e-02
-1.3988780964799897e-02
-1.4313961236189375e-02
-1.4650516757260175e-02
-1.4998181690937131e-02
-1.5358081343522607e-02
-1.5730924638202994e-02
-1.6116352557601184e-02
-1.6515902109044481e-02
-1.6930116382533045e-02
-1.7358957731279403e-02
-1.7804034010383388e-02
-1.8265855164065717e-02
-1.8744778513504808e-02
-1.9242432693178126e-02
-1.9759274389613550e-02
-2.0296177631981265e-02
-2.0854805352015542e-02
-2.1435559133849494e-02
-2.2039940794702378e-02
-2.2669661609287305e-02
-2.3325069995800272e-02
-2.4008432224436549e-02
-2.4721454991509038e-02
-2.5464665357447361e-02
-2.6241039797415103e-02
-2.7052151271233425e-02
-2.7899433129565589e-02
-2.8786074435897046e-02
-2.9713736154138769e-02
-3.0684983792724239e-02
-3.1703294848818009e-02
-3.2770478109253300e-02
-3.3890522195824037e-02
-3.5067254979171784e-02
-3.6302869466946684e-02
-3.7603013867800225e-02
-3.8971630817492137e-02
-4.0412771756530110e-02
-4.1932917055223728e-02
-4.3536687147608777e-02
-4.5230562864855300e-02
-4.7022185505725601e-02
-4.8917174451700511e-02
-5.0925225548702255e-02
-5.3055195366621136e-02
-5.5315499026164061e-02
-5.7718845309538476e-02
-6.0276056281837194e-02
-6.3000385499940526e-02
-6.5907860131390605e-02
-6.9012593764290642e-02
-7.2334626338180580e-02
-7.5894335660617429e-02
-7.9712546023794545e-02
-8.3817338954208981e-02
-8.8235808088695314e-02
-9.3000565722067469e-02
-9.8150075170851198e-02
-1.0372265395431844e-01
-1.0976881149498936e-01
-1.1634223488189087e-01
-1.2350314950802496e-01
-1.3132647904803346e-01
-1.3989195417606096e-01
-1.4929722295745695e-01
-1.5965605868593760e-01
-1.7109478100046685e-01
-1.8377357781007275e-01
-1.9787288495517677e-01
-2.1361029653427646e-01
-2.3125141772138211e-01
-2.5110057187596008e-01
-2.7353573576137957e-01
-2.9903565001122573e-01
-3.2817515698262550e-01
-3.6168301673691033e-01
-4.0045859155973113e-01
-4.4566404682927274e-01
-4.9878984143252997e-01
-5.6177073860302817e-01
-6.3719663358764300e-01
-7.2847199189647327e-01
-8.4028697177373057e-01
-9.7936138496806313e-01
-1.1551978481097327e+00
-1.3817412979084311e+00
-1.6798446466995010e+00
-2.0832239699207293e+00
-2.6452930879162055e+00
-3.4592099910874996e+00
-4.6907111714376795e+00
-6.6487959071789504e+00
-9.8858802106527790e+00
-1.4917250111214811e+01
-1.8710646640521500e+01
0.0000000000000000e+00
2.4055929233035767e-01
0.0000000000000000e+00
0.0000000000000000e+00
];
