%Vec Object:sol 1 MPI processes
%  type: mpi
sol = [
0.0000000000000000e+00
-4.3377032847075263e+01
-2.4944931130292403e+01
-1.3219039112885145e+01
-7.7110539484703713e+00
-4.9566918290648445e+00
-3.4277375538407111e+00
-2.5024354553763706e+00
-1.9030204129970862e+00
-1.4942757515254990e+00
-1.2034070064998592e+00
-9.8936674475507658e-01
-8.2752632646305735e-01
-7.0226178512592585e-01
-6.0322453066007697e-01
-5.2367210280477061e-01
-4.5886948120311821e-01
-4.0537820232394461e-01
-3.6067147264745814e-01
-3.2298093846133918e-01
-2.9091729843041558e-01
-2.6336891364835041e-01
-2.3956358974110026e-01
-2.1885933220836720e-01
-2.0071838489356059e-01
-1.8473636693643322e-01
-1.7059872098379428e-01
-1.5802651424467232e-01
-1.4678863810938947e-01
-1.3671841454843991e-01
-1.2765834174673008e-01
-1.1946151058767053e-01
-1.1203811243265509e-01
-1.0529445750031174e-01
-9.9136627184463214e-02
-9.3508893188734524e-02
-8.8354422364860852e-02
-8.3613733991666606e-02
-7.9246708857515100e-02
-7.5219275951196402e-02
-7.1492848119465574e-02
-6.8036727568971722e-02
-6.4830585936712454e-02
-6.1848963361519446e-02
-5.9067255086390547e-02
-5.6473634899250384e-02
-5.4051122937984981e-02
-5.1779323191258025e-02
-4.9651757474689834e-02
-4.7656619605498905e-02
-4.5777876167733551e-02
-4.4011165792205743e-02
-4.2348238210943044e-02
-4.0777331597176995e-02
-3.9294348263639922e-02
-3.7893854218011842e-02
-3.6567115771741106e-02
-3.5310275796326875e-02
-3.4119830040818054e-02
-3.2989219411686505e-02
-3.1914832160699430e-02
-3.0894490560749489e-02
-2.9923212918897744e-02
-2.8997645941278419e-02
-2.8116522605829468e-02
-2.7276014659405157e-02
-2.6473039621850058e-02
-2.5706950851968797e-02
-2.4974768035936241e-02
-2.4273688168461118e-02
-2.3603480635826079e-02
-2.2961790651848297e-02
-2.2346098591471398e-02
-2.1756444859601494e-02
-2.1190936529371446e-02
-2.0647336719240041e-02
-2.0125853767222691e-02
-1.9624935231966970e-02
-1.9142622697018941e-02
-1.8679218809026482e-02
-1.8233420902338211e-02
-1.7803541816163386e-02
-1.7389926147470255e-02
-1.6991452860850961e-02
-1.6606696804754784e-02
-1.6236007326382144e-02
-1.5878393562762962e-02
-1.5532681676149050e-02
-1.5199199652251822e-02
-1.4877047828650250e-02
-1.4565292120887875e-02
-1.4264221050234647e-02
-1.3972996529001311e-02
-1.3690912177712596e-02
-1.3418204894033205e-02
-1.3154075721161751e-02
-1.2898033866795002e-02
-1.2650256579466057e-02
-1.2409966947438025e-02
-1.2176877699857607e-02
-1.2193675220220601e-02
-1.2460865925806572e-02
-1.2736700831164110e-02
-1.3021889830398483e-02
-1.3316228382790528e-02
-1.3620482183431364e-02
-1.3935347941694378e-02
-1.4260554995634155e-02
-1.4597172390852217e-02
-1.4945879794193298e-02
-1.5306329879297878e-02
-1.5679956140421367e-02
-1.6067299546779872e-02
-1.6468281497525706e-02
-1.6884416078384815e-02
-1.7316174145563867e-02
-1.7763880974140115e-02
-1.8229071731600315e-02
-1.8712164453587182e-02
-1.9213974151752078e-02
-1.9736065009064573e-02
-2.0278800469348050e-02
-2.0843589564635969e-02
-2.1432038654509870e-02
-2.2044458351470356e-02
-2.2682979989915964e-02
-2.3349203392942042e-02
-2.4043603688658981e-02
-2.4768984671789483e-02
-2.5526810910534197e-02
-2.6318418017823371e-02
-2.7146801754576174e-02
-2.8013509721530258e-02
-2.8920954915982476e-02
-2.9872195987718932e-02
-3.0869034606554390e-02
-3.1915266004020879e-02
-3.3014477684998343e-02
-3.4168709170930164e-02
-3.5383265501999481e-02
-3.6661836179916606e-02
-3.8008212038906738e-02
-3.9428476379512550e-02
-4.0926952850323176e-02
-4.2509720352817797e-02
-4.4183950358932945e-02
-4.5954903677889902e-02
-4.7831686237115291e-02
-4.9822608975963453e-02
-5.1935564933266960e-02
-5.4182494511661627e-02
-5.6573556863912959e-02
-5.9121202737436540e-02
-6.1840495646456967e-02
-6.4744695533521426e-02
-6.7852647170993818e-02
-7.1183514231603684e-02
-7.4756883948312661e-02
-7.8599182678846774e-02
-8.2735911977303483e-02
-8.7197778645722951e-02
-9.2021009277474086e-02
-9.7241708420231401e-02
-1.0290747780768096e-01
-1.0906893594858219e-01
-1.1578288923963118e-01
-1.2312002182845415e-01
-1.3115559750956909e-01
-1.3998181492794270e-01
-1.4970614133949051e-01
-1.6044796883201015e-01
-1.7235871895892921e-01
-1.8560906608860511e-01
-2.0040491285458584e-01
-2.1699768825860810e-01
-2.3567963987188761e-01
-2.5682013812190463e-01
-2.8086319545001076e-01
-3.0833604939204151e-01
-3.3994006735787952e-01
-3.7653421288420197e-01
-4.1922322702485154e-01
-4.6942485858322358e-01
-5.2898074276015450e-01
-6.0035753636277134e-01
-6.8685069090905226e-01
-7.9296019374138460e-01
-9.2494002427878930e-01
-1.0919642598659256e+00
-1.3074787761455893e+00
-1.5915241724005180e+00
-1.9760392000736777e+00
-2.5131388717891459e+00
-3.2919890360664459e+00
-4.4719724226821764e+00
-6.3502632362007931e+00
-9.4581684166111799e+00
-1.4269417166189001e+01
-1.7860437971057845e+01
0.0000000000000000e+00
2.4055929233035767e-01
0.0000000000000000e+00
0.0000000000000000e+00
];
