%Vec Object:sol 1 MPI processes
%  type: mpi
sol = [
0.0000000000000000e+00
-4.0757202184064482e+01
-2.4121759311617048e+01
-1.2992947449771671e+01
-7.6304896122064161e+00
-4.9226676210276175e+00
-3.4116250513065851e+00
-2.4945126696265882e+00
-1.8997208233236844e+00
-1.4931826478112618e+00
-1.2038205154164092e+00
-9.9068193588333886e-01
-8.2938878631376656e-01
-7.0433206178467556e-01
-6.0550286436557632e-01
-5.2606849145582013e-01
-4.6132448237935070e-01
-4.0785219801984740e-01
-3.6313781752873220e-01
-3.2542173926049939e-01
-2.9332067750731405e-01
-2.6572699845140912e-01
-2.4187019488892844e-01
-2.2109961369473718e-01
-2.0289399993512813e-01
-1.8685483537811098e-01
-1.7266417341116583e-01
-1.6003956658291987e-01
-1.4875019664374661e-01
-1.3862976079585940e-01
-1.2952090421686754e-01
-1.2127665858615792e-01
-1.1380744028105289e-01
-1.0701958363642586e-01
-1.0081901138206599e-01
-9.5150101816739580e-02
-8.9956016681117676e-02
-8.5177128379900685e-02
-8.0773314818692696e-02
-7.6710516275660071e-02
-7.2950027784848048e-02
-6.9461076955309980e-02
-6.6223369343271887e-02
-6.3211358647130289e-02
-6.0400318147244253e-02
-5.7778476541484665e-02
-5.5328796256938234e-02
-5.3030727503914583e-02
-5.0877864411386628e-02
-4.8858358974343062e-02
-4.6956028400219070e-02
-4.5166571774878463e-02
-4.3481710822730724e-02
-4.1889564099514227e-02
-4.0386061453266293e-02
-3.8965759980577448e-02
-3.7619830535054230e-02
-3.6344418992067716e-02
-3.5136026772099579e-02
-3.3988018708968629e-02
-3.2896768187987341e-02
-3.1860113958494841e-02
-3.0873013571741652e-02
-2.9932086399940234e-02
-2.9036089579451540e-02
-2.8181146046513356e-02
-2.7364137850675027e-02
-2.6584447637435393e-02
-2.5839055496347161e-02
-2.5125118152940301e-02
-2.4442437429116289e-02
-2.3788625915387208e-02
-2.3161121596766115e-02
-2.2559998858840875e-02
-2.1983337277823454e-02
-2.1428857595272795e-02
-2.0896802409037154e-02
-2.0385595398081630e-02
-1.9893237489877303e-02
-1.9420064850374119e-02
-1.8964753311395542e-02
-1.8525578123842541e-02
-1.8102915871581440e-02
-1.7695625383003219e-02
-1.7302248056322189e-02
-1.6923163059680245e-02
-1.6557359930743500e-02
-1.6203636350293284e-02
-1.5862347478247645e-02
-1.5532573917516859e-02
-1.5213358722417422e-02
-1.4905014558662709e-02
-1.4606682916149579e-02
-1.4317640666223637e-02
-1.4038145543215115e-02
-1.3767377032024707e-02
-1.3504834075343022e-02
-1.3250711240262223e-02
-1.3004208559350253e-02
-1.2765035261474893e-02
-1.2787709095835412e-02
-1.3073073860527411e-02
-1.3367709799685391e-02
-1.3672368842565060e-02
-1.3986848219976374e-02
-1.4311959044064274e-02
-1.4648443079537592e-02
-1.4996030913692497e-02
-1.5355850389151202e-02
-1.5728596991443515e-02
-1.6113908997231554e-02
-1.6513336849295773e-02
-1.6927455128079770e-02
-1.7356199623232302e-02
-1.7801175045498822e-02
-1.8262891173776039e-02
-1.8741705182429107e-02
-1.9239245372597968e-02
-1.9755968256516685e-02
-2.0292747624931409e-02
-2.0851246046018020e-02
-2.1431864918989709e-02
-2.2036105705710136e-02
-2.2665679281491564e-02
-2.3320933866065399e-02
-2.4004135225836255e-02
-2.4716989625944780e-02
-2.5460023874103489e-02
-2.6236213789499242e-02
-2.7047131885561293e-02
-2.7894211079417402e-02
-2.8780639694956443e-02
-2.9708078193209645e-02
-3.0679091414152565e-02
-3.1697156009289122e-02
-3.2764080187362855e-02
-3.3883851595511480e-02
-3.5060297129859065e-02
-3.6295609091189694e-02
-3.7595434339804779e-02
-3.8963714435811418e-02
-4.0404499698098645e-02
-4.1924268894873461e-02
-4.3527641163202097e-02
-4.5221095655525859e-02
-4.7012271725655849e-02
-4.8906787148888228e-02
-5.0914335337755662e-02
-5.3043770528499769e-02
-5.5303505538773452e-02
-5.7706245940153375e-02
-6.0262810882942240e-02
-6.2986450452900480e-02
-6.5893187698091937e-02
-6.8997132379943760e-02
-7.2318319304989859e-02
-7.5877120955300234e-02
-7.9694356084419854e-02
-8.3798099031074227e-02
-8.8215436290543195e-02
-9.2978971689518367e-02
-9.8127158637719009e-02
-1.0369830457052945e-01
-1.0974290597770482e-01
-1.1631463605792747e-01
-1.2347370461076669e-01
-1.3129501617678016e-01
-1.3985828087611635e-01
-1.4926112186547991e-01
-1.5961728348910903e-01
-1.7105305314724742e-01
-1.8372857835510290e-01
-1.9782424938949433e-01
-2.1355760565929569e-01
-2.3119418614208451e-01
-2.5103696354365773e-01
-2.7346626998188844e-01
-2.9895954262825425e-01
-3.2809148157667761e-01
-3.6159066800413436e-01
-4.0035624513246543e-01
-4.4555009791842209e-01
-4.9866232915334557e-01
-5.6162724490123450e-01
-6.3703413566141243e-01
-7.2828331300807692e-01
-8.4007021283597072e-01
-9.7911010322807790e-01
-1.1549035000860317e+00
-1.3813864901740540e+00
-1.6794184063083508e+00
-2.0827031647688599e+00
-2.6446342253985988e+00
-3.4583570053864001e+00
-4.6895744407072799e+00
-6.6472052959145209e+00
-9.8835511083100371e+00
-1.4913628419920039e+01
-1.8705774565686941e+01
0.0000000000000000e+00
2.4055929233035767e-01
0.0000000000000000e+00
0.0000000000000000e+00
];
