%Vec Object:sol 1 MPI processes
%  type: mpi
sol = [
0.0000000000000000e+00
-4.1858886317272002e+01
-2.4483520196403362e+01
-1.3097705361144181e+01
-7.6715034915174352e+00
-4.9413645857586106e+00
-3.4225142702076607e+00
-2.5013241650753768e+00
-1.9040200379985270e+00
-1.4961936226623087e+00
-1.2061243454101549e+00
-9.9228612984639886e-01
-8.3044889923889664e-01
-7.0516223927493127e-01
-6.0615745983486891e-01
-5.2658435181106766e-01
-4.6172935525248476e-01
-4.0815580311322736e-01
-3.6333233736350262e-01
-3.2553114288286961e-01
-2.9336301115189412e-01
-2.6571592392937099e-01
-2.4181768439175128e-01
-2.2102604400252232e-01
-2.0280276819619533e-01
-1.8674868172717207e-01
-1.7254541047216257e-01
-1.5991011814247655e-01
-1.4861167552235660e-01
-1.3848355897836176e-01
-1.2936820191563184e-01
-1.2111844614347202e-01
-1.1364458624999493e-01
-1.0685283300518615e-01
-1.0064899701844904e-01
-9.4977378785676220e-02
-8.9781065689874845e-02
-8.5000364233131689e-02
-8.0595099977165408e-02
-7.6531166123414957e-02
-7.2769817466519365e-02
-6.9280248098942773e-02
-6.6042127790711377e-02
-6.3029897822548725e-02
-6.0218627288380906e-02
-5.7595984293441697e-02
-5.5145724173542320e-02
-5.2847286640568779e-02
-5.0694232274981058e-02
-4.8674689951663588e-02
-4.6772466754239787e-02
-4.4983236118955168e-02
-4.3298703379967607e-02
-4.1706982458873304e-02
-4.0203985443242891e-02
-3.8784256334484457e-02
-3.7438964399902241e-02
-3.6164243989155874e-02
-3.4956585182037585e-02
-3.3809352845941720e-02
-3.2718913755653257e-02
-3.1683096228108575e-02
-3.0696858667446727e-02
-2.9756817640147201e-02
-2.8861720326406531e-02
-2.8007690900607694e-02
-2.7191611475967142e-02
-2.6412855030791424e-02
-2.5668403049095602e-02
-2.4955414440664410e-02
-2.4273681573876382e-02
-2.3620818495711023e-02
-2.2994266856008166e-02
-2.2394091812412892e-02
-2.1818374449609608e-02
-2.1264840110358185e-02
-2.0733722441341817e-02
-2.0223446717130836e-02
-1.9732018935126803e-02
-1.9259766665450602e-02
-1.8805367485367229e-02
-1.8367101787842077e-02
-1.7945337998021879e-02
-1.7538936912843684e-02
-1.7146444803260028e-02
-1.6768233203143291e-02
-1.6403293920736972e-02
-1.6050428952079105e-02
-1.5709986425235533e-02
-1.5381049591356279e-02
-1.5062665013895232e-02
-1.4755139006734266e-02
-1.4457616159502418e-02
-1.4169375837785103e-02
-1.3890670168826679e-02
-1.3620682257234345e-02
-1.3358912347119308e-02
-1.3105550200779930e-02
-1.2859800051223244e-02
-1.2621371081485288e-02
-1.2641876141007900e-02
-1.2922030545850744e-02
-1.3211262561214354e-02
-1.3510311776896607e-02
-1.3818972273697350e-02
-1.4138041729691280e-02
-1.4468247119472590e-02
-1.4809314342941611e-02
-1.5162356160327567e-02
-1.5528082944002739e-02
-1.5906141394737887e-02
-1.6298023123209448e-02
-1.6704295761042032e-02
-1.7124884753578738e-02
-1.7561366819223524e-02
-1.8014237735014534e-02
-1.8483842223777674e-02
-1.8971780485889045e-02
-1.9478494253598704e-02
-2.0004837155671439e-02
-2.0552441083763487e-02
-2.1121691734717299e-02
-2.1714060557882213e-02
-2.2331224703081895e-02
-2.2973515510819911e-02
-2.3643156227364199e-02
-2.4341816669037359e-02
-2.5070002168026767e-02
-2.5830633175528410e-02
-2.6625244421115440e-02
-2.7455232093461197e-02
-2.8323722051237208e-02
-2.9232332146382035e-02
-3.0183570672037283e-02
-3.1180842802446158e-02
-3.2225907726338099e-02
-3.3322670696467271e-02
-3.4474876177149109e-02
-3.5684656509930003e-02
-3.6957544586659119e-02
-3.8297390883047989e-02
-3.9708150717635358e-02
-4.1196167352178396e-02
-4.2765950031349358e-02
-4.4423835809577886e-02
-4.6177299437744665e-02
-4.8031822529302701e-02
-4.9996892566494304e-02
-5.2081166139057604e-02
-5.4292860877884978e-02
-5.6644410562232926e-02
-5.9146387318149828e-02
-6.1811747159471360e-02
-6.4656164207326658e-02
-6.7693423765082347e-02
-7.0943125800698892e-02
-7.4425191434382379e-02
-7.8159969771937149e-02
-8.2174926043213053e-02
-8.6496541100262350e-02
-9.1156700748054070e-02
-9.6193018455969115e-02
-1.0164294597569397e-01
-1.0755588307248662e-01
-1.1398432444016411e-01
-1.2098715750886595e-01
-1.2863621340422471e-01
-1.3700723531432979e-01
-1.4619837424074927e-01
-1.5632071353448843e-01
-1.6749754667222655e-01
-1.7988527295451953e-01
-1.9366001601787200e-01
-2.0903417728599308e-01
-2.2626703526646369e-01
-2.4565969865360671e-01
-2.6759268485632282e-01
-2.9252306552265372e-01
-3.2101344086998440e-01
-3.5377717351128340e-01
-3.9169476094300282e-01
-4.3590421253872641e-01
-4.8786537172096073e-01
-5.4939870163101379e-01
-6.2308445062559725e-01
-7.1230016951175135e-01
-8.2170103191609722e-01
-9.5780579737104898e-01
-1.1297936008166540e+00
-1.3512868980746731e+00
-1.6432343360982224e+00
-2.0378500066157099e+00
-2.5886392785763124e+00
-3.3858031407366633e+00
-4.5927698972706370e+00
-6.5115574192196748e+00
-9.6845016373146624e+00
-1.4603409283430652e+01
-1.8288071370731764e+01
0.0000000000000000e+00
2.4055929233035767e-01
0.0000000000000000e+00
0.0000000000000000e+00
];
