%Vec Object:sol 1 MPI processes
%  type: mpi
sol = [
0.0000000000000000e+00
-4.1766935555223803e+01
-2.4453619010156757e+01
-1.3089431475980966e+01
-7.6683711015636637e+00
-4.9398203853301910e+00
-3.4216715961572710e+00
-2.5007485948854424e+00
-1.9036755712249958e+00
-1.4959364621316233e+00
-1.2059271971548156e+00
-9.9216820690567342e-01
-8.3035649024409386e-01
-7.0508923938602042e-01
-6.0609955127284332e-01
-5.2653837380675239e-01
-4.6169292788935307e-01
-4.0813894549595570e-01
-3.6332298761849002e-01
-3.2552561036097766e-01
-2.9336064091074576e-01
-2.6571619909941868e-01
-2.4182017580822796e-01
-2.2103039937217572e-01
-2.0280870112986010e-01
-1.8675595244517965e-01
-1.7255381643896123e-01
-1.5991949070222058e-01
-1.4862187314458775e-01
-1.3849445935375648e-01
-1.2937970119990555e-01
-1.2113045712378102e-01
-1.1365703227449279e-01
-1.0686564820510269e-01
-1.0066212540702384e-01
-9.4990771111763392e-02
-8.9794679189001705e-02
-8.5014161995302054e-02
-8.0609049622124687e-02
-7.6545239372899976e-02
-7.2783989612489677e-02
-6.9294497422954307e-02
-6.6056438517286362e-02
-6.3044242926455787e-02
-6.0233165102996242e-02
-5.7611446357407656e-02
-5.5161877369882317e-02
-5.2863586898583760e-02
-5.0710437861045565e-02
-4.8690798331757351e-02
-4.6788475076642938e-02
-4.4999142776443027e-02
-4.3314507281813526e-02
-4.1722682114520231e-02
-4.0219580213017664e-02
-3.8799746087749581e-02
-3.7454348595768190e-02
-3.6179522596690827e-02
-3.4971758706949380e-02
-3.3824421410080074e-02
-3.2733877705337387e-02
-3.1697956485728235e-02
-3.0711615812174312e-02
-2.9771472246670212e-02
-2.8876273583575560e-02
-2.8022143696832324e-02
-2.7205964519605014e-02
-2.6427109673677382e-02
-2.5682560381899588e-02
-2.4969475243742292e-02
-2.4287647290608744e-02
-2.3634690340328435e-02
-2.3008045643259142e-02
-2.2407779027909976e-02
-2.1831971372258781e-02
-2.1278347566918120e-02
-2.0747141925668563e-02
-2.0236779528918433e-02
-1.9745265901456602e-02
-1.9272929265343637e-02
-1.8818447005977373e-02
-1.8380099051301876e-02
-1.7958254453012971e-02
-1.7551773808902195e-02
-1.7159202957108141e-02
-1.6780914023028747e-02
-1.6415898599418551e-02
-1.6062958302786919e-02
-1.5722441809499270e-02
-1.5393432130841355e-02
-1.5074975522383127e-02
-1.4767378795490622e-02
-1.4469786268108588e-02
-1.4181477085179521e-02
-1.3902703814341912e-02
-1.3632649250131751e-02
-1.3370813516576253e-02
-1.3117386753951058e-02
-1.2871572840991814e-02
-1.2633080953007183e-02
-1.2653760623092015e-02
-1.2934337431083879e-02
-1.3224007457752191e-02
-1.3523511285448115e-02
-1.3832643238142503e-02
-1.4152202073579735e-02
-1.4482915831384433e-02
-1.4824510642137741e-02
-1.5178100707550593e-02
-1.5544397542581205e-02
-1.5923048060208840e-02
-1.6315545766107106e-02
-1.6722459404712117e-02
-1.7143714954579344e-02
-1.7580891249713043e-02
-1.8034485217662922e-02
-1.8504842606055012e-02
-1.8993565914159547e-02
-1.9501098090305733e-02
-2.0028294417837673e-02
-2.0576789300198413e-02
-2.1146969727915167e-02
-2.1740309610072114e-02
-2.2358488860210891e-02
-2.3001840211359124e-02
-2.3672590392393743e-02
-2.4372412209467814e-02
-2.5101812765401372e-02
-2.5863717046228630e-02
-2.6659662884990984e-02
-2.7491049489166555e-02
-2.8361007837235407e-02
-2.9271159283810983e-02
-3.0224016763483897e-02
-3.1222991313047312e-02
-3.2269846153803863e-02
-3.3368493297468139e-02
-3.4522683974095671e-02
-3.5734555459330318e-02
-3.7009649992532374e-02
-3.8351825532817671e-02
-3.9765045205694627e-02
-4.1255663393765539e-02
-4.2828198375373508e-02
-4.4488998875206992e-02
-4.6245553160570559e-02
-4.8103354043388107e-02
-5.0071905914795919e-02
-5.2159881605498552e-02
-5.4375514794928546e-02
-5.6731261586005534e-02
-5.9237714414891646e-02
-6.1907853466118226e-02
-6.4757381534657432e-02
-6.7800110611696190e-02
-7.1055676403726883e-02
-7.4544037143746605e-02
-7.8285580570053845e-02
-8.2307821989047403e-02
-8.6637292077461528e-02
-9.1305935701409435e-02
-9.6351435437494443e-02
-1.0181131342610542e-01
-1.0773505967533241e-01
-1.1417526586508697e-01
-1.2119092742147235e-01
-1.2885545962269446e-01
-1.3724540716153924e-01
-1.4645373036266041e-01
-1.5659499846722552e-01
-1.6779273338931344e-01
-1.8020362062674389e-01
-1.9400410674063320e-01
-2.0940698034783384e-01
-2.2667198973735792e-01
-2.4610078822458467e-01
-2.6807457560519343e-01
-2.9305123957130402e-01
-3.2159437837323634e-01
-3.5441861017361165e-01
-3.9240597140301881e-01
-4.3669644276660302e-01
-4.8875230798746966e-01
-5.5041563239353841e-01
-6.2423613661123578e-01
-7.1361370547214054e-01
-8.2321119627144568e-01
-9.5955795821685930e-01
-1.1318822520264249e+00
-1.3537636154191681e+00
-1.6462135494789787e+00
-2.0415501116224135e+00
-2.5932553652672992e+00
-3.3917889336976272e+00
-4.6007651690610816e+00
-6.5227752589116674e+00
-9.7009945615302797e+00
-1.4629166375610371e+01
-1.8322780955604792e+01
0.0000000000000000e+00
2.4055929233035767e-01
0.0000000000000000e+00
0.0000000000000000e+00
];
