%Vec Object:sol 1 MPI processes
%  type: mpi
sol = [
0.0000000000000000e+00
-7.0657363378442270e+01
-3.4486005933381385e+01
-1.6783619263940913e+01
-9.4418504111459054e+00
-5.9608977055768602e+00
-4.0792891062119194e+00
-2.9577079723745445e+00
-2.2389430318408614e+00
-1.7518864093206510e+00
-1.4075429267666741e+00
-1.1547259503641703e+00
-9.6415624216660789e-01
-8.1705891131986674e-01
-7.0110190809256712e-01
-6.0808531623122519e-01
-5.3233819523691850e-01
-4.6989038591021964e-01
-4.1775408276970838e-01
-3.7384004909346225e-01
-3.3651169091608779e-01
-3.0446305933445955e-01
-2.7678613078845871e-01
-2.5272786663803920e-01
-2.3165891360358243e-01
-2.1311218746272351e-01
-1.9671535979469698e-01
-1.8213869628588111e-01
-1.6911296496715178e-01
-1.5744023306543134e-01
-1.4693848957133909e-01
-1.3744026772240486e-01
-1.2884050625912349e-01
-1.2103009808351790e-01
-1.1390002818056862e-01
-1.0738519081788754e-01
-1.0141943341749037e-01
-9.5933781218907999e-02
-9.0881519043703562e-02
-8.6222956620574817e-02
-8.1913372641671950e-02
-7.7917144378434777e-02
-7.4210540122422258e-02
-7.0764056777196160e-02
-6.7549237310755225e-02
-6.4552215097878465e-02
-6.1753306738460030e-02
-5.9128997426458753e-02
-5.6671622421566509e-02
-5.4367493300936945e-02
-5.2198160242358564e-02
-5.0158444366677372e-02
-4.8238774105919806e-02
-4.6425623434456081e-02
-4.4714171505122677e-02
-4.3098096517268279e-02
-4.1567359800004651e-02
-4.0117457268907371e-02
-3.8744292817199745e-02
-3.7440330197277889e-02
-3.6201377048836740e-02
-3.5024866848551515e-02
-3.3905077432880563e-02
-3.2838135250994181e-02
-3.1822524018360401e-02
-3.0853847515262253e-02
-2.9928559133043174e-02
-2.9045858497099963e-02
-2.8202323884870248e-02
-2.7394741013239750e-02
-2.6622790255599185e-02
-2.5883768793627363e-02
-2.5174795543495145e-02
-2.4495864934209889e-02
-2.3844805171060482e-02
-2.3219064738923691e-02
-2.2618833756084891e-02
-2.2042332279899081e-02
-2.1487331091973743e-02
-2.0954131570493861e-02
-2.0441241739262941e-02
-1.9946744459814897e-02
-1.9470992414634115e-02
-1.9012703650626371e-02
-1.8570260883985005e-02
-1.8144025577371714e-02
-1.7732867027183026e-02
-1.7335454179541188e-02
-1.6952127491968744e-02
-1.6581863066721218e-02
-1.6223601675676880e-02
-1.5877642177246288e-02
-1.5543033753137253e-02
-1.5218974211585331e-02
-1.4905707030723504e-02
-1.4602328969632622e-02
-1.4308280145076355e-02
-1.4023739611568400e-02
-1.3747832344874367e-02
-1.3480226207511442e-02
-1.3489385808397990e-02
-1.3775289382223168e-02
-1.4070279981481124e-02
-1.4375116192204856e-02
-1.4689548745149472e-02
-1.5014395232604070e-02
-1.5350394539374285e-02
-1.5697221691431253e-02
-1.6056021619212730e-02
-1.6427508623795582e-02
-1.6811270085983640e-02
-1.7208843047651606e-02
-1.7620783349959129e-02
-1.8046968010774034e-02
-1.8489013009735149e-02
-1.8947390441702138e-02
-1.9422412142589707e-02
-1.9915706434806404e-02
-2.0427679617343923e-02
-2.0959168612528754e-02
-2.1511821022102015e-02
-2.2085974211192624e-02
-2.2683099241858028e-02
-2.3304875228321101e-02
-2.3951570875821965e-02
-2.4625425329477441e-02
-2.5328091917099827e-02
-2.6060006415356579e-02
-2.6824111963481504e-02
-2.7621900842741909e-02
-2.8454716107410367e-02
-2.9325686647169530e-02
-3.0236367426282065e-02
-3.1189228610003707e-02
-3.2187655626333182e-02
-3.3233321457516493e-02
-3.4330105446562807e-02
-3.5481701845143633e-02
-3.6690133047894535e-02
-3.7960944500517013e-02
-3.9297609264648772e-02
-4.0704006688784156e-02
-4.2186597275907817e-02
-4.3749754639820011e-02
-4.5399704568969301e-02
-4.7143807854784024e-02
-4.8987359690628639e-02
-5.0939718548793207e-02
-5.3009355798979127e-02
-5.5204260932806004e-02
-5.7536675989119726e-02
-6.0016899381436291e-02
-6.2657606568914490e-02
-6.5474173018894813e-02
-6.8479996324874115e-02
-7.1694300807841130e-02
-7.5136552456607983e-02
-7.8826567816466006e-02
-8.2791256738873775e-02
-8.7056421944269907e-02
-9.1653199828899953e-02
-9.6618352486127212e-02
-1.0198832407950066e-01
-1.0781139650590946e-01
-1.1413874815749421e-01
-1.2102774455886881e-01
-1.2854991047032735e-01
-1.3678114913609959e-01
-1.4581456440667287e-01
-1.5575860352485210e-01
-1.6673347739785771e-01
-1.7889191280161448e-01
-1.9240568384479378e-01
-2.0748199152050734e-01
-2.2437382324342181e-01
-2.4337474821069799e-01
-2.6485600013232791e-01
-2.8926329843583332e-01
-3.1712683609129444e-01
-3.4914621036988136e-01
-3.8618436828843311e-01
-4.2934785132678316e-01
-4.8005567339888361e-01
-5.4014978839244054e-01
-6.1209633821124765e-01
-6.9918747067347742e-01
-8.0590186384074292e-01
-9.3850119439937196e-01
-1.1061260387048559e+00
-1.3221782275186693e+00
-1.6065666935240241e+00
-1.9911707501491820e+00
-2.5277117478508218e+00
-3.3048786250763067e+00
-4.4810159930657889e+00
-6.3511165486134802e+00
-9.4408287851993649e+00
-1.4213392828666054e+01
-1.7751916182782519e+01
0.0000000000000000e+00
1.3464638167935297e-01
0.0000000000000000e+00
0.0000000000000000e+00
];
