%Vec Object:sol 1 MPI processes
%  type: mpi
sol = [
0.0000000000000000e+00
-4.0939571116031722e+01
-2.4182186530864804e+01
-1.3010886479750953e+01
-7.6374261381934367e+00
-4.9259891829090270e+00
-3.4135504076334775e+00
-2.4956377118540081e+00
-1.9005300605180293e+00
-1.4936755489625719e+00
-1.2041970367383346e+00
-9.9097493847646345e-01
-8.2956251731182296e-01
-7.0446492330455590e-01
-6.0560710380073424e-01
-5.2615012694685881e-01
-4.6138804572436365e-01
-4.0790113079870499e-01
-3.6317476127648518e-01
-3.2544880033027057e-01
-2.9333952979224437e-01
-2.6573607244199199e-01
-2.4185883751629478e-01
-2.2108481818977901e-01
-2.0287641486393287e-01
-1.8683490080762596e-01
-1.7264226047902187e-01
-1.6001598378579965e-01
-1.4872520242426260e-01
-1.3860357794698158e-01
-1.2949372142994256e-01
-1.2124863411191542e-01
-1.1377871263948861e-01
-1.0699027146241363e-01
-1.0078921542917352e-01
-9.5119910220684653e-02
-8.9925505605390102e-02
-8.5146363513421988e-02
-8.0742353429047536e-02
-7.6679408007371719e-02
-7.2918815911535206e-02
-6.9429799422494637e-02
-6.6192058764000319e-02
-6.3180043562835922e-02
-6.0369024116607724e-02
-5.7747224985606714e-02
-5.5297605792921402e-02
-5.2999615614385598e-02
-5.0846845025054252e-02
-4.8827444022760735e-02
-4.6925229769102544e-02
-4.5135898427269158e-02
-4.3451170216465183e-02
-4.1859164001085969e-02
-4.0355807593213833e-02
-3.8935656734587362e-02
-3.7589882739645003e-02
-3.6314630202269382e-02
-3.5106399225728474e-02
-3.3958555144510065e-02
-3.2867470687293059e-02
-3.1830983271743968e-02
-3.0844050933928634e-02
-2.9903292889752339e-02
-2.9007464912645296e-02
-2.8152690385793228e-02
-2.7335851586201530e-02
-2.6556329769746891e-02
-2.5811105429221114e-02
-2.5097335804036752e-02
-2.4414821310382164e-02
-2.3761174903910477e-02
-2.3133835282684759e-02
-2.2532875427494648e-02
-2.1956375254060870e-02
-2.1402056339254103e-02
-2.0870159895743232e-02
-2.0359109931834877e-02
-1.9866908264772040e-02
-1.9393889714708505e-02
-1.8938730449536725e-02
-1.8499706614042433e-02
-1.8077193487182400e-02
-1.7670050267783712e-02
-1.7276819087458303e-02
-1.6897878110781379e-02
-1.6532219555166226e-02
-1.6178645225587030e-02
-1.5837502863268637e-02
-1.5507843552318231e-02
-1.5188715449731315e-02
-1.4880459088585598e-02
-1.4582207668486004e-02
-1.4293242139807257e-02
-1.4013824753437267e-02
-1.3743135407409309e-02
-1.3480673092337815e-02
-1.3226631421680544e-02
-1.2980210975374449e-02
-1.2741120838427688e-02
-1.2763393916762960e-02
-1.3047849389582448e-02
-1.3341541056421236e-02
-1.3645218604859463e-02
-1.3958678539696394e-02
-1.4282729521908098e-02
-1.4618109352315365e-02
-1.4964546218642792e-02
-1.5323167550598173e-02
-1.5694695325174954e-02
-1.6078778332830251e-02
-1.6476927472581063e-02
-1.6889721660370970e-02
-1.7317091700803346e-02
-1.7760635833139200e-02
-1.8220861487159394e-02
-1.8698123751116364e-02
-1.9194046194434822e-02
-1.9709082852481009e-02
-2.0244104129883964e-02
-2.0800767433059107e-02
-2.1379471532802674e-02
-2.1981712844943900e-02
-2.2609196573945292e-02
-2.3262268117358268e-02
-2.3943186088887090e-02
-2.4653650629954317e-02
-2.5394184955813276e-02
-2.6167755571518517e-02
-2.6975928649672846e-02
-2.7820130947150194e-02
-2.8703540286249565e-02
-2.9627809982355965e-02
-3.0595495380425643e-02
-3.1610061122305091e-02
-3.2673307201078007e-02
-3.3789207421666863e-02
-3.4961574838109882e-02
-3.6192591705029357e-02
-3.7487885733447031e-02
-3.8851383201533814e-02
-4.0287118492479637e-02
-4.1801547618172709e-02
-4.3399271287046293e-02
-4.5086744803224769e-02
-4.6871579891400332e-02
-4.8759371502328133e-02
-5.0759778480673104e-02
-5.2881621906888762e-02
-5.5133281872396626e-02
-5.7527418337343053e-02
-6.0074809033695997e-02
-6.2788654727015947e-02
-6.5684919935620409e-02
-6.8777660039219618e-02
-7.2086836912045815e-02
-7.5632747361579308e-02
-7.9436131429100526e-02
-8.3524961319713181e-02
-8.7926222033916729e-02
-9.2672397056766512e-02
-9.7801799011045312e-02
-1.0335259200821166e-01
-1.0937508874211803e-01
-1.1592276498798654e-01
-1.2305560890435101e-01
-1.3084825307655207e-01
-1.3938011545420842e-01
-1.4874846513107079e-01
-1.5906663493459910e-01
-1.7046045394881934e-01
-1.8308949550720233e-01
-1.9713350200815691e-01
-2.1280923615064878e-01
-2.3037498240376300e-01
-2.5013355643491864e-01
-2.7247963784509910e-01
-2.9787853980676271e-01
-3.2690293964741507e-01
-3.6027887495268474e-01
-3.9890237375836779e-01
-4.4393133306614663e-01
-4.9685079109025487e-01
-5.5958855118491024e-01
-6.3472530142745232e-01
-7.2560252208868037e-01
-8.3699022287957114e-01
-9.7553926983789985e-01
-1.1507202804706103e+00
-1.3763438732967783e+00
-1.6733597916614389e+00
-2.0752534953111974e+00
-2.6352682061311583e+00
-3.4462302017297128e+00
-4.6734109701827080e+00
-6.6245833581147080e+00
-9.8504152046598801e+00
-1.4862084458174202e+01
-1.8636425969170620e+01
0.0000000000000000e+00
2.4055929233035767e-01
0.0000000000000000e+00
0.0000000000000000e+00
];
