%Vec Object:sol 1 MPI processes
%  type: mpi
sol = [
0.0000000000000000e+00
-8.2783072582335862e+01
-3.6235413595870959e+01
-1.6987823406377593e+01
-9.4418483367932886e+00
-5.9274289936975419e+00
-4.0441015325633263e+00
-2.9263378006129002e+00
-2.2117087418305843e+00
-1.7286161195866869e+00
-1.3871857746114720e+00
-1.1369803582521973e+00
-9.4853750962634265e-01
-8.0316401163057172e-01
-6.8851763428770418e-01
-5.9661514878194599e-01
-5.2189250379170715e-01
-4.6031321949758863e-01
-4.0892058482298665e-01
-3.6564936004588361e-01
-3.2888118279252115e-01
-2.9732435740552027e-01
-2.7007354323257804e-01
-2.4638809410122825e-01
-2.2565466226522379e-01
-2.0741120252040418e-01
-1.9128953246699454e-01
-1.7696351963683479e-01
-1.6416701153748717e-01
-1.5270786368237088e-01
-1.4240491907559907e-01
-1.3308960063187561e-01
-1.2465843513630556e-01
-1.1700385955532568e-01
-1.1001840202605800e-01
-1.0363794292112354e-01
-9.7797302350769805e-02
-9.2428537697429120e-02
-8.7485645745056420e-02
-8.2929533036776734e-02
-7.8716179951384926e-02
-7.4810531759708254e-02
-7.1189207016118361e-02
-6.7823182326555598e-02
-6.4684491000391905e-02
-6.1759450835425729e-02
-5.9028703754923376e-02
-5.6469183305241540e-02
-5.4073294826132635e-02
-5.1827578868055675e-02
-4.9713969639287668e-02
-4.7727319013899983e-02
-4.5858215113842880e-02
-4.4093430068473431e-02
-4.2428188576618391e-02
-4.0856265128061967e-02
-3.9367853852338944e-02
-3.7958511018654037e-02
-3.6624189859505968e-02
-3.5357536365424734e-02
-3.4154432705009570e-02
-3.3012325925755162e-02
-3.1925624835050626e-02
-3.0890386895515608e-02
-2.9905218285985448e-02
-2.8965888942277539e-02
-2.8068939362937858e-02
-2.7213539068343267e-02
-2.6396357011290617e-02
-2.5614269536767483e-02
-2.4866914874098676e-02
-2.4151664244485675e-02
-2.3465727645455330e-02
-2.2809049584942655e-02
-2.2179519990526066e-02
-2.1574676173550772e-02
-2.0994653859453618e-02
-2.0437725983547868e-02
-1.9901747484612216e-02
-1.9386963581237125e-02
-1.8891929181472499e-02
-1.8414804585913980e-02
-1.7955886651766992e-02
-1.7513936635331729e-02
-1.7087406186052690e-02
-1.6676603015935185e-02
-1.6280437880088056e-02
-1.5897638664645906e-02
-1.5528495501029929e-02
-1.5172025770182231e-02
-1.4827217904490982e-02
-1.4494325002003414e-02
-1.4172438665974584e-02
-1.3860792033585661e-02
-1.3559588256471281e-02
-1.3267968753625216e-02
-1.2985395747294839e-02
-1.2712014117869866e-02
-1.2446996646857991e-02
-1.2190019313536955e-02
-1.2183543697824517e-02
-1.2426635271090444e-02
-1.2677224282837277e-02
-1.2935965492878706e-02
-1.3202588726090703e-02
-1.3477798639394811e-02
-1.3762223522369645e-02
-1.4055519322137083e-02
-1.4358679736313704e-02
-1.4672301216683037e-02
-1.4995954547088847e-02
-1.5330977778223571e-02
-1.5677813317271461e-02
-1.6036287446368425e-02
-1.6407795083150951e-02
-1.6792691955579468e-02
-1.7191187150933596e-02
-1.7604670066320018e-02
-1.8033424773589136e-02
-1.8478119223668137e-02
-1.8940141253539006e-02
-1.9419698954294191e-02
-1.9918010226530024e-02
-2.0436469597813825e-02
-2.0975207347296684e-02
-2.1536102929926700e-02
-2.2120503247178507e-02
-2.2728667172681270e-02
-2.3363069386836417e-02
-2.4024886005859294e-02
-2.4715153417227246e-02
-2.5436473368198306e-02
-2.6190045079666123e-02
-2.6977863898653275e-02
-2.7802713408264516e-02
-2.8665858040004412e-02
-2.9570483282733043e-02
-3.0519593142258838e-02
-3.1514711078590121e-02
-3.2560387105191449e-02
-3.3659617116014270e-02
-3.4815457551479086e-02
-3.6033051474673387e-02
-3.7315857900825235e-02
-3.8668915420911359e-02
-4.0098208434893680e-02
-4.1607900568055196e-02
-4.3205627415853945e-02
-4.4898211350902453e-02
-4.6692017043664324e-02
-4.8597014095126394e-02
-5.0621443305088165e-02
-5.2775527097255019e-02
-5.5071727220146985e-02
-5.7520740820133441e-02
-6.0138160881921546e-02
-6.2939688874359634e-02
-6.5941229074748989e-02
-6.9164604706810504e-02
-7.2630570605092398e-02
-7.6364272720600826e-02
-8.0395460671387753e-02
-8.4753446448731520e-02
-8.9477350466917141e-02
-9.4608512625740562e-02
-1.0019324991692194e-01
-1.0628951515386122e-01
-1.1295863076381732e-01
-1.2027601205423516e-01
-1.2832953152971327e-01
-1.3721647122351027e-01
-1.4706079533823757e-01
-1.5799812990396811e-01
-1.7019678340106126e-01
-1.8386418588639450e-01
-1.9923844173120930e-01
-2.1662114752188238e-01
-2.3637451700300618e-01
-2.5894469620446797e-01
-2.8489816055366973e-01
-3.1493429045677623e-01
-3.4995829845211285e-01
-3.9113238232370512e-01
-4.3996706862770479e-01
-4.9848770217157962e-01
-5.6935970959999249e-01
-6.5630465314553854e-01
-7.6458095083982247e-01
-9.0167873810575183e-01
-1.0787014295997699e+00
-1.3121832174606447e+00
-1.6287658306878257e+00
-2.0716579541633324e+00
-2.7149109374195239e+00
-3.6908210613999697e+00
-5.2435878144207946e+00
-7.7947887471674902e+00
-1.1629371920737151e+01
-1.4294198411700547e+01
0.0000000000000000e+00
1.3464638167935297e-01
0.0000000000000000e+00
0.0000000000000000e+00
];
