%Vec Object:sol 1 MPI processes
%  type: mpi
sol = [
0.0000000000000000e+00
-4.1647070937229579e+01
-2.4414574235344258e+01
-1.3078629071820677e+01
-7.6640656766082618e+00
-4.9378172645387046e+00
-3.4205798592284165e+00
-2.5000028386134052e+00
-1.9032300753491962e+00
-1.4956038723110607e+00
-1.2056722358620227e+00
-9.9201626678635080e-01
-8.3023747650851809e-01
-7.0499527955767871e-01
-6.0602507544741091e-01
-5.2647930312219582e-01
-4.6164619019512104e-01
-4.0810173534246152e-01
-3.6331150690845732e-01
-3.2551904242567103e-01
-2.9335814150880896e-01
-2.6571710205489241e-01
-2.4182392793222382e-01
-2.2103654658211741e-01
-2.0281687433782006e-01
-1.8676584264495477e-01
-1.7256516263985977e-01
-1.5993207560450326e-01
-1.4863551442218004e-01
-1.3850899946491782e-01
-1.2939500641431492e-01
-1.2114641514479041e-01
-1.1367354443284505e-01
-1.0688262973660384e-01
-1.0067950427018611e-01
-9.5008483961796855e-02
-8.9812671047294720e-02
-8.5032385344697467e-02
-8.0627462931595381e-02
-7.6563806333752857e-02
-7.2802678519960182e-02
-6.9313280389653675e-02
-6.6075291250237547e-02
-6.3063144290945339e-02
-6.0252097518682379e-02
-5.7630359428581732e-02
-5.5180878353984150e-02
-5.2883098253604051e-02
-5.0730595976451798e-02
-4.8711515772791904e-02
-4.6809519443380861e-02
-4.5020050735393086e-02
-4.3335277146835487e-02
-4.1743312131756402e-02
-4.0240069733485935e-02
-3.8820095116631655e-02
-3.7474556581477955e-02
-3.6199589646867744e-02
-3.4991685623920153e-02
-3.3844208479210582e-02
-3.2753525497926206e-02
-3.1717466322496619e-02
-3.0730988553712688e-02
-2.9790708740447442e-02
-2.8895375478311790e-02
-2.8041112239723821e-02
-2.7224800715617524e-02
-2.6445815368668218e-02
-2.5701137073544173e-02
-2.4987924017619678e-02
-2.4305970099681239e-02
-2.3652888832614662e-02
-2.3026120938703099e-02
-2.2425733124539163e-02
-2.1849805993652251e-02
-2.1296063840171322e-02
-2.0764741851480171e-02
-2.0254264850587539e-02
-1.9762637739738232e-02
-1.9290189594838674e-02
-1.8835597547447964e-02
-1.8397140913529071e-02
-1.7975189565419589e-02
-1.7568603837963839e-02
-1.7175929000071498e-02
-1.6797537951848091e-02
-1.6432422002048808e-02
-1.6079382268183520e-02
-1.5738768144711056e-02
-1.5409662327247638e-02
-1.5091110666618906e-02
-1.4783420625646368e-02
-1.4485736165147551e-02
-1.4197336139914266e-02
-1.3918473694253660e-02
-1.3648331215391536e-02
-1.3386408669307256e-02
-1.3132896691052675e-02
-1.2886998694329004e-02
-1.2648423843791149e-02
-1.2669331777102924e-02
-1.2950461489761426e-02
-1.3240704840540189e-02
-1.3540803710659808e-02
-1.3850552740803095e-02
-1.4170752101535412e-02
-1.4502131225941371e-02
-1.4844416544654206e-02
-1.5198724145874384e-02
-1.5565767039149265e-02
-1.5945192413046243e-02
-1.6338496253336776e-02
-1.6746248759532501e-02
-1.7168376605985688e-02
-1.7606461395077742e-02
-1.8061001558306020e-02
-1.8532344182510371e-02
-1.9022094774702042e-02
-1.9530697872426752e-02
-2.0059010922467091e-02
-2.0608671613921603e-02
-2.1180068627546993e-02
-2.1774679089404246e-02
-2.2394186527675202e-02
-2.3038925494194118e-02
-2.3711127273188522e-02
-2.4412468580367396e-02
-2.5143458831484004e-02
-2.5907028944216814e-02
-2.6704720808674212e-02
-2.7537937578163155e-02
-2.8409816926975234e-02
-2.9321984787803890e-02
-3.0276960163647160e-02
-3.1278161757345734e-02
-3.2327358060088497e-02
-3.3428469921500642e-02
-3.4585257417435469e-02
-3.5799864271021671e-02
-3.7077844944655630e-02
-3.8423067179458030e-02
-3.9839504305341208e-02
-4.1333525244776528e-02
-4.2909660083083348e-02
-4.4574272800874837e-02
-4.6334869335265233e-02
-4.8196957132884119e-02
-5.0170062689851351e-02
-5.2262880065282506e-02
-5.4483663912630445e-02
-5.6844899516497904e-02
-5.9357205856640380e-02
-6.2033594708783620e-02
-6.4889806346185006e-02
-6.7939687635348148e-02
-7.1202920993461136e-02
-7.4699513155825820e-02
-7.8449902344028558e-02
-8.2481669310898093e-02
-8.6821409840120753e-02
-9.1501145977211262e-02
-9.6558650523098463e-02
-1.0203153774730161e-01
-1.0796941550262738e-01
-1.1442500219970618e-01
-1.2145743558057585e-01
-1.2914030487784825e-01
-1.3755190670968259e-01
-1.4678770495502957e-01
-1.5695373411809477e-01
-1.6817879542801706e-01
-1.8061996167043073e-01
-1.9445410133221797e-01
-2.0989450891106215e-01
-2.2720154646720572e-01
-2.4667757881303323e-01
-2.6870469720938989e-01
-2.9374185535651154e-01
-3.2235395518013393e-01
-3.5525725483989973e-01
-3.9333580077928904e-01
-4.3773214775036995e-01
-4.8991184252175002e-01
-5.5174510548170030e-01
-6.2574172134122086e-01
-7.1533079791808107e-01
-8.2518522568510333e-01
-9.6184817978890502e-01
-1.1346123335257843e+00
-1.3570006544582822e+00
-1.6501069372195694e+00
-2.0463853236432938e+00
-2.5992865830629213e+00
-3.3996087017456085e+00
-4.6112079663704781e+00
-6.5374235332212898e+00
-9.7225228273560891e+00
-1.4662773472481710e+01
-1.8368062053757768e+01
0.0000000000000000e+00
2.4055929233035767e-01
0.0000000000000000e+00
0.0000000000000000e+00
];
