%Vec Object:sol 1 MPI processes
%  type: mpi
sol = [
0.0000000000000000e+00
-4.3108753296495131e+01
-2.4872337961293770e+01
-1.3205138462606975e+01
-7.7104321580767676e+00
-4.9594122730428820e+00
-3.4315003708916993e+00
-2.5064602411268879e+00
-1.9068328787243198e+00
-1.4979773778611174e+00
-1.2068335741364891e+00
-9.9254149823640170e-01
-8.3047373312008510e-01
-7.0502392726657070e-01
-6.0583391772032880e-01
-5.2610833339037255e-01
-4.6115053414889695e-01
-4.0751958934308480e-01
-3.6268644811329842e-01
-3.2488136163768033e-01
-2.9271356901652951e-01
-2.6506989952375298e-01
-2.4117735843437044e-01
-2.2039306905617109e-01
-2.0217833104067048e-01
-1.8613362112787241e-01
-1.7194040267731042e-01
-1.5930884941989140e-01
-1.4801553814992965e-01
-1.3789376299673195e-01
-1.2878564059989051e-01
-1.2054380052383731e-01
-1.1307830840212299e-01
-1.0629522168653249e-01
-1.0010027125065502e-01
-9.4437634269880985e-02
-8.9250317801066958e-02
-8.4478600129273052e-02
-8.0082251913784069e-02
-7.6027115127841341e-02
-7.2274437270070546e-02
-6.8793399902617527e-02
-6.5563636156659444e-02
-6.2559573754623149e-02
-5.9756481544055967e-02
-5.7142527098190343e-02
-5.4700655692044908e-02
-5.2410342725052801e-02
-5.0265125274748731e-02
-4.8253144133205535e-02
-4.6358252823910311e-02
-4.4576104370259668e-02
-4.2898411747021400e-02
-4.1313326421200336e-02
-3.9816750369870813e-02
-3.8403229179654941e-02
-3.7063962323085335e-02
-3.5795082039465416e-02
-3.4593075278005384e-02
-3.3451331135907966e-02
-3.2366220331390874e-02
-3.1335564492034521e-02
-3.0354341478053336e-02
-2.9419176182959243e-02
-2.8528806522382464e-02
-2.7679372373231276e-02
-2.6867767161268579e-02
-2.6093352851886440e-02
-2.5353123718181110e-02
-2.4644251861515046e-02
-2.3966517537322665e-02
-2.3317545370914926e-02
-2.2694791163578618e-02
-2.2098307399704260e-02
-2.1526184123565276e-02
-2.0976161033738380e-02
-2.0448458977583225e-02
-1.9941511063178100e-02
-1.9453337222911708e-02
-1.8984252462345575e-02
-1.8532941477849278e-02
-1.8097697669674017e-02
-1.7678877417873676e-02
-1.7275348265992169e-02
-1.6885668148065532e-02
-1.6510197307301109e-02
-1.6147934212224789e-02
-1.5797690842580717e-02
-1.5459804973813962e-02
-1.5133366665637759e-02
-1.4817430512862819e-02
-1.4512293566695946e-02
-1.4217107570350926e-02
-1.3931157753268197e-02
-1.3654688183574005e-02
-1.3386889627967948e-02
-1.3127265854393845e-02
-1.2875999860028881e-02
-1.2632304182030450e-02
-1.2395889048563653e-02
-1.2413825498987358e-02
-1.2686680307401567e-02
-1.2968355123969388e-02
-1.3259572572457820e-02
-1.3560124910016949e-02
-1.3870791445482752e-02
-1.4192281378057734e-02
-1.4524319452166692e-02
-1.4867993626632669e-02
-1.5223995682236471e-02
-1.5591972007772771e-02
-1.5973381440145047e-02
-1.6368774372118519e-02
-1.6778070339750029e-02
-1.7202810075861923e-02
-1.7643472247246487e-02
-1.8100387076647430e-02
-1.8575116476241538e-02
-1.9068084804993744e-02
-1.9580120339968123e-02
-2.0112814041208921e-02
-2.0666533921935095e-02
-2.1242712396375294e-02
-2.1842982577183468e-02
-2.2467657648241657e-02
-2.3118904657465453e-02
-2.3798347084088300e-02
-2.4506466829228496e-02
-2.5246111119494801e-02
-2.6018768470798728e-02
-2.6825791068749359e-02
-2.7670223815100627e-02
-2.8553633708000143e-02
-2.9478458739011951e-02
-3.0448013133243756e-02
-3.1463999110985276e-02
-3.2530217620882991e-02
-3.3650310418901590e-02
-3.4826341208965016e-02
-3.6063694673438410e-02
-3.7366105458743089e-02
-3.8737325097600112e-02
-4.0183300948133396e-02
-4.1708683336942727e-02
-4.3319634070933491e-02
-4.5023419345026253e-02
-4.6825354805482666e-02
-4.8734666319279724e-02
-5.0759763772120707e-02
-5.2908624661341004e-02
-5.5193339239357493e-02
-5.7624174866926128e-02
-6.0213721574327340e-02
-6.2977216628211624e-02
-6.5928047767976256e-02
-6.9085271047896177e-02
-7.2468248112961015e-02
-7.6096750821913486e-02
-7.9997484788510778e-02
-8.4196185756815062e-02
-8.8723851667073070e-02
-9.3617054806955660e-02
-9.8912198148168221e-02
-1.0465732165643850e-01
-1.1090346783733807e-01
-1.1770789531674819e-01
-1.2514187710370214e-01
-1.3328123317549312e-01
-1.4221886207656953e-01
-1.5206301600214675e-01
-1.6293387348474261e-01
-1.7498390703605254e-01
-1.8838485457717261e-01
-2.0334386835575324e-01
-2.2011386748722392e-01
-2.3898865240401054e-01
-2.6033957135057312e-01
-2.8461280357945912e-01
-3.1235305474076808e-01
-3.4423544123243016e-01
-3.8113659029051311e-01
-4.2416534483155699e-01
-4.7474419579108174e-01
-5.3472025576539395e-01
-6.0656690051006901e-01
-6.9358721346315921e-01
-8.0031876695431969e-01
-9.3296989481312598e-01
-1.1007541010166073e+00
-1.3171305444621655e+00
-1.6021914371205432e+00
-1.9878045204118302e+00
-2.5261668460850633e+00
-3.3063605204382958e+00
-4.4876321856845598e+00
-6.3667819090966509e+00
-9.4741410022271957e+00
-1.4280346952193481e+01
-1.7858906692054390e+01
0.0000000000000000e+00
2.4055929233035767e-01
0.0000000000000000e+00
0.0000000000000000e+00
];
