%Vec Object:sol 1 MPI processes
%  type: mpi
sol = [
0.0000000000000000e+00
-7.6053881863337267e+01
-3.5328672709169467e+01
-1.6896156700436791e+01
-9.4506669841002715e+00
-5.9509572698479341e+00
-4.0666921827704074e+00
-2.9465608344848322e+00
-2.2286630220353585e+00
-1.7432676056424223e+00
-1.3996920704976532e+00
-1.1479812247773005e+00
-9.5830265057114294e-01
-8.1178365268529740e-01
-6.9627908016103390e-01
-6.0366861679473993e-01
-5.2834471850026399e-01
-4.6625011922709675e-01
-4.1441205080897736e-01
-3.7075272996137049e-01
-3.3363835373106909e-01
-3.0175786054550768e-01
-2.7423171983308675e-01
-2.5030921789781041e-01
-2.2936295908112550e-01
-2.1092753410871473e-01
-1.9463202058913495e-01
-1.8014789362066638e-01
-1.6720698252280136e-01
-1.5561560198666394e-01
-1.4519117355884922e-01
-1.3576377403575890e-01
-1.2722905613890767e-01
-1.1947856644620046e-01
-1.1240391175032496e-01
-1.0594042030873338e-01
-1.0002234704815884e-01
-9.4581127444769236e-02
-8.9570344935961013e-02
-8.4950560546315015e-02
-8.0677329550112920e-02
-7.6715256479896576e-02
-7.3040759796075772e-02
-6.9624524698697579e-02
-6.6438283060278339e-02
-6.3468250874962912e-02
-6.0694872321915727e-02
-5.8094801074244827e-02
-5.5660408480378884e-02
-5.3378095782220213e-02
-5.1229554054657379e-02
-4.9209649099336124e-02
-4.7308668147679027e-02
-4.5513010107210858e-02
-4.3818296778592926e-02
-4.2218237997079057e-02
-4.0702876694590752e-02
-3.9267728207432094e-02
-3.7908711853457892e-02
-3.6618356047523289e-02
-3.5392493222713733e-02
-3.4228560080705857e-02
-3.3120885923433561e-02
-3.2065626194523106e-02
-3.1061258790479437e-02
-3.0103428720714188e-02
-2.9188621245895961e-02
-2.8316023655510298e-02
-2.7482247563733596e-02
-2.6684112222041402e-02
-2.5921281080733639e-02
-2.5191078650647458e-02
-2.4490657879610554e-02
-2.3819993263434532e-02
-2.3176935881145656e-02
-2.2558967685475047e-02
-2.1966257093941826e-02
-2.1397043847321228e-02
-2.0849130662893938e-02
-2.0322796484883082e-02
-1.9816566883523404e-02
-1.9328554285517482e-02
-1.8859089019909077e-02
-1.8406905409596691e-02
-1.7970412619128132e-02
-1.7549950524913416e-02
-1.7144404157837863e-02
-1.6752465164221644e-02
-1.6374453720401198e-02
-1.6009361721945000e-02
-1.5656148335960820e-02
-1.5315093909501181e-02
-1.4985263988178872e-02
-1.4665870006632031e-02
-1.4357139059961386e-02
-1.4058185271651334e-02
-1.3768457216698435e-02
-1.3488119993671161e-02
-1.3216317300298730e-02
-1.2952719939401914e-02
-1.2955154828780622e-02
-1.3223205970815043e-02
-1.3499676408061724e-02
-1.3785281458020687e-02
-1.4079761747713845e-02
-1.4383887730224108e-02
-1.4698351932821666e-02
-1.5022819731157168e-02
-1.5358373090268253e-02
-1.5705676603778744e-02
-1.6064308668647057e-02
-1.6435723573888530e-02
-1.6820428742358413e-02
-1.7218277986043948e-02
-1.7630794965068142e-02
-1.8058401597449297e-02
-1.8501364880998537e-02
-1.8961212812017167e-02
-1.9438298447908117e-02
-1.9933386243809928e-02
-2.0448014086984614e-02
-2.0982462394155379e-02
-2.1538094520467056e-02
-2.2116468638286028e-02
-2.2717791730209887e-02
-2.3344150503337522e-02
-2.3997067047869688e-02
-2.4676898367413415e-02
-2.5386389029697948e-02
-2.6126894380944989e-02
-2.6899623818214150e-02
-2.7707481449501168e-02
-2.8551866912795695e-02
-2.9435045349569512e-02
-3.0360143951168674e-02
-3.1328655871461449e-02
-3.2344161988444448e-02
-3.3410059779892240e-02
-3.4528151248342097e-02
-3.5703534177941226e-02
-3.6939634675297386e-02
-3.8239956568737209e-02
-3.9610290148805356e-02
-4.1054610163468563e-02
-4.2578628540239333e-02
-4.4189111208742159e-02
-4.5890857131720530e-02
-4.7692480244406046e-02
-4.9601734286773461e-02
-5.1625897270473051e-02
-5.3776226072852443e-02
-5.6062118059272470e-02
-5.8495177464886243e-02
-6.1089509920110335e-02
-6.3857324707853172e-02
-6.6816261105619973e-02
-6.9984134514059784e-02
-7.3379038303483426e-02
-7.7025655196372458e-02
-8.0947562207521459e-02
-8.5173258502139554e-02
-8.9736420383019128e-02
-9.4670333515527658e-02
-1.0001924215919793e-01
-1.0582997091676616e-01
-1.1215498620799107e-01
-1.1905980685197716e-01
-1.2661385683102408e-01
-1.3490017029311818e-01
-1.4401707189990448e-01
-1.5407661217186122e-01
-1.6521846994995820e-01
-1.7759960649966444e-01
-1.9140941178782175e-01
-2.0687920304980531e-01
-2.2427726578025367e-01
-2.4394309395384442e-01
-2.6628423189125755e-01
-2.9180233065044497e-01
-3.2113383714336252e-01
-3.5506401694220646e-01
-3.9460839934545344e-01
-4.4106978632138061e-01
-4.9613039437709466e-01
-5.6199913500210996e-01
-6.4173802714488570e-01
-7.3951034824456552e-01
-8.6114890675418221e-01
-1.0149979920061851e+00
-1.2131266797527227e+00
-1.4743173949457566e+00
-1.8279378954142571e+00
-2.3214184062022034e+00
-3.0369341128901346e+00
-4.1210558007557667e+00
-5.8455671478062872e+00
-8.6878287112188595e+00
-1.3027682148169916e+01
-1.6153508535455323e+01
0.0000000000000000e+00
1.3464638167935297e-01
0.0000000000000000e+00
0.0000000000000000e+00
];
