%Vec Object:sol 1 MPI processes
%  type: mpi
sol = [
0.0000000000000000e+00
-4.2467681065241372e+01
-2.4678543142546427e+01
-1.3152113903583736e+01
-7.6921266982496581e+00
-4.9515476050723439e+00
-3.4280821934644901e+00
-2.5051305499104912e+00
-1.9063045540168146e+00
-1.4979006882645298e+00
-1.2072642895760577e+00
-9.9307578607124347e-01
-8.3106898490931103e-01
-7.0565326905078118e-01
-6.0654809775228413e-01
-5.2688416861049392e-01
-4.6190765163317804e-01
-4.0825608330002122e-01
-3.6340138017284718e-01
-3.2557446357348124e-01
-2.9338500337650736e-01
-2.6572005585245584e-01
-2.4180683618845886e-01
-2.2100258065899916e-01
-2.0276861288068979e-01
-1.8670544519007473e-01
-1.7249445391457277e-01
-1.5985257555812657e-01
-1.4854849891164526e-01
-1.3841557166234297e-01
-1.2929610335566868e-01
-1.2104282392230181e-01
-1.1356595901502793e-01
-1.0677071712734210e-01
-1.0056203997770327e-01
-9.4886360135184492e-02
-8.9686647722789670e-02
-8.4903109885973327e-02
-8.0495491881105760e-02
-7.6429617711837705e-02
-7.2666684017468439e-02
-6.9175836474754407e-02
-6.5936704387578204e-02
-6.2923680180967917e-02
-6.0111989455249926e-02
-5.7489806216531922e-02
-5.5040052378057834e-02
-5.2742155012815518e-02
-5.0589665021251916e-02
-4.8570706660184766e-02
-4.6669088670504531e-02
-4.4880476325285829e-02
-4.3196571407584927e-02
-4.1605490144532985e-02
-4.0103139009297066e-02
-3.8684058568755939e-02
-3.7339420543882618e-02
-3.6065355883446400e-02
-3.4858351098311514e-02
-3.3711773394025070e-02
-3.2621988003473858e-02
-3.1586819447156016e-02
-3.0601228243275443e-02
-2.9661830910306355e-02
-2.8767370603536371e-02
-2.7913973361941319e-02
-2.7098522399695825e-02
-2.6320386491410740e-02
-2.5576548751153880e-02
-2.4864170044982589e-02
-2.4183038417463523e-02
-2.3530769352770122e-02
-2.2904807045267546e-02
-2.2305212282111523e-02
-2.1730067449910299e-02
-2.1177100787483458e-02
-2.0646541596745324e-02
-2.0136816381445960e-02
-1.9645934175545228e-02
-1.9174218304025149e-02
-1.8720347564522753e-02
-1.8282605344312617e-02
-1.7861355988426982e-02
-1.7455461566285555e-02
-1.7063471139919878e-02
-1.6685752390597518e-02
-1.6321298508927627e-02
-1.5968913941123781e-02
-1.5628943242859225e-02
-1.5300471209360855e-02
-1.4982546392662452e-02
-1.4675471864271029e-02
-1.4378393967434231e-02
-1.4090593492477013e-02
-1.3812319694812192e-02
-1.3542757685162396e-02
-1.3281408480371600e-02
-1.3028459376897294e-02
-1.2783116903599966e-02
-1.2545090287016785e-02
-1.2564450412063234e-02
-1.2841845266281546e-02
-1.3128215591846397e-02
-1.3424294488945445e-02
-1.3729874425218797e-02
-1.4045746018982943e-02
-1.4372629277148571e-02
-1.4710248563866589e-02
-1.5059707216522290e-02
-1.5421708127868316e-02
-1.5795896578725880e-02
-1.6183751794044254e-02
-1.6585834112456749e-02
-1.7002065461872013e-02
-1.7434008727459011e-02
-1.7882152139341440e-02
-1.8346833691335038e-02
-1.8829638543942151e-02
-1.9331000446118945e-02
-1.9851762181100092e-02
-2.0393539199591536e-02
-2.0956708698363285e-02
-2.1542726016841724e-02
-2.2153250205398718e-02
-2.2788603447520022e-02
-2.3450986189131332e-02
-2.4142048654423213e-02
-2.4862284536165395e-02
-2.5614584596950617e-02
-2.6400463212476251e-02
-2.7221296764899081e-02
-2.8080177579287758e-02
-2.8978700524089601e-02
-2.9919343464621200e-02
-3.0905473160080899e-02
-3.1938822326400960e-02
-3.3023251923711978e-02
-3.4162462064539802e-02
-3.5358552688715641e-02
-3.6616995406382372e-02
-3.7941591676096863e-02
-3.9336245554792107e-02
-4.0807227395236741e-02
-4.2358987210442137e-02
-4.3997785468757017e-02
-4.5731008307141940e-02
-4.7564063814211764e-02
-4.9506328595120538e-02
-5.1566352634551844e-02
-5.3752248365197028e-02
-5.6076303384801719e-02
-5.8548956144783199e-02
-6.1183002920225410e-02
-6.3993933646385823e-02
-6.6995352426531374e-02
-7.0206630505777232e-02
-7.3647456576609455e-02
-7.7337451732704357e-02
-8.1302859773995248e-02
-8.5570905019050750e-02
-9.0173040824669870e-02
-9.5146374146889340e-02
-1.0052783237871002e-01
-1.0636614860204477e-01
-1.1271309246270145e-01
-1.1962673004475735e-01
-1.2717933773041859e-01
-1.3544778499135463e-01
-1.4452625177038453e-01
-1.5452446895420641e-01
-1.6556422918916100e-01
-1.7780005158383211e-01
-1.9140593769515449e-01
-2.0659174425442867e-01
-2.2361366192580065e-01
-2.4276921863288309e-01
-2.6443444490936574e-01
-2.8906104526192206e-01
-3.1720505431611723e-01
-3.4957157347718126e-01
-3.8703104729093146e-01
-4.3066698530644321e-01
-4.8194191373666245e-01
-5.4272916734251087e-01
-6.1552943226979595e-01
-7.0368131580152915e-01
-8.1178933097941386e-01
-9.4624761917475675e-01
-1.1160807139253122e+00
-1.3350200604623135e+00
-1.6236266557468568e+00
-2.0135322707635384e+00
-2.5580330065450578e+00
-3.3464283716763421e+00
-4.5401413465162017e+00
-6.4376543638931549e+00
-9.5757099635347203e+00
-1.4433284506429462e+01
-1.8058708993569809e+01
0.0000000000000000e+00
2.4055929233035767e-01
0.0000000000000000e+00
0.0000000000000000e+00
];
