%Vec Object:sol 1 MPI processes
%  type: mpi
sol = [
0.0000000000000000e+00
-4.3225229125963494e+01
-2.4906136301995012e+01
-1.3213492354912477e+01
-7.7127011304165967e+00
-4.9599487290258217e+00
-3.4313552379449179e+00
-2.5060168513009913e+00
-1.9063374518817076e+00
-1.4974053061978860e+00
-1.2062812434686689e+00
-9.9201377775205613e-01
-8.2997210815212885e-01
-7.0454820021961539e-01
-6.0535857127294990e-01
-5.2566017125003217e-01
-4.6072733186381748e-01
-4.0711929923541290e-01
-3.6230723742859577e-01
-3.2452152258646821e-01
-2.9237155662712616e-01
-2.6474436627753611e-01
-2.4086704958444430e-01
-2.2009684593443093e-01
-2.0189519053208060e-01
-1.8586263556113725e-01
-1.7167423837333434e-01
-1.5905352659068006e-01
-1.4777056743285516e-01
-1.3765845149529671e-01
-1.2855936029801424e-01
-1.2032600425347560e-01
-1.1286846872054131e-01
-1.0609285483612485e-01
-9.9904956249778590e-02
-9.4248965419997097e-02
-8.9067917218225462e-02
-8.4302133614710797e-02
-7.9911404447783246e-02
-7.5861586609373921e-02
-7.2113957817929911e-02
-6.8637721556214296e-02
-6.5412517099485201e-02
-6.2412792806003696e-02
-5.9613841131107514e-02
-5.7003829849746036e-02
-5.4565717967569094e-02
-5.2279005396638011e-02
-5.0137225396004181e-02
-4.8128528483479725e-02
-4.6236790001160946e-02
-4.4457659455526065e-02
-4.2782856533766567e-02
-4.1200549541547664e-02
-3.9706639996314380e-02
-3.8295677077429618e-02
-3.6958873307553736e-02
-3.5692362646718927e-02
-3.4492633395345272e-02
-3.3353084810772295e-02
-3.2270090831081059e-02
-3.1241472847581723e-02
-3.0262216682185285e-02
-2.9328951411003591e-02
-2.8440413618559281e-02
-2.7592749475591302e-02
-2.6782857138666787e-02
-2.6010096518413645e-02
-2.5271466921569504e-02
-2.4564145416402013e-02
-2.3887909755596255e-02
-2.3240388654366808e-02
-2.2619042877189032e-02
-2.2023922166890322e-02
-2.1453119962059640e-02
-2.0904380737616711e-02
-2.0377922517681789e-02
-1.9872181302922499e-02
-1.9385181477433996e-02
-1.8917235260147370e-02
-1.8467029891629197e-02
-1.8032862796326741e-02
-1.7615087692250151e-02
-1.7212574439473594e-02
-1.6823884491894498e-02
-1.6449375622682252e-02
-1.6088048482888525e-02
-1.5738718015529535e-02
-1.5401719764341928e-02
-1.5076145912861848e-02
-1.4761053425023577e-02
-1.4456737393500238e-02
-1.4162351685897228e-02
-1.3877183282974079e-02
-1.3601474590833891e-02
-1.3334418546804038e-02
-1.3075520039126721e-02
-1.2824960715690108e-02
-1.2581955365939429e-02
-1.2346214702159668e-02
-1.2363813707611250e-02
-1.2635300569695007e-02
-1.2915563167790800e-02
-1.3205321013722451e-02
-1.3504366797364034e-02
-1.3813476486394858e-02
-1.4133356162083922e-02
-1.4463731272342645e-02
-1.4805685175616068e-02
-1.5159906551222364e-02
-1.5526042821699452e-02
-1.5905546688068227e-02
-1.6298965967858018e-02
-1.6706220169612471e-02
-1.7128843483854184e-02
-1.7567312281293674e-02
-1.8021955119625257e-02
-1.8494327220535844e-02
-1.8984850882888697e-02
-1.9494350698065700e-02
-2.0024410781212188e-02
-2.0575397361576389e-02
-2.1148736687033952e-02
-2.1746054850471194e-02
-2.2367663566729791e-02
-2.3015720675756489e-02
-2.3691842726863796e-02
-2.4396509593423314e-02
-2.5132556469872315e-02
-2.5901465659751349e-02
-2.6704583816316026e-02
-2.7544943064012763e-02
-2.8424104149722768e-02
-2.9344495135152721e-02
-3.0309416836904191e-02
-3.1320564212925860e-02
-3.2381721389238491e-02
-3.3496440828465979e-02
-3.4666608283996994e-02
-3.5897801244852069e-02
-3.7193742913558224e-02
-3.8558256324060944e-02
-3.9997486593557757e-02
-4.1515791578134169e-02
-4.3119305783995060e-02
-4.4815267709132273e-02
-4.6608974537853509e-02
-4.8509617220395700e-02
-5.0525575185851448e-02
-5.2664798362996201e-02
-5.4939332524208073e-02
-5.7359409895946713e-02
-5.9937576708795591e-02
-6.2689016655978536e-02
-6.5627074056175086e-02
-6.8770739201919256e-02
-7.2139309526435436e-02
-7.5752494125953876e-02
-7.9636909687942625e-02
-8.3818211777091450e-02
-8.8327300736614711e-02
-9.3200633722999776e-02
-9.8474506637335549e-02
-1.0419681164890152e-01
-1.1041844137452561e-01
-1.1719649068793528e-01
-1.2460202527002610e-01
-1.3271065687934236e-01
-1.4161502685847296e-01
-1.5142309393211856e-01
-1.6225472648970321e-01
-1.7426199608892026e-01
-1.8761621155193076e-01
-2.0252401558571081e-01
-2.1923771415734547e-01
-2.3805043021865349e-01
-2.5933265725153892e-01
-2.8352959027946939e-01
-3.1117440471046032e-01
-3.4296072057171312e-01
-3.7975377081371303e-01
-4.2266022699482370e-01
-4.7309991208672214e-01
-5.3291663052205873e-01
-6.0457948311883192e-01
-6.9138615626037536e-01
-7.9784415359868643e-01
-9.3019628161486301e-01
-1.0976222849887145e+00
-1.3135637104839046e+00
-1.5980496000237818e+00
-1.9829850962603313e+00
-2.5204248610982578e+00
-3.2994029325289005e+00
-4.4790249466559278e+00
-6.3558469848858792e+00
-9.4595563643134977e+00
-1.4260411333989206e+01
-1.7835225512383090e+01
0.0000000000000000e+00
2.4055929233035767e-01
0.0000000000000000e+00
0.0000000000000000e+00
];
