%Vec Object:sol 1 MPI processes
%  type: mpi
sol = [
0.0000000000000000e+00
-4.1545810264450381e+01
-2.4381506263275757e+01
-1.3069461766317755e+01
-7.6602561049932518e+00
-4.9361199596512089e+00
-3.4196556801569713e+00
-2.4993719851973277e+00
-1.9028537162468491e+00
-1.4953231029022944e+00
-1.2054571551762137e+00
-9.9188843309834784e-01
-8.3013745358965996e-01
-7.0491640764711427e-01
-6.0596264472590611e-01
-5.2642986610179754e-01
-4.6160715119669982e-01
-4.0807112316728272e-01
-3.6330227383013619e-01
-3.2551393820256191e-01
-2.9335645434461410e-01
-2.6571827046365210e-01
-2.4182748584558442e-01
-2.2104211157642806e-01
-2.0282413567559179e-01
-1.8677454027380372e-01
-1.7257507701136227e-01
-1.5994302399123123e-01
-1.4864734356069789e-01
-1.3852157699519327e-01
-1.2940822003075098e-01
-1.2116017056589513e-01
-1.1368775887553795e-01
-1.0689723213947834e-01
-1.0069443421348917e-01
-9.5023688379750920e-02
-8.9828103913106028e-02
-8.5048006926476322e-02
-8.0643238452425561e-02
-7.6579705456097269e-02
-7.2818674761534585e-02
-6.9329350464352110e-02
-6.6091414935152346e-02
-6.3079303832256212e-02
-6.0268277042702947e-02
-5.7646545390735771e-02
-5.5197058902990231e-02
-5.2899262369792754e-02
-5.0746734666418450e-02
-4.8727618966498042e-02
-4.6825731987364970e-02
-4.5036758559545011e-02
-4.3352425835015931e-02
-4.1760801958568017e-02
-4.0257539407600962e-02
-3.8837442772239605e-02
-3.7491781872115139e-02
-3.6216692781355780e-02
-3.5008667396812861e-02
-3.3861069234828976e-02
-3.2770265818301614e-02
-3.1734087423667970e-02
-3.0747491252348207e-02
-2.9807093836818534e-02
-2.8911644451893009e-02
-2.8057266222376798e-02
-2.7240840628300546e-02
-2.6461742846056305e-02
-2.5716953449393315e-02
-2.5003630270876487e-02
-2.4321567945974485e-02
-2.3668379724459222e-02
-2.3041505875700471e-02
-2.2441013852386359e-02
-2.1864984021590868e-02
-2.1311140166945738e-02
-2.0779718218228438e-02
-2.0269142777082583e-02
-1.9777418213636058e-02
-1.9304874329435683e-02
-1.8850188038145123e-02
-1.8411638133086897e-02
-1.7989595184013139e-02
-1.7582919300456513e-02
-1.7190155265484012e-02
-1.6811676637541711e-02
-1.6446474482450402e-02
-1.6093349491963029e-02
-1.5752651670715469e-02
-1.5423463444668224e-02
-1.5104830319379791e-02
-1.4797060311125231e-02
-1.4499297076014736e-02
-1.4210819221279640e-02
-1.3931880381043914e-02
-1.3661662595339628e-02
-1.3399665695090934e-02
-1.3146080735531824e-02
-1.2900110734242080e-02
-1.2661464846284609e-02
-1.2682566278355525e-02
-1.2964165396578884e-02
-1.3254895478404655e-02
-1.3555499507511656e-02
-1.3865772391945322e-02
-1.4186515501427405e-02
-1.4518459451524508e-02
-1.4861330925841468e-02
-1.5216247613934321e-02
-1.5583923793377554e-02
-1.5964006884638195e-02
-1.6357994978846092e-02
-1.6766459509509293e-02
-1.7189327739644069e-02
-1.7628183621363730e-02
-1.8083526861198955e-02
-1.8555705680940528e-02
-1.9046328140019934e-02
-1.9555840122912060e-02
-2.0085100911059514e-02
-2.0635750981312654e-02
-2.1208180446536246e-02
-2.1803869161704927e-02
-2.2424503721312633e-02
-2.3070420217833291e-02
-2.3743853800251138e-02
-2.4446484500070101e-02
-2.5178823692515225e-02
-2.5943807327724340e-02
-2.6742980735715616e-02
-2.7577750414902472e-02
-2.8451259719495536e-02
-2.9365138463204425e-02
-3.0321910795103758e-02
-3.1325001920012821e-02
-3.2376184795953326e-02
-3.3479387768219397e-02
-3.4638378414166532e-02
-3.5855305921563094e-02
-3.7135735119904964e-02
-3.8483542043994755e-02
-3.9902708675169624e-02
-4.1399616266519432e-02
-4.2978804912797985e-02
-4.4646651530537075e-02
-4.6410677040040871e-02
-4.8276401293513072e-02
-5.0253369531440259e-02
-5.2350293811147586e-02
-5.4575446566496558e-02
-5.6941337825768538e-02
-5.9458609070846019e-02
-6.2140298860356505e-02
-6.5002179242938926e-02
-6.8058126647856404e-02
-7.1327863094290886e-02
-7.4831436447676869e-02
-7.8589327697230815e-02
-8.2629173091183505e-02
-8.6977623601268095e-02
-9.1666766696006388e-02
-9.6734451704861432e-02
-1.0221837089351898e-01
-1.0816823205002493e-01
-1.1463686099971673e-01
-1.2168351611133847e-01
-1.2938193459865541e-01
-1.3781057215763004e-01
-1.4706553160058691e-01
-1.5725805058971273e-01
-1.6850628127228523e-01
-1.8097311951775005e-01
-1.9483579132553241e-01
-2.1030801983014333e-01
-2.2765068712773004e-01
-2.4716676081493852e-01
-2.6923908739339319e-01
-2.9432752360290165e-01
-3.2299807566781880e-01
-3.5596839085892157e-01
-3.9412421803334480e-01
-4.3861029201643081e-01
-4.9089493020199726e-01
-5.5287229179027209e-01
-6.2701813648906279e-01
-7.1678641909957308e-01
-8.2685852294187445e-01
-9.6378932496343073e-01
-1.1369262595753342e+00
-1.3597439351886602e+00
-1.6534060036514562e+00
-2.0504821036614955e+00
-2.6043957266788098e+00
-3.4062318584446114e+00
-4.6200506923773252e+00
-6.5498239504525264e+00
-9.7407399055030073e+00
-1.4691199109602053e+01
-1.8406355382775306e+01
0.0000000000000000e+00
2.4055929233035767e-01
0.0000000000000000e+00
0.0000000000000000e+00
];
