%Vec Object:sol 1 MPI processes
%  type: mpi
sol = [
0.0000000000000000e+00
-4.3011227003167001e+01
-2.4844615720789150e+01
-1.3198780581250224e+01
-7.7090940663768928e+00
-4.9594485965754673e+00
-3.4320433217926141e+00
-2.5072007409285657e+00
-1.9075756599609643e+00
-1.4987340756170944e+00
-1.2075594175852993e+00
-9.9322199607960338e-01
-8.3111131354115664e-01
-7.0562169416039611e-01
-6.0641494481100355e-01
-5.2665284103891630e-01
-4.6166202156535507e-01
-4.0800113921404318e-01
-3.6314073647332251e-01
-3.2531081561150138e-01
-2.9312034055339475e-01
-2.6545583944484835e-01
-2.4154416408904963e-01
-2.2074226256380000e-01
-2.0251124192181172e-01
-1.8645145357152351e-01
-1.7224413822637932e-01
-1.5960469859512014e-01
-1.4829888223502158e-01
-1.3816546512249001e-01
-1.2904648049646625e-01
-1.2079445638760948e-01
-1.1331943119799266e-01
-1.0652740679923027e-01
-1.0032403636528342e-01
-9.4653476460110811e-02
-8.9458698861182767e-02
-8.4679928171923047e-02
-8.0276910680186900e-02
-7.6215469165283226e-02
-7.2456814159381988e-02
-6.8970100257940967e-02
-6.5734952207582104e-02
-6.2725772536421268e-02
-5.9917801630885899e-02
-5.7299205926800795e-02
-5.4852913908171874e-02
-5.2558371842021868e-02
-5.0409120525799829e-02
-4.8393288850136891e-02
-4.6494704616550905e-02
-4.4709024346154952e-02
-4.3027952769035489e-02
-4.1439621574080820e-02
-3.9939932827048538e-02
-3.8523427577011035e-02
-3.7181290016231321e-02
-3.5909650068668031e-02
-3.4704992796267708e-02
-3.3560695428340288e-02
-3.2473124740529179e-02
-3.1440102340129700e-02
-3.0456596807183847e-02
-2.9519228067967224e-02
-2.8626735301760946e-02
-2.7775251062841611e-02
-2.6961663249241541e-02
-2.6185335936584137e-02
-2.5443257551608395e-02
-2.4732594453152873e-02
-2.4053129531604239e-02
-2.3402482670336816e-02
-2.2778103976465087e-02
-2.2180048851785587e-02
-2.1606403413410497e-02
-2.1054901912407682e-02
-2.0525768215271530e-02
-2.0017432091601152e-02
-1.9527908421880749e-02
-1.9057515196007211e-02
-1.8604934184680677e-02
-1.8168454239751514e-02
-1.7748434591301432e-02
-1.7343740131461016e-02
-1.6952924826876731e-02
-1.6576351563230195e-02
-1.6213016323114209e-02
-1.5861727754256576e-02
-1.5522826013251136e-02
-1.5195398755191627e-02
-1.4878497913164741e-02
-1.4572422620532832e-02
-1.4276322231188307e-02
-1.3989480003138705e-02
-1.3712141763138229e-02
-1.3443495851975880e-02
-1.3183044766382298e-02
-1.2930972922231280e-02
-1.2686490354325947e-02
-1.2449306720923292e-02
-1.2467563322313789e-02
-1.2741844276164357e-02
-1.3024990553402723e-02
-1.3317728010030975e-02
-1.3619848291771383e-02
-1.3932134172077948e-02
-1.4255298060496961e-02
-1.4589063775608238e-02
-1.4934524068713081e-02
-1.5292373876674174e-02
-1.5662258285611158e-02
-1.6045642534172028e-02
-1.6443079567091814e-02
-1.6854488730048914e-02
-1.7281417539748222e-02
-1.7724346873204091e-02
-1.8183608477252020e-02
-1.8660771145420380e-02
-1.9156261145875188e-02
-1.9670910382252011e-02
-2.0206316791967625e-02
-2.0762849938783207e-02
-2.1341948439556120e-02
-2.1945252482258426e-02
-2.2573076393074692e-02
-2.3227596560990021e-02
-2.3910443336385600e-02
-2.4622100280853956e-02
-2.5365426811040936e-02
-2.6141917443717629e-02
-2.6952929645665240e-02
-2.7801521017466736e-02
-2.8689264581922790e-02
-2.9618607998381025e-02
-3.0592879034236950e-02
-3.1613785843258510e-02
-3.2685144646588372e-02
-3.3810611455830232e-02
-3.4992256479719139e-02
-3.6235490294380404e-02
-3.7544069344951067e-02
-3.8921844861150641e-02
-4.0375012621859864e-02
-4.1907984507144516e-02
-4.3526578606362845e-02
-4.5238219222586439e-02
-4.7048406088081689e-02
-4.8966398902172206e-02
-5.1000636454775337e-02
-5.3159121860351273e-02
-5.5453988158022056e-02
-5.7895535419716322e-02
-6.0496394918962540e-02
-6.3271854729921320e-02
-6.6235342384284010e-02
-6.9405976083455861e-02
-7.2803177263354696e-02
-7.6446775278301057e-02
-8.0363559080555189e-02
-8.4579337665740398e-02
-8.9125198786661045e-02
-9.4037820905160829e-02
-9.9353703250195782e-02
-1.0512102145886108e-01
-1.1139095342423648e-01
-1.1822090446317629e-01
-1.2568233504223045e-01
-1.3385124957286260e-01
-1.4282077574708504e-01
-1.5269942570218759e-01
-1.6360764792964771e-01
-1.7569826755437637e-01
-1.8914339310645706e-01
-2.0415061529792908e-01
-2.2097337917944318e-01
-2.3990605577979732e-01
-2.6132071499677706e-01
-2.8566435437304422e-01
-3.1348723095022990e-01
-3.4546012062473547e-01
-3.8245887140255364e-01
-4.2559719342875330e-01
-4.7629966269714441e-01
-5.3641592978145292e-01
-6.0842260677498117e-01
-6.9562676238600740e-01
-8.0258761897453990e-01
-9.3548835500737360e-01
-1.1035664385208708e+00
-1.3202926340520376e+00
-1.6058012855251662e+00
-1.9919302675007433e+00
-2.5309673917584896e+00
-3.3120118249231165e+00
-4.4943735604127211e+00
-6.3749452296207458e+00
-9.4843034208889812e+00
-1.4292921716725985e+01
-1.7872079528003567e+01
0.0000000000000000e+00
2.4055929233035767e-01
0.0000000000000000e+00
0.0000000000000000e+00
];
