%Vec Object:sol 1 MPI processes
%  type: mpi
sol = [
0.0000000000000000e+00
-4.1633417218631294e+01
-2.4410119282359428e+01
-1.3077394524136217e+01
-7.6635527003543666e+00
-4.9375887368747859e+00
-3.4204554404920446e+00
-2.4999179170012655e+00
-1.9031794229982704e+00
-1.4955660889396662e+00
-1.2056432948719078e+00
-9.9199907146929400e-01
-8.3022402319145350e-01
-7.0498467174435731e-01
-6.0601667924189573e-01
-5.2647265458691672e-01
-4.6164094009536333e-01
-4.0809761850904386e-01
-3.6331026768099750e-01
-3.2551835809871377e-01
-2.9335791639060604e-01
-2.6571726067371515e-01
-2.4182440764464913e-01
-2.2103729599124650e-01
-2.0281785168619346e-01
-1.8676701298764545e-01
-1.7256649647505534e-01
-1.5993354837996401e-01
-1.4863710554589721e-01
-1.3851069115240489e-01
-1.2939678357604059e-01
-1.2114826511430161e-01
-1.1367545608707520e-01
-1.0688459352553739e-01
-1.0068151207825818e-01
-9.5010528658562562e-02
-8.9814746447805877e-02
-8.5034486104649296e-02
-8.0629584383438702e-02
-7.6565944400167715e-02
-7.2804829641797450e-02
-6.9315441437161771e-02
-6.6077459504840508e-02
-6.3065317365874299e-02
-6.0254273279893647e-02
-5.7632536054832609e-02
-5.5183054253944416e-02
-5.2885271932177097e-02
-5.0732766300243093e-02
-4.8713683685817251e-02
-4.6811808975459251e-02
-4.5022449203045468e-02
-4.3337659477996421e-02
-4.1745678141847965e-02
-4.0242419364052130e-02
-3.8822428383397008e-02
-3.7476873435106563e-02
-3.6201890112942912e-02
-3.4993969807022789e-02
-3.3846476423689514e-02
-3.2755777280278356e-02
-3.1719702104603613e-02
-3.0733208443948945e-02
-2.9792912845127143e-02
-2.8897563995145710e-02
-2.8043285319819634e-02
-2.7226958481813959e-02
-2.6447958039829585e-02
-2.5703264828157053e-02
-2.4990036986531513e-02
-2.4308068512836081e-02
-2.3654972884636423e-02
-2.3028190763354883e-02
-2.2427788955953386e-02
-2.1851848034199744e-02
-2.1298092223608494e-02
-2.0766756811425497e-02
-2.0256266590924502e-02
-1.9764626392805081e-02
-1.9292165390591750e-02
-1.8837560686562047e-02
-1.8399091526402147e-02
-1.7977127876271939e-02
-1.7570530040728533e-02
-1.7177843223346274e-02
-1.6799440412801344e-02
-1.6434312885187083e-02
-1.6081261700751411e-02
-1.5740636336049385e-02
-1.5411519450438324e-02
-1.5092956848303260e-02
-1.4785256066934023e-02
-1.4487561026166681e-02
-1.4199150547496743e-02
-1.3920277841139658e-02
-1.3650125247622250e-02
-1.3388192714759696e-02
-1.3134670934146392e-02
-1.2888763266196330e-02
-1.2650178874280533e-02
-1.2671112866996579e-02
-1.2952305771254218e-02
-1.3242614646578136e-02
-1.3542781522629357e-02
-1.3852601076161260e-02
-1.4172873639198972e-02
-1.4504328804058312e-02
-1.4846693035518645e-02
-1.5201082637387621e-02
-1.5568210789976186e-02
-1.5947724713180473e-02
-1.6341120676234576e-02
-1.6748969044854983e-02
-1.7171196572759697e-02
-1.7609385178712019e-02
-1.8064033465971258e-02
-1.8535488674285675e-02
-1.9025356654370870e-02
-1.9534082125242561e-02
-2.0062522780804233e-02
-2.0612316685579900e-02
-2.1183852713295464e-02
-2.1778608357546005e-02
-2.2398267559489333e-02
-2.3043165078584390e-02
-2.3715532719543301e-02
-2.4417047644692762e-02
-2.5148219533854255e-02
-2.5911979982447708e-02
-2.6709871343991484e-02
-2.7543297222455253e-02
-2.8415396057138952e-02
-2.9327794303613094e-02
-3.0283011658095049e-02
-3.1284467699219130e-02
-3.2333931520047286e-02
-3.3435324979867558e-02
-3.4592409165058610e-02
-3.5807328535115722e-02
-3.7085638948865698e-02
-3.8431209264822276e-02
-3.9848013978516977e-02
-4.1342423673495318e-02
-4.2918969783737035e-02
-4.4584018032645820e-02
-4.6345076375908893e-02
-4.8207653931827292e-02
-5.0181279721823180e-02
-5.2274650230053642e-02
-5.4496022505882445e-02
-5.6857885167669757e-02
-5.9370860227392755e-02
-6.2047963069703962e-02
-6.4904938249426225e-02
-6.7955636617099066e-02
-7.1219745926279943e-02
-7.4717278453761610e-02
-7.8468678187396140e-02
-8.2501533357443771e-02
-8.6842447185676033e-02
-9.1523450535065082e-02
-9.6582326514207950e-02
-1.0205669991897962e-01
-1.0799619206565773e-01
-1.1445353584412654e-01
-1.2148788525760559e-01
-1.2917284948735469e-01
-1.3758674659074827e-01
-1.4682545810876663e-01
-1.5699472167500822e-01
-1.6822290351855163e-01
-1.8066752742933842e-01
-1.9450551006254130e-01
-2.0995020366768904e-01
-2.2726204037252004e-01
-2.4674346620873458e-01
-2.6877667419961682e-01
-2.9382073972619321e-01
-3.2244071351787307e-01
-3.5535304092016740e-01
-3.9344199778350375e-01
-4.3785043263335366e-01
-4.9004426566646242e-01
-5.5189693666443240e-01
-6.2591365786182285e-01
-7.1552687948892668e-01
-8.2541063675001858e-01
-9.6210968212762249e-01
-1.1349240573333759e+00
-1.3573702371122010e+00
-1.6505514213940462e+00
-2.0469373027432898e+00
-2.5999750168963587e+00
-3.4005012027744823e+00
-4.6123996784308749e+00
-6.5390948933529316e+00
-9.7249785828895110e+00
-1.4666606071863768e+01
-1.8373225463397752e+01
0.0000000000000000e+00
2.4055929233035767e-01
0.0000000000000000e+00
0.0000000000000000e+00
];
