%Vec Object:sol 1 MPI processes
%  type: mpi
sol = [
0.0000000000000000e+00
-4.3293343285473988e+01
-2.4923948201245800e+01
-1.3216388669276364e+01
-7.7123134982454955e+00
-4.9587902390106411e+00
-3.4299953500281672e+00
-2.5046413465054140e+00
-1.9050556334472142e+00
-1.4961859253161409e+00
-1.2051590955890625e+00
-9.9097880410213501e-01
-8.2901473742425746e-01
-7.0365723674812275e-01
-6.0451994682476662e-01
-5.2487863922626943e-01
-4.5999677622069363e-01
-4.0643448267432430e-01
-3.6166370980359491e-01
-3.2391532372023574e-01
-2.9179922834907795e-01
-2.6420296852523689e-01
-2.4035391714047549e-01
-2.1960961172335014e-01
-2.0143180268649366e-01
-1.8541949035349828e-01
-1.7125010271675864e-01
-1.5864849883695192e-01
-1.4738329969202615e-01
-1.3728768712132497e-01
-1.2820396722297858e-01
-1.1998499996445555e-01
-1.1254091267297392e-01
-1.0577788880191186e-01
-9.9601835146410120e-02
-9.3956975521635025e-02
-8.8786396806726536e-02
-8.4030498599257084e-02
-7.9649106613247617e-02
-7.5608106195766786e-02
-7.1868828254426004e-02
-6.8400515160754821e-02
-6.5182819002270076e-02
-6.2190224280229030e-02
-5.9398063916059549e-02
-5.6794508114788401e-02
-5.4362539965825941e-02
-5.2081700348428364e-02
-4.9945518065852033e-02
-4.7942160697987263e-02
-4.6055539507912309e-02
-4.4281299751367589e-02
-4.2611172957459906e-02
-4.1033354945737441e-02
-3.9543747563434560e-02
-3.8136906625877702e-02
-3.6804065843200104e-02
-3.5541362693845703e-02
-3.4345288417153591e-02
-3.3209258679890885e-02
-3.2129653063191412e-02
-3.1104293307066374e-02
-3.0128178034798683e-02
-2.9197943271635763e-02
-2.8312324179026741e-02
-2.7467477008113049e-02
-2.6660307548693276e-02
-2.5890173124289935e-02
-2.5154081075126788e-02
-2.4449216326518846e-02
-2.3775353325729349e-02
-2.3130127292405784e-02
-2.2511006725924595e-02
-2.1918037677901150e-02
-2.1349318962940830e-02
-2.0802602411749409e-02
-2.0278102217615425e-02
-1.9774258939137958e-02
-1.9289103748652735e-02
-1.8822945077309351e-02
-1.8374474146812040e-02
-1.7941994467674523e-02
-1.7525856146326204e-02
-1.7124932635027693e-02
-1.6737790677535173e-02
-1.6364784708854045e-02
-1.6004918729156738e-02
-1.5657012113572823e-02
-1.5321397409412496e-02
-1.4997170019763213e-02
-1.4683390445472304e-02
-1.4380351172009143e-02
-1.4087209245082973e-02
-1.3803254268878308e-02
-1.3528726461924148e-02
-1.3262821965849356e-02
-1.3005047374436387e-02
-1.2755582586665381e-02
-1.2513645674375969e-02
-1.2278948144020899e-02
-1.2296218714753556e-02
-1.2565988359114237e-02
-1.2844480872763292e-02
-1.3132411912636695e-02
-1.3429575224790382e-02
-1.3736742657243804e-02
-1.4054616524200947e-02
-1.4382923768304702e-02
-1.4722742012214208e-02
-1.5074756303304409e-02
-1.5438616085909941e-02
-1.5815766374191569e-02
-1.6206752194685096e-02
-1.6611493737943739e-02
-1.7031517130395003e-02
-1.7467296470315238e-02
-1.7919158927466969e-02
-1.8388651661632387e-02
-1.8876195182731370e-02
-1.9382610173763817e-02
-1.9909472717795185e-02
-2.0457147826530193e-02
-2.1027054782359889e-02
-2.1620811699371953e-02
-2.2238729736069364e-02
-2.2882956068931041e-02
-2.3555099777130065e-02
-2.4255639661846948e-02
-2.4987397076348582e-02
-2.5751848083217004e-02
-2.6550334205950408e-02
-2.7385873239460814e-02
-2.8260020158952581e-02
-2.9175193113843523e-02
-3.0134679728542238e-02
-3.1140159673549956e-02
-3.2195153599128230e-02
-3.3303485352803780e-02
-3.4467218036801112e-02
-3.5691690978375712e-02
-3.6980612971230252e-02
-3.8337793633632149e-02
-3.9769352762936409e-02
-4.1279633880501931e-02
-4.2874748528946661e-02
-4.4561907588930916e-02
-4.6346392822483817e-02
-4.8237360174671097e-02
-5.0243160581357083e-02
-5.2371720019136390e-02
-5.4635040728276504e-02
-5.7043324205750159e-02
-5.9609076799434599e-02
-6.2347432201137941e-02
-6.5271698897529679e-02
-6.8400806531080480e-02
-7.1753996322688834e-02
-7.5350925625330106e-02
-7.9218131457778646e-02
-8.3381203902838541e-02
-8.7870961415826301e-02
-9.2723763753992286e-02
-9.7975824577390444e-02
-1.0367491305527643e-01
-1.0987180446408439e-01
-1.1662346947903966e-01
-1.2400081067286231e-01
-1.3207928876449557e-01
-1.4095135391070823e-01
-1.5072475168899693e-01
-1.6151914090515559e-01
-1.7348630984003707e-01
-1.8679728644354449e-01
-2.0165838485077625e-01
-2.1832152074536981e-01
-2.3707942005123853e-01
-2.5830206881686879e-01
-2.8243411832930854e-01
-3.1000534632678839e-01
-3.4171415192509208e-01
-3.7842225944106772e-01
-4.2123539183419312e-01
-4.7157231657883736e-01
-5.3127567830348033e-01
-6.0281321277609479e-01
-6.8948119797110530e-01
-7.9578121860244433e-01
-9.2796374382760827e-01
-1.0952028859710101e+00
-1.3109399187260735e+00
-1.5952015758681724e+00
-1.9799092294450833e+00
-2.5171251314506953e+00
-3.2959271705317121e+00
-4.4755092682808009e+00
-6.3526321588585528e+00
-9.4575198185543314e+00
-1.4261686913564340e+01
-1.7842154458743682e+01
0.0000000000000000e+00
2.4055929233035767e-01
0.0000000000000000e+00
0.0000000000000000e+00
];
