%Vec Object:sol 1 MPI processes
%  type: mpi
sol = [
0.0000000000000000e+00
-7.6342272392476872e+01
-3.5371362969272646e+01
-1.6900251556447646e+01
-9.4507705628006562e+00
-5.9500262910974202e+00
-4.0658138444071854e+00
-2.9457415533887530e+00
-2.2280889029460211e+00
-1.7426946740799376e+00
-1.3992467298173870e+00
-1.1476226633808853e+00
-9.5799092589172097e-01
-8.1146641070640391e-01
-6.9600641801718333e-01
-6.0343055040717919e-01
-5.2813407369897558e-01
-4.6606160194387780e-01
-4.1424166496083398e-01
-3.7059325211092392e-01
-3.3346911301780219e-01
-3.0160211879992016e-01
-2.7408756727584754e-01
-2.5017510181659480e-01
-2.2923760317098696e-01
-2.1080987923167069e-01
-1.9452117953952514e-01
-1.8004311770295986e-01
-1.6710763544782758e-01
-1.5552113742446944e-01
-1.4510112050236837e-01
-1.3567772606795819e-01
-1.2714665645499582e-01
-1.1939950201744212e-01
-1.1232790939130707e-01
-1.0586723614817942e-01
-9.9951763766752896e-02
-9.4512953124052307e-02
-8.9504406884888768e-02
-8.4886702293988994e-02
-8.0615411322900343e-02
-7.6655152340745297e-02
-7.2982353594828089e-02
-6.9567711592379511e-02
-6.6382965942113015e-02
-6.3414377527139576e-02
-6.0642051009172228e-02
-5.8042400654225085e-02
-5.5608461226927836e-02
-5.3326629261885736e-02
-5.1178594938697475e-02
-4.9159189074825339e-02
-4.7258897534180638e-02
-4.5464304409835121e-02
-4.3770604198361339e-02
-4.2171509546672557e-02
-4.0657068695269943e-02
-3.9222798901670401e-02
-3.7864621118953258e-02
-3.6575067881551612e-02
-3.5349973575708134e-02
-3.4186775680756488e-02
-3.3079806722262406e-02
-3.2025224138392434e-02
-3.1021505980325235e-02
-3.0064299803119747e-02
-2.9150092882853397e-02
-2.8278072218752490e-02
-2.7444851457552349e-02
-2.6647251858125602e-02
-2.5884936266553339e-02
-2.5155230840025362e-02
-2.4455290489457285e-02
-2.3785088895546518e-02
-2.3142478498099694e-02
-2.2524943131683486e-02
-2.1932650266384263e-02
-2.1363840797622134e-02
-2.0816319206490432e-02
-2.0290363421103842e-02
-1.9784500024649862e-02
-1.9296843056462561e-02
-1.8827721809781619e-02
-1.8375871530589095e-02
-1.7939702814127885e-02
-1.7519554521749199e-02
-1.7114312560306481e-02
-1.6722669798339279e-02
-1.6344945449151035e-02
-1.5980132271880537e-02
-1.5627190423350392e-02
-1.5286399366155484e-02
-1.4956825526255702e-02
-1.4637681075335593e-02
-1.4329192322883587e-02
-1.4030474313661266e-02
-1.3740976089348848e-02
-1.3460862078625523e-02
-1.3189276961398285e-02
-1.2925891721118271e-02
-1.2927992493846095e-02
-1.3195143805903220e-02
-1.3470680736583735e-02
-1.3755316418975753e-02
-1.4048790973311671e-02
-1.4351872472806809e-02
-1.4665251105315044e-02
-1.4988591763370938e-02
-1.5322973233212547e-02
-1.5669057601063113e-02
-1.6026422815298588e-02
-1.6396518987633182e-02
-1.6779851100332352e-02
-1.7176271799254669e-02
-1.7587300086065676e-02
-1.8013355351293638e-02
-1.8454702335520542e-02
-1.8912863974846629e-02
-1.9388190646886971e-02
-1.9881443156516011e-02
-2.0394153860275006e-02
-2.0926600311461287e-02
-2.1480140438896771e-02
-2.2056326322061837e-02
-2.2655361844015526e-02
-2.3279326032079068e-02
-2.3929734370411328e-02
-2.4606939909143265e-02
-2.5313677214804386e-02
-2.6051294749405252e-02
-2.6820995195336504e-02
-2.7625671348161390e-02
-2.8466715046421769e-02
-2.9346381128568282e-02
-3.0267783801916276e-02
-3.1232407203236355e-02
-3.2243817223716602e-02
-3.3305396312303732e-02
-3.4418935403417152e-02
-3.5589511556209548e-02
-3.6820534176148376e-02
-3.8115489640123602e-02
-3.9480143511865372e-02
-4.0918450306276902e-02
-4.2436095904697518e-02
-4.4039816090149425e-02
-4.5734384656052549e-02
-4.7528377815488104e-02
-4.9429512936342970e-02
-5.1445031965692306e-02
-5.3586141874140431e-02
-5.5862194366395064e-02
-5.8284739410344726e-02
-6.0867818318740427e-02
-6.3623580180541039e-02
-6.6569584012098587e-02
-6.9723561638546414e-02
-7.3103519193927075e-02
-7.6734026673173306e-02
-8.0638548456482370e-02
-8.4845450278068765e-02
-8.9388252340016058e-02
-9.4300080587520610e-02
-9.9624975118073528e-02
-1.0540954432807141e-01
-1.1170563266870760e-01
-1.1857570153546518e-01
-1.2609119851727266e-01
-1.3433693301384581e-01
-1.4341158013824842e-01
-1.5342440617602382e-01
-1.6451443690952866e-01
-1.7683789461104701e-01
-1.9058328213542880e-01
-2.0598083912084131e-01
-2.2329759818912154e-01
-2.4287148242255804e-01
-2.6510815257387632e-01
-2.9050695085850214e-01
-3.1970141443345507e-01
-3.5347323075249931e-01
-3.9283333607134391e-01
-4.3907869963003171e-01
-4.9384650787062817e-01
-5.5940670101710277e-01
-6.3877386359379051e-01
-7.3609303898730150e-01
-8.5717178173944097e-01
-1.0102855877723198e+00
-1.2074714392542814e+00
-1.4674839672508950e+00
-1.8194174603057185e+00
-2.3107197923392739e+00
-3.0229677422704957e+00
-4.1022340756249225e+00
-5.8191204237004133e+00
-8.6479537365296988e+00
-1.2964777218007884e+01
-1.6068617252889410e+01
0.0000000000000000e+00
1.3464638167935297e-01
0.0000000000000000e+00
0.0000000000000000e+00
];
