%Vec Object:sol 1 MPI processes
%  type: mpi
sol = [
0.0000000000000000e+00
-4.2311507144912284e+01
-2.4629937796974296e+01
-1.3138126680620813e+01
-7.6868046569989223e+00
-4.9489114347444207e+00
-3.4266352898508869e+00
-2.5041407227169850e+00
-1.9057072647881945e+00
-1.4974540165307169e+00
-1.2069950225877004e+00
-9.9286659962294788e-01
-8.3090440475342608e-01
-7.0552263493509559e-01
-6.0644386913552717e-01
-5.2681224400959337e-01
-4.6186867724966729e-01
-4.0822725456251258e-01
-3.6338087125924462e-01
-3.2556081045829144e-01
-2.9337703991739916e-01
-2.6571686127158467e-01
-2.4180764611132732e-01
-2.2100676739229852e-01
-2.0277566579578624e-01
-1.8671493656447324e-01
-1.7250602221949521e-01
-1.5986591946573075e-01
-1.4856336533476178e-01
-1.3843174163195121e-01
-1.2931339071921907e-01
-1.2106107221413626e-01
-1.1358502883216240e-01
-1.0679141815679781e-01
-1.0058600189268255e-01
-9.4912927141601586e-02
-8.9713366470269937e-02
-8.4929908526701181e-02
-8.0522335055806124e-02
-7.6456475043359409e-02
-7.2693529242438076e-02
-6.9202646744036561e-02
-6.5963460381561298e-02
-6.2950365172274023e-02
-6.0138588513481757e-02
-5.7516307227894907e-02
-5.5066445012420265e-02
-5.2768429418893238e-02
-5.0615813857955716e-02
-4.8596723859342113e-02
-4.6694967880945383e-02
-4.4906213302873907e-02
-4.3222162879062269e-02
-4.1630932351280625e-02
-4.0128429651077262e-02
-3.8709196262227671e-02
-3.7364403356385280e-02
-3.6090182777059464e-02
-3.4883021969775711e-02
-3.3736287601313975e-02
-3.2646345325531199e-02
-3.1611020644260010e-02
-3.0625273580338883e-02
-2.9685720691867264e-02
-2.8791106166033656e-02
-2.7937555599993964e-02
-2.7121951953596259e-02
-2.6343665073745175e-02
-2.5599677685122568e-02
-2.4887150179906111e-02
-2.4205871702222461e-02
-2.3553457390586591e-02
-2.2927350813698028e-02
-2.2327613868073030e-02
-2.1752328625157944e-02
-2.1199222606415262e-02
-2.0668526215402161e-02
-2.0158665656334410e-02
-1.9667649207774938e-02
-1.9195801270409950e-02
-1.8741800342532412e-02
-1.8303929064413884e-02
-1.7882552814713727e-02
-1.7476533348734048e-02
-1.7084419030913293e-02
-1.6706578518444992e-02
-1.6342004658803273e-02
-1.5989501285144401e-02
-1.5649413858135591e-02
-1.5320826788009497e-02
-1.5002788128999214e-02
-1.4695601774221254e-02
-1.4398413628110953e-02
-1.4110504124602116e-02
-1.3832123247056023e-02
-1.3562455602846931e-02
-1.3301002016359264e-02
-1.3047950409393116e-02
-1.2802506733572897e-02
-1.2564380206666653e-02
-1.2584031684028732e-02
-1.2862126292592400e-02
-1.3149222304207467e-02
-1.3446054465318134e-02
-1.3752415657649009e-02
-1.4069098290503996e-02
-1.4396824139203703e-02
-1.4735317963184179e-02
-1.5085685489758282e-02
-1.5448631510953487e-02
-1.5823801674477830e-02
-1.6212678346338303e-02
-1.6615823718760817e-02
-1.7033160618270676e-02
-1.7466255439373312e-02
-1.7915598331680629e-02
-1.8381529001787848e-02
-1.8865636427262418e-02
-1.9368356388796241e-02
-1.9890534426352240e-02
-2.0433790165020664e-02
-2.0998502966190484e-02
-2.1586132261489185e-02
-2.2198341698621494e-02
-2.2835455794419823e-02
-2.3499680784738582e-02
-2.4192671872561300e-02
-2.4914925715676398e-02
-2.5669340615705381e-02
-2.6457436124001258e-02
-2.7280593660435410e-02
-2.8141914069108612e-02
-2.9042998064271880e-02
-2.9986331246350067e-02
-3.0975290135665464e-02
-3.2011614184892664e-02
-3.3099175609638057e-02
-3.4241685795359134e-02
-3.5441252931428815e-02
-3.6703364222394709e-02
-3.8031833539378022e-02
-3.9430578008739205e-02
-4.0905886522944405e-02
-4.2462224126558937e-02
-4.4105870797953209e-02
-4.5844235188148501e-02
-4.7682744105407675e-02
-4.9630802343405618e-02
-5.1696987040527421e-02
-5.3889437294893858e-02
-5.6220477699948514e-02
-5.8700580994617516e-02
-6.1342584931056481e-02
-6.4162023347649783e-02
-6.7172550921492796e-02
-7.0393592761702845e-02
-7.3844888344968912e-02
-7.7546597912894519e-02
-8.1525943741409992e-02
-8.5809170588151282e-02
-9.0426684394533038e-02
-9.5415599574389151e-02
-1.0081394276986484e-01
-1.0667060000564259e-01
-1.1303750528474447e-01
-1.1997290925521129e-01
-1.2754931473275788e-01
-1.3584383458101013e-01
-1.4495094368553141e-01
-1.5498071581277678e-01
-1.6605532565199824e-01
-1.7832977090395605e-01
-1.9197859339361795e-01
-2.0721229776902592e-01
-2.2428786097314618e-01
-2.4350372291185018e-01
-2.6523705694525451e-01
-2.8994093488495620e-01
-3.1817306426441472e-01
-3.5064065176420189e-01
-3.8821664764400249e-01
-4.3201260126521784e-01
-4.8344824458433627e-01
-5.4442495475253738e-01
-6.1745062623928415e-01
-7.0587336693899438e-01
-8.1431061289977980e-01
-9.4922395108790181e-01
-1.1195693808246925e+00
-1.3391595187080316e+00
-1.6286415964526195e+00
-2.0197225308262134e+00
-2.5658734035172612e+00
-3.3564566152364796e+00
-4.5535501796240752e+00
-6.4564943712219334e+00
-9.6034656847248350e+00
-1.4476722667870511e+01
-1.8117286713132319e+01
0.0000000000000000e+00
2.4055929233035767e-01
0.0000000000000000e+00
0.0000000000000000e+00
];
