%Vec Object:sol 1 MPI processes
%  type: mpi
sol = [
0.0000000000000000e+00
-7.9593913553126342e+01
-3.5812495477150883e+01
-1.6951146948662348e+01
-9.4492734894758410e+00
-5.9416381115574088e+00
-4.0569736120860105e+00
-2.9377918017521609e+00
-2.2213321155630239e+00
-1.7370410296925063e+00
-1.3943769687305700e+00
-1.1433574377284128e+00
-9.5423907513216488e-01
-8.0821718420011746e-01
-6.9308970504823475e-01
-6.0079248046182376e-01
-5.2573173711916921e-01
-4.6386038567910903e-01
-4.1221336453119689e-01
-3.6871903966933983e-01
-3.3175424027876343e-01
-3.0000071937861406e-01
-2.7258574571704436e-01
-2.4876178750296821e-01
-2.2790336090278795e-01
-2.0954663117471123e-01
-1.9332196269131191e-01
-1.7890189504525358e-01
-1.6601914937401924e-01
-1.5448077160185708e-01
-1.4410481042669404e-01
-1.3472189850468458e-01
-1.2622811586645274e-01
-1.1851539730583938e-01
-1.1147571704520096e-01
-1.0504466829266133e-01
-9.9156753229342587e-02
-9.3743653917021899e-02
-8.8759137437108351e-02
-8.4163920711560952e-02
-7.9913727600367843e-02
-7.5973302498953801e-02
-7.2319159462076218e-02
-6.8922099895271025e-02
-6.5753971510404824e-02
-6.2801044988232940e-02
-6.0043844235674083e-02
-5.7459125630802181e-02
-5.5039286930184297e-02
-5.2770785397211722e-02
-5.0635396309598138e-02
-4.8628002764441729e-02
-4.6738987609058771e-02
-4.4954789839300090e-02
-4.3270960739865735e-02
-4.1681290261751214e-02
-4.0175874920800887e-02
-3.8750246734774542e-02
-3.7400338923590168e-02
-3.6118722082101637e-02
-3.4901247081184285e-02
-3.3745356147182444e-02
-3.2645411984663537e-02
-3.1597589964841938e-02
-3.0600367317929526e-02
-2.9649415700074989e-02
-2.8741241295784356e-02
-2.7875026256821912e-02
-2.7047403664492549e-02
-2.6255214176394755e-02
-2.5498112925605193e-02
-2.4773441954671994e-02
-2.4078375547603871e-02
-2.3412877749996407e-02
-2.2774814249860807e-02
-2.2161687739330752e-02
-2.1573654864377536e-02
-2.1008967867422578e-02
-2.0465449104859319e-02
-1.9943365101050419e-02
-1.9441252494289962e-02
-1.8957241805345738e-02
-1.8491650819389357e-02
-1.8043224044017890e-02
-1.7610386786575120e-02
-1.7193466696658666e-02
-1.6791358567008606e-02
-1.6402767887325403e-02
-1.6028003268668257e-02
-1.5666066323400070e-02
-1.5315927450068503e-02
-1.4977856388999851e-02
-1.4650928679391722e-02
-1.4334364113021369e-02
-1.4028380364818151e-02
-1.3732102097386831e-02
-1.3444983138652769e-02
-1.3167180546212878e-02
-1.2897849326715709e-02
-1.2636662228251900e-02
-1.2635073059228667e-02
-1.2892430009125912e-02
-1.3157803142824444e-02
-1.3431881666787998e-02
-1.3714399765715946e-02
-1.4006099426282071e-02
-1.4307645135228404e-02
-1.4618696022338248e-02
-1.4940296070367145e-02
-1.5273079730487782e-02
-1.5616619462514705e-02
-1.5972319666304149e-02
-1.6340658264655892e-02
-1.6721474554840098e-02
-1.7116236448136778e-02
-1.7525335172208455e-02
-1.7949010176598938e-02
-1.8388728742887030e-02
-1.8844811242013565e-02
-1.9317977913651738e-02
-1.9809700102574053e-02
-2.0320223129300527e-02
-2.0850844849153213e-02
-2.1403049916311354e-02
-2.1977007128304953e-02
-2.2574710642621031e-02
-2.3197602556145922e-02
-2.3845991195821634e-02
-2.4522500579082718e-02
-2.5228402274502348e-02
-2.5964823749778633e-02
-2.6734532376611782e-02
-2.7538832540930796e-02
-2.8379864159695869e-02
-2.9260597031119419e-02
-3.0182413798831881e-02
-3.1148713496489819e-02
-3.2162710852724381e-02
-3.3226071916165070e-02
-3.4343643041973099e-02
-3.5518646327467575e-02
-3.6754372145354756e-02
-3.8056309929023618e-02
-3.9428186504109092e-02
-4.0875395762051910e-02
-4.2404335732640346e-02
-4.4019496040495827e-02
-4.5729030169727611e-02
-4.7540246310055628e-02
-4.9459979301593543e-02
-5.1498875595526565e-02
-5.3665771215833949e-02
-5.5971604002879920e-02
-5.8429690367939192e-02
-6.1051497294848482e-02
-6.3853677969302525e-02
-6.6853018371757389e-02
-7.0066534603622221e-02
-7.3517521019246745e-02
-7.7228161961098440e-02
-8.1225307429185642e-02
-8.5540704031734305e-02
-9.0205655508503998e-02
-9.5261878022351393e-02
-1.0075346364631893e-01
-1.0672979997153498e-01
-1.1325263378998557e-01
-1.2038731100587716e-01
-1.2821349371045712e-01
-1.3682140424906677e-01
-1.4631746173003682e-01
-1.5683336389197997e-01
-1.6851692305185209e-01
-1.8154652896274709e-01
-1.9614011567996942e-01
-2.1255035201523470e-01
-2.3109713023427739e-01
-2.5216441089594877e-01
-2.7622484940386716e-01
-3.0387826022525055e-01
-3.3586467232979539e-01
-3.7314137000954600e-01
-4.1693657379044985e-01
-4.6884553855473521e-01
-5.3095050301086399e-01
-6.0612484885478624e-01
-6.9830734898376001e-01
-8.1300422649850501e-01
-9.5809444511761377e-01
-1.1450742604415973e+00
-1.3915446673560516e+00
-1.7254319206847353e+00
-2.1915147342236230e+00
-2.8677476374209729e+00
-3.8925776960811871e+00
-5.5219200161793571e+00
-8.2018495927538844e+00
-1.2257289283323159e+01
-1.5113673600839066e+01
0.0000000000000000e+00
1.3464638167935297e-01
0.0000000000000000e+00
0.0000000000000000e+00
];
