%Vec Object:sol 1 MPI processes
%  type: mpi
sol = [
0.0000000000000000e+00
-4.3320441274117933e+01
-2.4927224931988654e+01
-1.3213612452117580e+01
-7.7087561703773524e+00
-4.9554001470353795e+00
-3.4269134108228854e+00
-2.5018669100608260e+00
-1.9025643850733469e+00
-1.4939321136978414e+00
-1.2031141713274973e+00
-9.8911325521057059e-01
-8.2730410663744447e-01
-7.0208067107105909e-01
-6.0306210306739338e-01
-5.2352547916876990e-01
-4.5873635395578649e-01
-4.0525672088546860e-01
-3.6056014649772100e-01
-3.2287851000114692e-01
-2.9082271746216026e-01
-2.6328131735281923e-01
-2.3948222595972904e-01
-2.1878355456307122e-01
-2.0064764997755080e-01
-1.8467434468916477e-01
-1.7054052133808145e-01
-1.5797180701112187e-01
-1.4673713537166883e-01
-1.3666985285459618e-01
-1.2761248727285912e-01
-1.1941816215789680e-01
-1.1199708102270535e-01
-1.0525557290372357e-01
-9.9099742372095623e-02
-9.3473869688532080e-02
-8.8321133425237688e-02
-8.3582068207766674e-02
-7.9216562944380051e-02
-7.5190553363831944e-02
-7.1465462578029229e-02
-6.8010600486649281e-02
-6.4805642350759363e-02
-6.1825135206244636e-02
-5.9044481521599669e-02
-5.6451856748179735e-02
-5.4030285653635116e-02
-5.1759378945175745e-02
-4.9632658873259336e-02
-4.7638322544909767e-02
-4.5760342124169677e-02
-4.3994356526833714e-02
-4.2332117811982879e-02
-4.0761868310377758e-02
-3.9279511053574835e-02
-3.7879613526031551e-02
-3.6553445164788860e-02
-3.5297149811967757e-02
-3.4107224113705523e-02
-3.2977111348937327e-02
-3.1903200862972277e-02
-3.0883315434991718e-02
-2.9912475190861092e-02
-2.8987327965390101e-02
-2.8106606983253200e-02
-2.7266485401651695e-02
-2.6463881844593674e-02
-2.5698149750631449e-02
-2.4966309913499563e-02
-2.4265560368580172e-02
-2.3595670479012683e-02
-2.2954286342551079e-02
-2.2338889286319986e-02
-2.1749519634722721e-02
-2.1184285178608292e-02
-2.0640949886667780e-02
-2.0119721990165620e-02
-1.9619049642256810e-02
-1.9136975168934440e-02
-1.8673801105094662e-02
-1.8228225287979589e-02
-1.7798561190811156e-02
-1.7385153308334515e-02
-1.6986881039037546e-02
-1.6602319761102276e-02
-1.6231818737328381e-02
-1.5874387486567464e-02
-1.5528852602696191e-02
-1.5195542008549100e-02
-1.4873556383636766e-02
-1.4561961984694805e-02
-1.4261047293687504e-02
-1.3969974532907239e-02
-1.3688037580607916e-02
-1.3415473318184771e-02
-1.3151483071804191e-02
-1.2895576233338103e-02
-1.2647930055432442e-02
-1.2407767885535478e-02
-1.2174802572329488e-02
-1.2191680771775926e-02
-1.2458913980588345e-02
-1.2734794700315777e-02
-1.3020032943603625e-02
-1.3314424509193878e-02
-1.3618735228648907e-02
-1.3933661993815091e-02
-1.4258934539799709e-02
-1.4595622059954618e-02
-1.4944404501754995e-02
-1.5304935009798635e-02
-1.5678647293086313e-02
-1.6066082743448621e-02
-1.6467163329472966e-02
-1.6883403781437732e-02
-1.7315274896502409e-02
-1.7763104149516658e-02
-1.8228424044276013e-02
-1.8711661270598607e-02
-1.9213617617865192e-02
-1.9735877158645779e-02
-2.0278785010004501e-02
-2.0843764717577540e-02
-2.1432415476106116e-02
-2.2045049466945462e-02
-2.2683796071540061e-02
-2.3350250073829151e-02
-2.4044884574359455e-02
-2.4770493892634377e-02
-2.5528541928170733e-02
-2.6320830391686676e-02
-2.7149188028946749e-02
-2.8016336780425696e-02
-2.8924020368114575e-02
-2.9876067496322146e-02
-3.0873595071903490e-02
-3.1920603659403607e-02
-3.3020387401142659e-02
-3.4175186342037138e-02
-3.5390353329535301e-02
-3.6669582120710725e-02
-3.8016667522864062e-02
-3.9437697091971397e-02
-4.0936998670960296e-02
-4.2520655948759270e-02
-4.4195845857957820e-02
-4.5967834876364605e-02
-4.7845735934397324e-02
-4.9837867557146420e-02
-5.1952130966744149e-02
-5.4200476481487410e-02
-5.6593073638299581e-02
-5.9142385050302018e-02
-6.1863487886491778e-02
-6.4769656399719572e-02
-6.7879752600971011e-02
-7.1212959050087066e-02
-7.4788883636557835e-02
-7.8633977590979065e-02
-8.2773769248460111e-02
-8.7238996504271610e-02
-9.2065922069435882e-02
-9.7290689793991039e-02
-1.0296094915049647e-01
-1.0912737212249371e-01
-1.1584682625206477e-01
-1.2319006906438754e-01
-1.3123244677764503e-01
-1.4006625665503053e-01
-1.4979908188049368e-01
-1.6055044772568242e-01
-1.7247193946879760e-01
-1.8573442187699135e-01
-2.0054402699471868e-01
-2.1715246329725940e-01
-2.3585231040199928e-01
-2.5701335319585161e-01
-2.8108010901804470e-01
-3.0858760814378211e-01
-3.4022429873852261e-01
-3.7685674978049127e-01
-4.1959098585134730e-01
-4.6984640676066047e-01
-5.2946679582253775e-01
-6.0092167602358793e-01
-6.8751033044655863e-01
-7.9375518728996253e-01
-9.2588525122626664e-01
-1.0931005195794574e+00
-1.3088622900237452e+00
-1.5932653172129407e+00
-1.9782266638538133e+00
-2.5159921299691499e+00
-3.2957999459796872e+00
-4.4772172247276565e+00
-6.3577719814415765e+00
-9.4697022019901809e+00
-1.4287917568681335e+01
-1.7886065668130986e+01
0.0000000000000000e+00
2.4055929233035767e-01
0.0000000000000000e+00
0.0000000000000000e+00
];
