%Vec Object:sol 1 MPI processes
%  type: mpi
sol = [
0.0000000000000000e+00
-7.4267516579563917e+01
-3.5059935646664705e+01
-1.6862497636976524e+01
-9.4506688897368285e+00
-5.9551648700170938e+00
-4.0715117641033878e+00
-2.9504046720572572e+00
-2.2325145201202803e+00
-1.7461994977896729e+00
-1.4025283765897412e+00
-1.1503630693304343e+00
-9.6027340011801099e-01
-8.1357614555933677e-01
-6.9795409636725547e-01
-6.0523092412756807e-01
-5.2973082850532294e-01
-4.6748984411699490e-01
-4.1553179968078324e-01
-3.7177272362694885e-01
-3.3458003198907443e-01
-3.0265091376397424e-01
-2.7507996277406327e-01
-2.5111620343844210e-01
-2.3013195753682697e-01
-2.1166152795977422e-01
-1.9533372391963974e-01
-1.8081976585807971e-01
-1.6785124581345895e-01
-1.5623126047840069e-01
-1.4577782014209359e-01
-1.3632408506745283e-01
-1.2776538342292673e-01
-1.1999297302109739e-01
-1.1289819630253163e-01
-1.0641618962961236e-01
-1.0048103301394064e-01
-9.5023993570318877e-02
-8.9998528353980242e-02
-8.5365091823132191e-02
-8.1079128726206817e-02
-7.7105152296298107e-02
-7.3419516852952726e-02
-6.9992833732799714e-02
-6.6796762886309577e-02
-6.3817483540017386e-02
-6.1035390324412554e-02
-5.8427075818886287e-02
-5.5984892934695225e-02
-5.3695208293150103e-02
-5.1539664835342870e-02
-4.9513091088241659e-02
-4.7605953907324285e-02
-4.5804799883408333e-02
-4.4104818835323530e-02
-4.2499711983645931e-02
-4.0979497755695322e-02
-3.9539686372221425e-02
-3.8176193176957314e-02
-3.6881526975419576e-02
-3.5651513055297221e-02
-3.4483587700369314e-02
-3.3372064481998712e-02
-3.2313090138944428e-02
-3.1305144822468788e-02
-3.0343860856613229e-02
-2.9425713729438096e-02
-2.8549894925478280e-02
-2.7713005744235190e-02
-2.6911855023511205e-02
-2.6146111783855303e-02
-2.5413092038615276e-02
-2.4709938083600301e-02
-2.4036630887658905e-02
-2.3391014385599099e-02
-2.2770559998954908e-02
-2.2175443145528214e-02
-2.1603897392751634e-02
-2.1053715371937062e-02
-2.0525183237540157e-02
-2.0016821035343333e-02
-1.9526731829814840e-02
-1.9055253119448261e-02
-1.8601114084753442e-02
-1.8162715498487948e-02
-1.7740404151985256e-02
-1.7333060089645184e-02
-1.6939367744417653e-02
-1.6559653785000801e-02
-1.6192905089220593e-02
-1.5838074972174276e-02
-1.5495449704412830e-02
-1.5164089622018487e-02
-1.4843201821049718e-02
-1.4533018638380472e-02
-1.4232648660994397e-02
-1.3941537769782417e-02
-1.3659855528338663e-02
-1.3386739658057284e-02
-1.3121860026655930e-02
-1.3126454638575688e-02
-1.3400234468953873e-02
-1.3682648898358836e-02
-1.3974427204952119e-02
-1.4275313379874418e-02
-1.4586093093292332e-02
-1.4907473851646758e-02
-1.5239124275574731e-02
-1.5582146645597929e-02
-1.5937221643215725e-02
-1.6303930729376487e-02
-1.6683754886029516e-02
-1.7077217254958768e-02
-1.7484179306585076e-02
-1.7906194512906055e-02
-1.8343701126296928e-02
-1.8796980785679127e-02
-1.9267593932900024e-02
-1.9755911005978673e-02
-2.0262720026273218e-02
-2.0789594420022584e-02
-2.1336833252170225e-02
-2.1905834836591375e-02
-2.2498196590503384e-02
-2.3114145775806411e-02
-2.3755818531916374e-02
-2.4424779629155850e-02
-2.5121411951035760e-02
-2.5848524468764005e-02
-2.6607517202051616e-02
-2.7399643226179927e-02
-2.8227879682429565e-02
-2.9093677001741751e-02
-2.9999367155857798e-02
-3.0948161407320297e-02
-3.1941612274846945e-02
-3.2983396847150702e-02
-3.4077015301641193e-02
-3.5224368565316515e-02
-3.6430408014071644e-02
-3.7698791937923713e-02
-3.9033189341271243e-02
-4.0439582556877254e-02
-4.1922074081208197e-02
-4.3486540522873630e-02
-4.5139938464207517e-02
-4.6887225659532655e-02
-4.8737254626189545e-02
-5.0698008870304213e-02
-5.2776994017536306e-02
-5.4985782429155868e-02
-5.7334059650014202e-02
-5.9833772577484762e-02
-6.2499433086006320e-02
-6.5343630099928815e-02
-6.8384509727888829e-02
-7.1640414760355833e-02
-7.5129988694799102e-02
-7.8878625740699260e-02
-8.2910613069605177e-02
-8.7255291300869439e-02
-9.1947321174703514e-02
-9.7020994675684744e-02
-1.0252184319147477e-01
-1.0849807785750019e-01
-1.1500372420575387e-01
-1.2210621256398065e-01
-1.2987702439137422e-01
-1.3840390503606570e-01
-1.4778905906740419e-01
-1.5814571235845143e-01
-1.6961784625090523e-01
-1.8236731802283887e-01
-1.9658941105798503e-01
-2.1252262061877303e-01
-2.3044362759106948e-01
-2.5070247291108261e-01
-2.7371941626600649e-01
-3.0000067882038500e-01
-3.3019646967421756e-01
-3.6512500484661342e-01
-4.0583061725889308e-01
-4.5365280901285343e-01
-5.1033071625220949e-01
-5.7819356322809223e-01
-6.6035152854135470e-01
-7.6107712563688790e-01
-8.8623196708184604e-01
-1.0444876503332001e+00
-1.2485273628444344e+00
-1.5173426936151559e+00
-1.8809282589742840e+00
-2.3886694161275641e+00
-3.1245614584271491e+00
-4.2390406105327454e+00
-6.0109658980965053e+00
-8.9351967589928716e+00
-1.3419031664954144e+01
-1.6681265179077943e+01
0.0000000000000000e+00
1.3464638167935297e-01
0.0000000000000000e+00
0.0000000000000000e+00
];
