%Vec Object:sol 1 MPI processes
%  type: mpi
sol = [
0.0000000000000000e+00
-4.2847966683787348e+01
-2.4795745064344644e+01
-1.3185683331994433e+01
-7.7047566367755680e+00
-4.9577153187612115e+00
-3.4314019831044726e+00
-2.5070852160011654e+00
-1.9076156213941933e+00
-1.4988615506361116e+00
-1.2078085598884820e+00
-9.9348463430617195e-01
-8.3137842210771229e-01
-7.0588792690884672e-01
-6.0671338143899545e-01
-5.2694015016373341e-01
-4.6193817292396222e-01
-4.0826635966486674e-01
-3.6339538389569831e-01
-3.2555534506410683e-01
-2.9335524501371907e-01
-2.6568159879406250e-01
-2.4176127223543076e-01
-2.2095120125572607e-01
-2.0271245730799572e-01
-1.8664537293546318e-01
-1.7243118100014354e-01
-1.5978669101047774e-01
-1.4848049628922330e-01
-1.3834209524844601e-01
-1.2921705552273713e-01
-1.2095931068291199e-01
-1.1347889117577188e-01
-1.0668177468830725e-01
-1.0047357643553496e-01
-9.4798446046228502e-02
-8.9599339593689681e-02
-8.4816454528993140e-02
-8.0409526297859940e-02
-7.6344369578758259e-02
-7.2582175782003627e-02
-6.9092085810647977e-02
-6.5853721736514284e-02
-6.2841472909252197e-02
-6.0030564094081397e-02
-5.7409162865176631e-02
-5.4960188954552111e-02
-5.2663071755368447e-02
-5.0511355873604932e-02
-4.8493163999879227e-02
-4.6592308574534065e-02
-4.4804449540486707e-02
-4.3121287388769504e-02
-4.1530941818963489e-02
-4.0029315890339846e-02
-3.8610948565923266e-02
-3.7267014659026890e-02
-3.5993643304549544e-02
-3.4787319054838159e-02
-3.3641411780547026e-02
-3.2552286200188268e-02
-3.1517764545422038e-02
-3.0532809592679358e-02
-2.9594038358532818e-02
-2.8700191438891440e-02
-2.7847396774527387e-02
-2.7032538831227450e-02
-2.6254983628967027e-02
-2.5511715886527786e-02
-2.4799898260319298e-02
-2.4119315913943163e-02
-2.3467585703311634e-02
-2.2842153962410093e-02
-2.2243078540449417e-02
-2.1668443028040118e-02
-2.1115977988763173e-02
-2.0585909792259646e-02
-2.0076666039778809e-02
-1.9586258132415650e-02
-1.9115006526942726e-02
-1.8661591069282384e-02
-1.8224297434487748e-02
-1.7803487213382832e-02
-1.7398023525616486e-02
-1.7006457536575093e-02
-1.6629154332491607e-02
-1.6265108202413763e-02
-1.5913125423030923e-02
-1.5573548151380699e-02
-1.5245462369449233e-02
-1.4927918110571613e-02
-1.4621216277912446e-02
-1.4324504525554971e-02
-1.4037064712427738e-02
-1.3759144182800311e-02
-1.3489929513546384e-02
-1.3228922323520794e-02
-1.2976308278195171e-02
-1.2731295554600232e-02
-1.2493593468148967e-02
-1.2512232962578262e-02
-1.2787819805565931e-02
-1.3072315969986778e-02
-1.3366450314704544e-02
-1.3670014405871249e-02
-1.3983794253631290e-02
-1.4308505339315823e-02
-1.4643871206034716e-02
-1.4990989022508422e-02
-1.5350556854721191e-02
-1.5722219272927943e-02
-1.6107447382631486e-02
-1.6506796873080331e-02
-1.6920187583901458e-02
-1.7349173371383753e-02
-1.7794237701275056e-02
-1.8255714368030942e-02
-1.8735178769364688e-02
-1.9233059661197031e-02
-1.9750192931666612e-02
-2.0288183418585078e-02
-2.0847403055033117e-02
-2.1429296850412064e-02
-2.2035512237412458e-02
-2.2666365787038109e-02
-2.3324043264131965e-02
-2.4010182403038035e-02
-2.4725269740744446e-02
-2.5472176920338121e-02
-2.6252405466813369e-02
-2.7067319323307231e-02
-2.7919989324828056e-02
-2.8811995924206867e-02
-2.9745797694068130e-02
-3.0724736906592904e-02
-3.1750529764480999e-02
-3.2827009028595706e-02
-3.3957846682276027e-02
-3.5145122527557929e-02
-3.6394269135724217e-02
-3.7709056935799783e-02
-3.9093357959533254e-02
-4.0553396419278027e-02
-4.2093584258025979e-02
-4.3720134060012579e-02
-4.5440373939169922e-02
-4.7259672090988691e-02
-4.9187336471059703e-02
-5.1231854654428560e-02
-5.3400488886387633e-02
-5.5706100603264981e-02
-5.8159040370655238e-02
-6.0771991250689932e-02
-6.3560303859123715e-02
-6.6537459531191182e-02
-6.9722653728204700e-02
-7.3135385329241714e-02
-7.6795561510775892e-02
-8.0730077282901047e-02
-8.4964841482898498e-02
-8.9531061962476802e-02
-9.4465558332124347e-02
-9.9804966645221788e-02
-1.0559764510915895e-01
-1.1189496171790950e-01
-1.1875453213761773e-01
-1.2624807927898077e-01
-1.3445187966148245e-01
-1.4345939402545782e-01
-1.5337951790226304e-01
-1.6433311544511794e-01
-1.7647354093624365e-01
-1.8997348417353935e-01
-2.0504122944581499e-01
-2.2193105989165632e-01
-2.4093829552655191e-01
-2.6243619933987661e-01
-2.8687316994470496e-01
-3.1480120178106424e-01
-3.4691141422868577e-01
-3.8404710440892159e-01
-4.2734221896042957e-01
-4.7822541302090144e-01
-5.3855149532208135e-01
-6.1080383347624168e-01
-6.9829823659436085e-01
-8.0560823316475816e-01
-9.3896807890186307e-01
-1.1075634413586566e+00
-1.3249329650449697e+00
-1.6113236121757002e+00
-1.9985154594012398e+00
-2.5390587144218859e+00
-3.3221673666242277e+00
-4.5074635985497933e+00
-6.3924150447943839e+00
-9.5091173247609451e+00
-1.4329568146259724e+01
-1.7919266567810290e+01
0.0000000000000000e+00
2.4055929233035767e-01
0.0000000000000000e+00
0.0000000000000000e+00
];
