%Vec Object:sol 1 MPI processes
%  type: mpi
sol = [
0.0000000000000000e+00
-4.1003578231223884e+01
-2.4203346121346552e+01
-1.3017164025325341e+01
-7.6398546433808043e+00
-4.9270666895127828e+00
-3.4142277690770433e+00
-2.4960340338402900e+00
-1.9008151470779493e+00
-1.4938496114761715e+00
-1.2043300633039637e+00
-9.9107851589419682e-01
-8.2962282030148060e-01
-7.0451218780604974e-01
-6.0564423986011751e-01
-5.2617926467182086e-01
-4.6141078876463520e-01
-4.0791869682284665e-01
-3.6318808478057163e-01
-3.2545862644250789e-01
-2.9334645166132606e-01
-2.6573376066491011e-01
-2.4185510948169611e-01
-2.2107990482985196e-01
-2.0287050364803949e-01
-1.8682814849845963e-01
-1.7263479928008069e-01
-1.6000792359756877e-01
-1.4871663532322951e-01
-1.3859458331610636e-01
-1.2948436651413217e-01
-1.2123897531423954e-01
-1.1376879934643362e-01
-1.0698014598451061e-01
-1.0077891370132311e-01
-9.5109463695583332e-02
-8.9914941477439905e-02
-8.5135705238372675e-02
-8.0731621468488307e-02
-7.6668620115792160e-02
-7.2907987567601126e-02
-6.9418944204256566e-02
-6.6181188361274082e-02
-6.3169168210732374e-02
-6.0358152977196752e-02
-5.7736365761329664e-02
-5.5286765185622269e-02
-5.2988799904166030e-02
-5.0836059243132461e-02
-4.8816692488328858e-02
-4.6914516765651317e-02
-4.5125227212492028e-02
-4.3440543512393695e-02
-4.1848584623410783e-02
-4.0345277641792646e-02
-3.8925177829660568e-02
-3.7579456652098768e-02
-3.6304258250945097e-02
-3.5096082265386998e-02
-3.3948294212222896e-02
-3.2857266556028178e-02
-3.1820836262431075e-02
-3.0833961531127108e-02
-2.9893261519677777e-02
-2.8997491524002595e-02
-2.8142775079099625e-02
-2.7325994538012693e-02
-2.6546530670463524e-02
-2.5801364106816656e-02
-2.5087652262928091e-02
-2.4405195063698971e-02
-2.3751605589218388e-02
-2.3124322783829747e-02
-2.2523419139811079e-02
-2.1946974688742422e-02
-2.1392711310572351e-02
-2.0860869726264660e-02
-2.0349873854396922e-02
-1.9857725925278531e-02
-1.9384760754694665e-02
-1.8929654536652202e-02
-1.8490686072386690e-02
-1.8068232987323827e-02
-1.7661147564481672e-02
-1.7267897484843274e-02
-1.6888941209034138e-02
-1.6523261128784574e-02
-1.6169658726782016e-02
-1.5828492400564415e-02
-1.5498843080849317e-02
-1.5179754367109527e-02
-1.4871537288494229e-02
-1.4573333818135610e-02
-1.4284421195565548e-02
-1.4005055720132905e-02
-1.3734417520106396e-02
-1.3472005676740289e-02
-1.3218013530139721e-02
-1.2971641921920752e-02
-1.2732599945148972e-02
-1.2754748327305891e-02
-1.3038898926405111e-02
-1.3332274502768715e-02
-1.3635624028912623e-02
-1.3948743841382829e-02
-1.4272441823472305e-02
-1.4607455009961875e-02
-1.4953511430571463e-02
-1.5311737475882090e-02
-1.5682854302462100e-02
-1.6066510557497950e-02
-1.6464215773484538e-02
-1.6876548069767204e-02
-1.7303437875930149e-02
-1.7746481907409035e-02
-1.8206186772368457e-02
-1.8682906829169486e-02
-1.9178263993699644e-02
-1.9692711434798480e-02
-2.0227118373064373e-02
-2.0783140410792923e-02
-2.1361175398956062e-02
-2.1962717989444575e-02
-2.2589471404328682e-02
-2.3241780053318759e-02
-2.3921900049982760e-02
-2.4631529394712390e-02
-2.5371190045388167e-02
-2.6143845251499064e-02
-2.6951058968131332e-02
-2.7794255797507703e-02
-2.8676609890736667e-02
-2.9599772063831707e-02
-3.0566294341629597e-02
-3.1579637167066646e-02
-3.2641597659243148e-02
-3.3756144783354758e-02
-3.4927086753349490e-02
-3.6156602309318990e-02
-3.7450312467316831e-02
-3.8812138160989551e-02
-4.0246108200039113e-02
-4.1758670639538822e-02
-4.3354419742189329e-02
-4.5039802472356026e-02
-4.6822420893080217e-02
-4.8707861971408827e-02
-5.0705772464130640e-02
-5.2824961856107300e-02
-5.5073798792183604e-02
-5.7464927282285930e-02
-6.0009110571679881e-02
-6.2719532176775630e-02
-6.5612136146336472e-02
-6.8700958838211756e-02
-7.2005936619908700e-02
-7.5547339830980845e-02
-7.9345880980857250e-02
-8.3429496553469956e-02
-8.7825136048210226e-02
-9.2565240857938894e-02
-9.7688074361935467e-02
-1.0323175053684300e-01
-1.0924651778881235e-01
-1.1578578283462429e-01
-1.2290945630164894e-01
-1.3069207564574264e-01
-1.3921295660954655e-01
-1.4856924443071884e-01
-1.5887412797905323e-01
-1.7025327600235463e-01
-1.8286606102770833e-01
-1.9689199866976489e-01
-2.1254768587344403e-01
-2.3008492818300089e-01
-2.4981771378346279e-01
-2.7213468648864242e-01
-2.9750058038543498e-01
-3.2648736493396485e-01
-3.5982018755539397e-01
-3.9839398600747539e-01
-4.4336526148644517e-01
-4.9621727945794813e-01
-5.5887556696376173e-01
-6.3391779876673426e-01
-7.2466495054502456e-01
-8.3591294541936867e-01
-9.7429019672816342e-01
-1.1492568468966378e+00
-1.3745797506138604e+00
-1.6712399408271654e+00
-2.0726223481460160e+00
-2.6319905915510522e+00
-3.4419854966041150e+00
-4.6677516308986666e+00
-6.6166599768779086e+00
-9.8388034593996672e+00
-1.4844012418380883e+01
-1.8612105895347089e+01
0.0000000000000000e+00
2.4055929233035767e-01
0.0000000000000000e+00
0.0000000000000000e+00
];
