%Vec Object:sol 1 MPI processes
%  type: mpi
sol = [
0.0000000000000000e+00
-8.1103978521177169e+01
-3.6018574218695683e+01
-1.6973788095921343e+01
-9.4491030582811035e+00
-5.9367662945102797e+00
-4.0525090421472569e+00
-2.9339503795604651e+00
-2.2184560672107470e+00
-1.7342415520802761e+00
-1.3921625510657696e+00
-1.1415169026717276e+00
-9.5248139490231254e-01
-8.0664895540777481e-01
-6.9174230681999616e-01
-5.9961633820845350e-01
-5.2468864917440061e-01
-4.6287387470077446e-01
-4.1128110850166244e-01
-3.6783791939870730e-01
-3.3092046777962475e-01
-2.9923272750088914e-01
-2.7187491181345591e-01
-2.4810045639893391e-01
-2.2728523517722082e-01
-2.0896648738978810e-01
-1.9277542877160803e-01
-1.7838527926794548e-01
-1.6552931226227816e-01
-1.5401502129509043e-01
-1.4366082464599536e-01
-1.3429660946430791e-01
-1.2581708489212776e-01
-1.1811776298131806e-01
-1.1109069213830779e-01
-1.0467151489808806e-01
-9.8794785081380607e-02
-9.3392244375032615e-02
-8.8417701842542912e-02
-8.3831910575857385e-02
-7.9590640139375113e-02
-7.5658672952873998e-02
-7.2012546096862834e-02
-6.8623094932812739e-02
-6.5462203287988435e-02
-6.2516154422058975e-02
-5.9765496656861899e-02
-5.7187021866246635e-02
-5.4773132065097770e-02
-5.2510302690166058e-02
-5.0380346180066031e-02
-4.8378117508129412e-02
-4.6494160142061994e-02
-4.4715152927046302e-02
-4.3036313714993245e-02
-4.1451391491230137e-02
-3.9950508450893318e-02
-3.8529206304157855e-02
-3.7183426546193964e-02
-3.5905759740216182e-02
-3.4692066449040375e-02
-3.3539792975477378e-02
-3.2443317681041133e-02
-3.1398825736672978e-02
-3.0404795382551451e-02
-2.9456910660203207e-02
-2.8551687602704247e-02
-2.7688307170645639e-02
-2.6863412350254051e-02
-2.6073853582588621e-02
-2.5319283244228285e-02
-2.4597051410689269e-02
-2.3904341923630550e-02
-2.3241115011498139e-02
-2.2605243008618197e-02
-2.1994237769194149e-02
-2.1408251445593145e-02
-2.0845541923778944e-02
-2.0303940152145726e-02
-1.9783707798917506e-02
-1.9283386455510372e-02
-1.8801114505692221e-02
-1.8337204757376081e-02
-1.7890406233029281e-02
-1.7459151223829635e-02
-1.7043762481939079e-02
-1.6643139085334612e-02
-1.6255992497880883e-02
-1.5882626668703246e-02
-1.5522047435578348e-02
-1.5173230042003978e-02
-1.4836439935054768e-02
-1.4510756963208537e-02
-1.4195404533045635e-02
-1.3890596496314946e-02
-1.3595462027714448e-02
-1.3309457250019564e-02
-1.3032735953615864e-02
-1.2764457959164754e-02
-1.2504296909487149e-02
-1.2501038089476030e-02
-1.2753932208858045e-02
-1.3014674158601348e-02
-1.3283942238031391e-02
-1.3561467946454584e-02
-1.3847981380768747e-02
-1.4144135317078324e-02
-1.4449586285903730e-02
-1.4765362406253139e-02
-1.5092085544387127e-02
-1.5429325695444753e-02
-1.5778466423612802e-02
-1.6139973341758040e-02
-1.6513679704714172e-02
-1.6901030146342456e-02
-1.7302403096251497e-02
-1.7718026524254596e-02
-1.8149342369460576e-02
-1.8596657383647290e-02
-1.9060673374114892e-02
-1.9542833923472017e-02
-2.0043369745585599e-02
-2.0563551385921863e-02
-2.1104832844036737e-02
-2.1667367047869465e-02
-2.2253109565373751e-02
-2.2863469166639110e-02
-2.3498733963069049e-02
-2.4161477718234275e-02
-2.4852937142624557e-02
-2.5574205642168231e-02
-2.6327993630799660e-02
-2.7115565911485662e-02
-2.7939010318791497e-02
-2.8801231150487334e-02
-2.9703565193355350e-02
-3.0649335845256045e-02
-3.1641681867966377e-02
-3.2682212972827335e-02
-3.3775670963179578e-02
-3.4925193275015871e-02
-3.6133981818841386e-02
-3.7407400811604152e-02
-3.8749074625062850e-02
-4.0164251334499183e-02
-4.1659237135145265e-02
-4.3237962263614108e-02
-4.4908613328118026e-02
-4.6678414447095001e-02
-4.8554010085934969e-02
-5.0545785634998786e-02
-5.2662335887697947e-02
-5.4914312626618327e-02
-5.7314693717458738e-02
-5.9874626253984299e-02
-6.2610339937818782e-02
-6.5538177609089504e-02
-6.8674690544635791e-02
-7.2042575483442520e-02
-7.5663415137156770e-02
-7.9563347312355745e-02
-8.3773285108468959e-02
-8.8323673241211903e-02
-9.3255134111219704e-02
-9.8610574605210957e-02
-1.0443804484389298e-01
-1.1079765377149932e-01
-1.1775296208878927e-01
-1.2538211827329351e-01
-1.3377613883115722e-01
-1.4303571330835479e-01
-1.5328913311319020e-01
-1.6468043771301091e-01
-1.7738348572594617e-01
-1.9161070449741363e-01
-2.0760835370445418e-01
-2.2568828694388540e-01
-2.4622481642955249e-01
-2.6967876053367479e-01
-2.9663505379265220e-01
-3.2779056568147708e-01
-3.6409458063976069e-01
-4.0674288971749822e-01
-4.5728761113792094e-01
-5.1780854502536167e-01
-5.9108369326824117e-01
-6.8094782254999797e-01
-7.9274056440274476e-01
-9.3402631376668466e-01
-1.1162546567927587e+00
-1.3566492319066397e+00
-1.6819204060541344e+00
-2.1366367306252450e+00
-2.7959016551374329e+00
-3.7953572319472366e+00
-5.3845313952966904e+00
-7.9947207082486429e+00
-1.1926040593200874e+01
-1.4668592036632528e+01
0.0000000000000000e+00
1.3464638167935297e-01
0.0000000000000000e+00
0.0000000000000000e+00
];
