%Vec Object:sol 1 MPI processes
%  type: mpi
sol = [
0.0000000000000000e+00
-4.1969542158433363e+01
-2.4519433232599539e+01
-1.3107634132689300e+01
-7.6752619812957077e+00
-4.9432176214691728e+00
-3.4235256257428324e+00
-2.5020150795084204e+00
-1.9044336413859175e+00
-1.4965024680946397e+00
-1.2063611772126421e+00
-9.9242788564118645e-01
-8.3056003239014253e-01
-7.0525007561653352e-01
-6.0622718092786709e-01
-5.2663975116012895e-01
-4.6177328888440233e-01
-4.0817281792227517e-01
-3.6334375823554343e-01
-3.2553796144217151e-01
-2.9336601710110177e-01
-2.6571574039437246e-01
-2.4181482868995116e-01
-2.2102094074468057e-01
-2.0279576252653705e-01
-1.8674006259698103e-01
-1.7253542194067181e-01
-1.5989896343188417e-01
-1.4859952516077007e-01
-1.3847056033901589e-01
-1.2935448012174008e-01
-1.2110410626941882e-01
-1.1362972065787633e-01
-1.0683752110380154e-01
-1.0063330622498841e-01
-9.4961368451302153e-02
-8.9764787353833711e-02
-8.4983862338322502e-02
-8.0578413568435953e-02
-7.6514329394663447e-02
-7.2752855569652428e-02
-6.9263215855605034e-02
-6.6024166075775825e-02
-6.3010845661926523e-02
-6.0198815362675302e-02
-5.7576257950825667e-02
-5.5126100665483076e-02
-5.2827771633497243e-02
-5.0674829670964205e-02
-4.8655402847680038e-02
-4.6753298617956823e-02
-4.4964188927241626e-02
-4.3279778487230969e-02
-4.1688181691334460e-02
-4.0185309607005087e-02
-3.8765705623605332e-02
-3.7420539494847159e-02
-3.6145944958135806e-02
-3.4938411449157603e-02
-3.3791304291523480e-02
-3.2700989989618665e-02
-3.1665296169576751e-02
-3.0679181644036439e-02
-2.9739262983298251e-02
-2.8844286631577381e-02
-2.7990377121156106e-02
-2.7174416779508062e-02
-2.6395777814027126e-02
-2.5651442020095186e-02
-2.4938568677920877e-02
-2.4256949361621174e-02
-2.3604198391590017e-02
-2.2977757895060062e-02
-2.2377692226107870e-02
-2.1802082716087745e-02
-2.1248655248612813e-02
-2.0717642671108923e-02
-2.0207470490104962e-02
-1.9716145268453871e-02
-1.9243993795223308e-02
-1.8789693877005895e-02
-1.8351526463290732e-02
-1.7929859228523481e-02
-1.7523553207823124e-02
-1.7131155190178545e-02
-1.6753036000750079e-02
-1.6388187705545818e-02
-1.6035412755037726e-02
-1.5695058620229754e-02
-1.5366208839332313e-02
-1.5047910344459065e-02
-1.4740468853363643e-02
-1.4443029280847961e-02
-1.4154871256767844e-02
-1.3876246380522457e-02
-1.3606338128055661e-02
-1.3344646887193541e-02
-1.3091361967246796e-02
-1.2845688025536041e-02
-1.2607334254234043e-02
-1.2627629781516535e-02
-1.2907277605897726e-02
-1.3195984315197215e-02
-1.3494488308605975e-02
-1.3802583374378391e-02
-1.4121065895454971e-02
-1.4450661568734256e-02
-1.4791096016394769e-02
-1.5143480269620408e-02
-1.5508523329882081e-02
-1.5885871642194266e-02
-1.6277014544264768e-02
-1.6682518332257510e-02
-1.7102307810703838e-02
-1.7537957160283661e-02
-1.7989960777023490e-02
-1.8458662153432115e-02
-1.8945658731907716e-02
-1.9451390784820815e-02
-1.9976709955146211e-02
-2.0523245120922042e-02
-2.1091380425632637e-02
-2.1682584367054284e-02
-2.2298530778739081e-02
-2.2939549328891667e-02
-2.3607859085148470e-02
-2.4305126275808848e-02
-2.5031854106795200e-02
-2.5790957588225989e-02
-2.6583967724608037e-02
-2.7412277080933981e-02
-2.8279005372290122e-02
-2.9185766246016518e-02
-3.0135062424717415e-02
-3.1130292047188375e-02
-3.2173209460989512e-02
-3.3267711807612975e-02
-3.4417535431286506e-02
-3.5624806749886100e-02
-3.6895047437723545e-02
-3.8232098988017278e-02
-3.9639907348063497e-02
-4.1124802433085160e-02
-4.2691282643644357e-02
-4.4345671026700631e-02
-4.6095426110268990e-02
-4.7946016064290393e-02
-4.9906908076496746e-02
-5.1986739241826056e-02
-5.4193707926029427e-02
-5.6540221113822106e-02
-5.9036826550338768e-02
-6.1696451235186883e-02
-6.4534734871330143e-02
-6.7565430722882222e-02
-7.0808095859089065e-02
-7.4282606870893761e-02
-7.8009266440765973e-02
-8.2015479708043862e-02
-8.6327667709855394e-02
-9.0977645348611177e-02
-9.6002943089621581e-02
-1.0144092825766934e-01
-1.0734089215979251e-01
-1.1375521423966216e-01
-1.2074013432161641e-01
-1.2836922586571112e-01
-1.3672146448870170e-01
-1.4589197719402555e-01
-1.5599159578279997e-01
-1.6714333939035550e-01
-1.7950326361455887e-01
-1.9324710424767891e-01
-2.0858679766716559e-01
-2.2578105811574548e-01
-2.4513034007730861e-01
-2.6701434124102852e-01
-2.9188915289773254e-01
-3.2031617618782121e-01
-3.5300726516400915e-01
-3.9084106824264725e-01
-4.3495322552203503e-01
-4.8678247693868754e-01
-5.4817802962817608e-01
-6.2170192626884557e-01
-7.1072323157673067e-01
-8.1988788068575991e-01
-9.5570189916714521e-01
-1.1272855804772153e+00
-1.3483125309012820e+00
-1.6396560113878533e+00
-2.0334054172406781e+00
-2.5830933396395408e+00
-3.3786103799334746e+00
-4.5831602502973849e+00
-6.4980708945947931e+00
-9.6646653512983480e+00
-1.4572417937779960e+01
-1.8246301389107547e+01
0.0000000000000000e+00
2.4055929233035767e-01
0.0000000000000000e+00
0.0000000000000000e+00
];
