%Vec Object:sol 1 MPI processes
%  type: mpi
sol = [
0.0000000000000000e+00
-9.2410542849699928e-01
-9.0947352819055238e-01
-8.9537648003217596e-01
-8.8153434683017828e-01
-8.6840374515430563e-01
-8.5552771830516983e-01
-8.4307066677298415e-01
-8.3110069034764111e-01
-8.1938553133381486e-01
-8.0808944889992218e-01
-7.9712688103415485e-01
-7.8640195415444814e-01
-7.7602225122305435e-01
-7.6600904992249008e-01
-7.5613920779758637e-01
-7.4656289686163135e-01
-7.3733484872914923e-01
-7.2822273623409506e-01
-7.1937531349777428e-01
-7.1082624394837102e-01
-7.0236796232367071e-01
-6.9418162431798058e-01
-6.8623236874735716e-01
-6.7835695284757491e-01
-6.7075057510722791e-01
-6.6333555280557843e-01
-6.5598251327059520e-01
-6.4888911134218608e-01
-6.4194323740213843e-01
-6.3507113787541913e-01
-6.2843489496698579e-01
-6.2191460356375616e-01
-6.1547631099002242e-01
-6.0925036151586009e-01
-6.0312132639018678e-01
-5.9707371946144872e-01
-5.9121854031597376e-01
-5.8545088977770665e-01
-5.7975754591323303e-01
-5.7423966065250898e-01
-5.6880732797180322e-01
-5.6343728682975047e-01
-5.5822817803473124e-01
-5.5310843168009116e-01
-5.4803536270030839e-01
-5.4311074095950918e-01
-5.3828379129537740e-01
-5.3348526562287069e-01
-5.2882443378343147e-01
-5.2426896269921264e-01
-5.1973006205852113e-01
-5.1531543386859535e-01
-5.1101234755994485e-01
-5.0672108535687588e-01
-5.0253768419075662e-01
-4.9846972019111396e-01
-4.9441624578309828e-01
-4.9045086935892923e-01
-4.8659454391607937e-01
-4.8277213775035221e-01
-4.7902096150477785e-01
-4.7536631906981180e-01
-4.7176139489520996e-01
-4.6821926948539622e-01
-4.6475788800321893e-01
-4.6136231942956168e-01
-4.5801109666805789e-01
-4.5474638807564965e-01
-4.5155331988287006e-01
-4.4838500335371267e-01
-4.4530618277580969e-01
-4.4230646682194819e-01
-4.3932547507225234e-01
-4.3642110177988452e-01
-4.3360112048127186e-01
-4.3081770932932589e-01
-4.2808398367621658e-01
-4.2543232716697349e-01
-4.2284400985066112e-01
-4.2028383326777380e-01
-4.1779773495947747e-01
-4.1539008539388916e-01
-4.1300299635174198e-01
-4.1068821196320404e-01
-4.0844196507603941e-01
-4.0623724030618197e-01
-4.0408468032915851e-01
-4.0200692779205710e-01
-3.9998523370082151e-01
-3.9799203647501064e-01
-3.9607250284335793e-01
-3.9422554785582431e-01
-3.9240532432344849e-01
-3.9064392668333658e-01
-3.8895313785379237e-01
-3.8730965046017046e-01
-3.8571057275166304e-01
-3.8418284274530268e-01
0.0000000000000000e+00
4.3023389496965930e-01
3.6295210385578758e-02
1.4534768391059000e+01
];
