%Vec Object:sol 1 MPI processes
%  type: mpi
sol = [
0.0000000000000000e+00
-1.0034321325753419e+00
-9.8582498399238117e-01
-9.6854992285466213e-01
-9.5199624233472191e-01
-9.3606499183203851e-01
-9.2044843276605470e-01
-9.0558344915458178e-01
-8.9093065829319085e-01
-8.7687778753321177e-01
-8.6322523028536324e-01
-8.4986685502107517e-01
-8.3702846216127924e-01
-8.2441290273193801e-01
-8.1223467885535783e-01
-8.0032665901510613e-01
-7.8870585176843888e-01
-7.7744158591180568e-01
-7.6639385528255877e-01
-7.5565060233866954e-01
-7.4511391952464767e-01
-7.3484287062765619e-01
-7.2482284728494972e-01
-7.1497055745094140e-01
-7.0537347155716401e-01
-6.9593065233318074e-01
-6.8671748254245979e-01
-6.7769849864162635e-01
-6.6876964855457588e-01
-6.6009625955921514e-01
-6.5153589227815867e-01
-6.4311645538721618e-01
-6.3491011784345697e-01
-6.2675714866290400e-01
-6.1877750772909401e-01
-6.1097608072518528e-01
-6.0318686904794960e-01
-5.9558855395856525e-01
-5.8811063373992856e-01
-5.8067519157830327e-01
-5.7340710808853490e-01
-5.6621908973176949e-01
-5.5909006496822178e-01
-5.5210806475434848e-01
-5.4517993090934713e-01
-5.3831633912066879e-01
-5.3158211081747864e-01
-5.2488722966067591e-01
-5.1825346058355581e-01
-5.1173365945763216e-01
-5.0524425519300753e-01
-4.9881345001352284e-01
-4.9247912793092308e-01
-4.8617020421882917e-01
-4.7991956465970775e-01
-4.7374566093780113e-01
-4.6759860519801033e-01
-4.6150533493802492e-01
-4.5547050191673749e-01
-4.4946957124170372e-01
-4.4350793019911089e-01
-4.3760115038194530e-01
-4.3173365290823007e-01
-4.2588483788319753e-01
-4.2009613518946476e-01
-4.1435100744261721e-01
-4.0860594718666293e-01
-4.0291593646981594e-01
-3.9727459291823569e-01
-3.9165028188507134e-01
-3.8605387040454875e-01
-3.8051022094086911e-01
-3.7501105231465182e-01
-3.6951415456259384e-01
-3.6406797822133347e-01
-3.5867563092480159e-01
-3.5332259087651341e-01
-3.4798963566262769e-01
-3.4271691041250935e-01
-3.3750677922062916e-01
-3.3234690645399362e-01
-3.2722947014915393e-01
-3.2219138007787557e-01
-3.1724065425910630e-01
-3.1237975284117137e-01
-3.0760147840421659e-01
-3.0295655564917007e-01
-2.9846806370373979e-01
-2.9416282558763557e-01
-2.9004237744374856e-01
-2.8616139392006767e-01
-2.8254528700375475e-01
-2.7919895690623464e-01
-2.7609454513702986e-01
-2.7317828808226968e-01
-2.7040511191251970e-01
-2.6770003749906590e-01
-2.6500557482398790e-01
-2.6229347564165806e-01
0.0000000000000000e+00
4.5418685644339729e-01
3.6295210385578758e-02
1.4534768391059000e+01
];
