%Vec Object:sol 1 MPI processes
%  type: mpi
sol = [
0.0000000000000000e+00
-9.7658838844136098e-01
-9.5980800232904484e-01
-9.4346575299486768e-01
-9.2786039588738023e-01
-9.1261273616389615e-01
-8.9785542321919443e-01
-8.8365931933879216e-01
-8.6978539280483158e-01
-8.5647231717082495e-01
-8.4344444419885845e-01
-8.3076687675770633e-01
-8.1854614270608217e-01
-8.0655776167737925e-01
-7.9498336997425267e-01
-7.8366601626078058e-01
-7.7260995753282380e-01
-7.6193471773075405e-01
-7.5141720623457142e-01
-7.4119217132196258e-01
-7.3123048358947607e-01
-7.2145301655139948e-01
-7.1196881674645018e-01
-7.0263273829467754e-01
-6.9350418235996603e-01
-6.8463525760873467e-01
-6.7587824079424474e-01
-6.6732230631745593e-01
-6.5896219865821137e-01
-6.5073745862696575e-01
-6.4269902946023671e-01
-6.3479311649547110e-01
-6.2703752014461245e-01
-6.1945769114875771e-01
-6.1195990067904893e-01
-6.0462310661200391e-01
-5.9744826988470645e-01
-5.9032116360062792e-01
-5.8336102700067871e-01
-5.7653045905981704e-01
-5.6975835945065478e-01
-5.6313822680065795e-01
-5.5662257065001686e-01
-5.5016974532377194e-01
-5.4385860542891507e-01
-5.3763336193911027e-01
-5.3147008931836459e-01
-5.2544198117588403e-01
-5.1948699856579894e-01
-5.1358889687013065e-01
-5.0781843436227225e-01
-5.0212165754933791e-01
-4.9646923450831404e-01
-4.9093537875582560e-01
-4.8548851980153002e-01
-4.8006681317519201e-01
-4.7475651120960977e-01
-4.6954932687235418e-01
-4.6434911546212398e-01
-4.5925285545170735e-01
-4.5425895399500571e-01
-4.4929451803413195e-01
-4.4440731570778413e-01
-4.3961932022168487e-01
-4.3489365083518744e-01
-4.3021453288652217e-01
-4.2563315688683501e-01
-4.2113931830479884e-01
-4.1668121882549086e-01
-4.1231133343510867e-01
-4.0803820679648095e-01
-4.0381993613195788e-01
-3.9967585223959157e-01
-3.9562498220443171e-01
-3.9166116136094409e-01
-3.8775652764608237e-01
-3.8394715072350361e-01
-3.8023646445581921e-01
-3.7659784853757317e-01
-3.7304913793315708e-01
-3.6960423307387358e-01
-3.6626392077807596e-01
-3.6299115266017756e-01
-3.5983363437274357e-01
-3.5679185171794237e-01
-3.5385012486745876e-01
-3.5100117393633612e-01
-3.4827796291153068e-01
-3.4568331163294685e-01
-3.4319681371753991e-01
-3.4082624595418110e-01
-3.3860078369423774e-01
-3.3652983320014818e-01
-3.3460324561795318e-01
-3.3284961490631537e-01
-3.3131756685348573e-01
-3.3005156311295669e-01
-3.2908092429341040e-01
-3.2848601515502412e-01
0.0000000000000000e+00
4.4620731603709163e-01
3.6295210385578758e-02
1.4534768391059000e+01
];
