%Vec Object:sol 1 MPI processes
%  type: mpi
sol = [
0.0000000000000000e+00
-9.2342223132706625e-01
-9.0880691667109703e-01
-8.9475262850701420e-01
-8.8092553198478363e-01
-8.6780959421865733e-01
-8.5497358744770680e-01
-8.4253010547984386e-01
-8.3057362507270849e-01
-8.1889628966234806e-01
-8.0761283170018694e-01
-7.9666298123876056e-01
-7.8597402463530319e-01
-7.7560634596008127e-01
-7.6560524184609258e-01
-7.5576974118544571e-01
-7.4620498404011759e-01
-7.3701013173918883e-01
-7.2790903358984127e-01
-7.1907275662374126e-01
-7.1055548309006089e-01
-7.0210787213520642e-01
-6.9393231432313474e-01
-6.8601353777744012e-01
-6.7814847867306272e-01
-6.7055255193356500e-01
-6.6316675626424382e-01
-6.5582377406406656e-01
-6.4874051242645514e-01
-6.4182266996812498e-01
-6.3496033093276438e-01
-6.2833392843585045e-01
-6.2184051950795549e-01
-6.1541169905874138e-01
-6.0919529950273144e-01
-6.0309204468412525e-01
-5.9705363028290570e-01
-5.9120771846953124e-01
-5.8546477763686189e-01
-5.7978035339610345e-01
-5.7427145876300945e-01
-5.6886281588311038e-01
-5.6350142574990292e-01
-5.5830103486286375e-01
-5.5320399615549021e-01
-5.4813931035039609e-01
-5.4322313179270187e-01
-5.3841793550962347e-01
-5.3362751514657614e-01
-5.2897483669684975e-01
-5.2444017575830093e-01
-5.1990907675700826e-01
-5.1550228417550314e-01
-5.1121852798515932e-01
-5.0693513004950064e-01
-5.0275905485634542e-01
-4.9869840164663504e-01
-4.9466334461525274e-01
-4.9070481548370759e-01
-4.8685529012158718e-01
-4.8305023013673065e-01
-4.7930537099589665e-01
-4.7565698217339969e-01
-4.7206832100216334e-01
-4.6853195778825657e-01
-4.6507625089326660e-01
-4.6169581938224896e-01
-4.5834974737228318e-01
-4.5509007969016568e-01
-4.5191097994067436e-01
-4.4874715162027673e-01
-4.4567264371159832e-01
-4.4267708160533931e-01
-4.3970848391789308e-01
-4.3680761535678575e-01
-4.3399095145507433e-01
-4.3121864229271317e-01
-4.2848752213809255e-01
-4.2583824846647284e-01
-4.2325966283689453e-01
-4.2070110377936470e-01
-4.1821636208971952e-01
-4.1580979974591187e-01
-4.1343053411147734e-01
-4.1111601001878778e-01
-4.0886972258055276e-01
-4.0667133693835805e-01
-4.0451788082046453e-01
-4.0243892034859702e-01
-4.0042204407975657e-01
-3.9842675433077274e-01
-3.9650480130441718e-01
-3.9465509080584504e-01
-3.9283765177081437e-01
-3.9107258045038079e-01
-3.8937775478860370e-01
-3.8773544869367893e-01
-3.8613133470883343e-01
-3.8459810224934604e-01
0.0000000000000000e+00
4.3001171641170260e-01
3.6295210385578758e-02
1.4534768391059000e+01
];
