%Vec Object:sol 1 MPI processes
%  type: mpi
sol = [
0.0000000000000000e+00
-1.1945713844076595e+00
-1.1707467955940918e+00
-1.1474811717000120e+00
-1.1252953476898093e+00
-1.1037255686998875e+00
-1.0829197474154897e+00
-1.0627432103327696e+00
-1.0433098071743403e+00
-1.0243370500559050e+00
-1.0061375469399474e+00
-9.8822718667184983e-01
-9.7098909222985108e-01
-9.5415818402628882e-01
-9.3778094300711567e-01
-9.2186852733770630e-01
-9.0630483950017149e-01
-8.9113104513159680e-01
-8.7638025415876375e-01
-8.6186588386836505e-01
-8.4776704514798873e-01
-8.3392497719022318e-01
-8.2039450708744377e-01
-8.0714257292422165e-01
-7.9416245085426784e-01
-7.8138386012765482e-01
-7.6895562308653553e-01
-7.5660723148822207e-01
-7.4460452940402277e-01
-7.3271965961473362e-01
-7.2107585064282642e-01
-7.0957397137578149e-01
-6.9830952702789206e-01
-6.8714932088363123e-01
-6.7619039364611633e-01
-6.6538856905970833e-01
-6.5468439522203348e-01
-6.4418919234246608e-01
-6.3375161130423474e-01
-6.2348098836012367e-01
-6.1329985002026144e-01
-6.0324957987220329e-01
-5.9329374393759815e-01
-5.8342462217563562e-01
-5.7369582990870105e-01
-5.6397907744756981e-01
-5.5438982653487967e-01
-5.4488471782974746e-01
-5.3540396792044220e-01
-5.2603300790791641e-01
-5.1668232784918600e-01
-5.0733443849234783e-01
-4.9790843350464464e-01
-4.8799791152990651e-01
-4.7673723875378315e-01
-4.6207265885216015e-01
-4.4103034333274149e-01
-4.1233615272176127e-01
-3.8023308806481532e-01
-3.5256448781520983e-01
-3.3262843221777488e-01
-3.1974268611056400e-01
-3.1145088238300112e-01
-3.0583888356216726e-01
-3.0172201637712137e-01
-2.9841313492515975e-01
-2.9552670272943871e-01
-2.9283752901723231e-01
-2.9022699455759909e-01
-2.8763468648692653e-01
-2.8502159735093979e-01
-2.8235571788200414e-01
-2.7964799583044819e-01
-2.7688900547180079e-01
-2.7406334175005020e-01
-2.7117943742963430e-01
-2.6824277088742682e-01
-2.6524991157898981e-01
-2.6219877882975740e-01
-2.5909383042403411e-01
-2.5594494097368897e-01
-2.5274691489957490e-01
-2.4949983572611450e-01
-2.4620049671677835e-01
-2.4285655099983539e-01
-2.3946676747339413e-01
-2.3602621882464939e-01
-2.3253253942013050e-01
-2.2898155960340305e-01
-2.2538255127672388e-01
-2.2172514863902798e-01
-2.1800076273751981e-01
-2.1420673236876789e-01
-2.1033984857956486e-01
-2.0638583080457712e-01
-2.0233752489314108e-01
-1.9818550640159552e-01
-1.9391126969049005e-01
-1.8950771673789485e-01
0.0000000000000000e+00
4.7342251063883506e-01
3.6131252556490537e-02
1.1468636522741765e+01
];
