%Vec Object:sol 1 MPI processes
%  type: mpi
sol = [
0.0000000000000000e+00
-1.1666983328762237e+00
-1.1438777774969222e+00
-1.1217943335286431e+00
-1.1005165375796115e+00
-1.0800238857227531e+00
-1.0600943628180777e+00
-1.0408588224928674e+00
-1.0222624698109162e+00
-1.0041257585310648e+00
-9.8672122792917372e-01
-9.6956648016867064e-01
-9.5308227036288040e-01
-9.3694342210017934e-01
-9.2127708720182921e-01
-9.0601050460574217e-01
-8.9111255741413309e-01
-8.7655327744904987e-01
-8.6242072708870465e-01
-8.4850036596695788e-01
-8.3497361199283016e-01
-8.2171265319008502e-01
-8.0870831237795271e-01
-7.9603249132578924e-01
-7.8353196695596805e-01
-7.7133185812825522e-01
-7.5933616687585148e-01
-7.4757385741898552e-01
-7.3595837936164576e-01
-7.2465145022832633e-01
-7.1339648318415017e-01
-7.0241855333463887e-01
-6.9157391316113237e-01
-6.8088107364683559e-01
-6.7037524025996231e-01
-6.5998543073014682e-01
-6.4976919568618807e-01
-6.3963286427767307e-01
-6.2967982125109423e-01
-6.1978748091731795e-01
-6.1004511100866110e-01
-6.0042017739229281e-01
-5.9084536161561563e-01
-5.8143025625592315e-01
-5.7205502121074991e-01
-5.6277349301232205e-01
-5.5359317836510347e-01
-5.4446385018479559e-01
-5.3541988946472663e-01
-5.2641966424208031e-01
-5.1749689531519705e-01
-5.0863709482673014e-01
-4.9977433828586398e-01
-4.9096880434583834e-01
-4.8211738827302020e-01
-4.7301857560977600e-01
-4.6330003307370843e-01
-4.5192398950835866e-01
-4.3701235207786532e-01
-4.1640986734811292e-01
-3.8988062364204951e-01
-3.6199949718180097e-01
-3.3860337943577584e-01
-3.2162030105905831e-01
-3.1024367079594656e-01
-3.0259413885840286e-01
-2.9720691828529627e-01
-2.9312422740359534e-01
-2.8977537419033578e-01
-2.8683106345870957e-01
-2.8409462783453926e-01
-2.8144013891295877e-01
-2.7882256264594524e-01
-2.7619891107810290e-01
-2.7353349967273860e-01
-2.7082228888311627e-01
-2.6806277609060031e-01
-2.6524649666952144e-01
-2.6236827693799913e-01
-2.5943068533179875e-01
-2.5644199124269151e-01
-2.5339606810840359e-01
-2.5029244113057209e-01
-2.4712757097747204e-01
-2.4390871039929857e-01
-2.4063443461758297e-01
-2.3729963549263788e-01
-2.3390189593001029e-01
-2.3043712152971291e-01
-2.2691459250539076e-01
-2.2332395331658861e-01
-2.1965624999679095e-01
-2.1590903490288832e-01
-2.1207909156702517e-01
-2.0815211945531698e-01
-2.0412112674991731e-01
-1.9997626722329148e-01
-1.9569883274709668e-01
-1.9128172832041240e-01
0.0000000000000000e+00
4.7184105059274123e-01
3.6162305220903669e-02
1.1965290971800648e+01
];
