%Vec Object:sol 1 MPI processes
%  type: mpi
sol = [
0.0000000000000000e+00
-1.0048370685973607e+00
-9.8720608404042132e-01
-9.6986114958549141e-01
-9.5328721871267008e-01
-9.3729110364476131e-01
-9.2165728284333770e-01
-9.0673167905096830e-01
-8.9206430682905391e-01
-8.7799733399448932e-01
-8.6428888244179403e-01
-8.5091827282844179e-01
-8.3802704673880013e-01
-8.2540094236347228e-01
-8.1321222635630952e-01
-8.0125465538961771e-01
-7.8962448141305930e-01
-7.7831288377456553e-01
-7.6725673476216782e-01
-7.5650479097390677e-01
-7.4592294966692119e-01
-7.3564377454518937e-01
-7.2558011219199581e-01
-7.1572000884155962e-01
-7.0611465520295613e-01
-6.9662945476940275e-01
-6.8740808049260871e-01
-6.7834767676216379e-01
-6.6941040751073955e-01
-6.6072805515630739e-01
-6.5212686013747911e-01
-6.4369804727354274e-01
-6.3548169838944435e-01
-6.2728812009598611e-01
-6.1929785495553236e-01
-6.1145609988541338e-01
-6.0365546618597721e-01
-5.9604494569830591e-01
-5.8852633594024983e-01
-5.8107764253670047e-01
-5.7379540972733667e-01
-5.6656576272295200e-01
-5.5942128729581253e-01
-5.5242283551770321e-01
-5.4545190351327943e-01
-5.3857039295072695e-01
-5.3181721091095735e-01
-5.2507809440535647e-01
-5.1842363549686599e-01
-5.1187828956301851e-01
-5.0534710344676015e-01
-4.9889296077771972e-01
-4.9253056883529711e-01
-4.8617751355734778e-01
-4.7990029252932503e-01
-4.7369819544835257e-01
-4.6750051433633966e-01
-4.6137613345452455e-01
-4.5530834497563100e-01
-4.4925284741067922e-01
-4.4325471365026359e-01
-4.3730923647096676e-01
-4.3138225975258437e-01
-4.2549044527068680e-01
-4.1965609206322929e-01
-4.1384721051300077e-01
-4.0804993073418777e-01
-4.0230662416459007e-01
-3.9660869876916904e-01
-3.9090844015602533e-01
-3.8524887033881750e-01
-3.7963821024757688e-01
-3.7405640800370943e-01
-3.6848214893132747e-01
-3.6295724931733880e-01
-3.5748138430703869e-01
-3.5202667346234878e-01
-3.4660048489462275e-01
-3.4122908927164475e-01
-3.3591470270396506e-01
-3.3063336073618521e-01
-3.2540110476041606e-01
-3.2024302600464938e-01
-3.1516781851940467e-01
-3.1016914007196450e-01
-3.0526188466797810e-01
-3.0048813805836366e-01
-2.9587284120093427e-01
-2.9143782199607621e-01
-2.8719370136162831e-01
-2.8318811226585383e-01
-2.7943376481930976e-01
-2.7592099496821032e-01
-2.7260062886727104e-01
-2.6942142221452764e-01
-2.6633445483427759e-01
-2.6328440462593944e-01
-2.6024835164168625e-01
-2.5723549416577612e-01
0.0000000000000000e+00
4.5458429409479900e-01
3.6295210385578758e-02
1.4534768391059000e+01
];
