%Vec Object:sol 1 MPI processes
%  type: mpi
sol = [
0.0000000000000000e+00
-1.0020325853511292e+00
-9.8444991095059975e-01
-9.6724523516067884e-01
-9.5071254112418513e-01
-9.3484674260305622e-01
-9.1924840014702847e-01
-9.0443961578733556e-01
-8.8980691836766068e-01
-8.7576837151991771e-01
-8.6217193542415382e-01
-8.4882625637597264e-01
-8.3604109657013459e-01
-8.2343664910370473e-01
-8.1126950949596088e-01
-7.9941152210114785e-01
-7.8780070376042599e-01
-7.7658428333872143e-01
-7.6554562448515440e-01
-7.5481173563714565e-01
-7.4432078050087380e-01
-7.3405857702614086e-01
-7.2408281602033508e-01
-7.1423911748667579e-01
-7.0465111508435174e-01
-6.9525139327316976e-01
-6.8604732792072509e-01
-6.7704566106443143e-01
-6.6815043978324817e-01
-6.5948609863826024e-01
-6.5096652767498242e-01
-6.4255671833204064e-01
-6.3436073493282241e-01
-6.2624867060797706e-01
-6.1828016250422979e-01
-6.1049367399331034e-01
-6.0274169935706290e-01
-5.9515536579457751e-01
-5.8771783710468650e-01
-5.8029550839368482e-01
-5.7304145936906781e-01
-5.6589467139901151e-01
-5.5878097894110879e-01
-5.5181530398856193e-01
-5.4492964065273253e-01
-5.3808384862386449e-01
-5.3136849666300878e-01
-5.2471760205581675e-01
-5.1810440656572343e-01
-5.1160637700907607e-01
-5.0516283334590262e-01
-4.9875579703924255e-01
-4.9244661102206772e-01
-4.8618596831662469e-01
-4.7996286392442694e-01
-4.7381808966373801e-01
-4.6772241293991901e-01
-4.6166118795605643e-01
-4.5566027204731352e-01
-4.4971460829363646e-01
-4.4379042610067265e-01
-4.3792330298650867e-01
-4.3211605056167535e-01
-4.2631111927732385e-01
-4.2056882050162098e-01
-4.1487269648799013e-01
-4.0919636523480812e-01
-4.0356064902899563e-01
-3.9797672981421056e-01
-3.9242882583229477e-01
-3.8689621184795969e-01
-3.8142009825694684e-01
-3.7599241341858475e-01
-3.7058533613977723e-01
-3.6521866038859191e-01
-3.5991043361339220e-01
-3.5465514258915737e-01
-3.4941931592162850e-01
-3.4424471100854664e-01
-3.3913810814032408e-01
-3.3409865457184823e-01
-3.2909496760294510e-01
-3.2417570728216011e-01
-3.1934832499711457e-01
-3.1462149652855964e-01
-3.0997374804128286e-01
-3.0545692290524346e-01
-3.0109473632098777e-01
-2.9691241876819308e-01
-2.9291858665227100e-01
-2.8915432655809886e-01
-2.8565997909935981e-01
-2.8245186789895249e-01
-2.7952291624003855e-01
-2.7682064545547896e-01
-2.7431266340930704e-01
-2.7191547285797313e-01
-2.6954542329134135e-01
-2.6713842115892106e-01
0.0000000000000000e+00
4.5379078181605681e-01
3.6295210385578758e-02
1.4534768391059000e+01
];
