%Vec Object:sol 1 MPI processes
%  type: mpi
sol = [
0.0000000000000000e+00
-9.3997030375294610e-01
-9.2470145000001003e-01
-9.0977846239819360e-01
-8.9552581691344801e-01
-8.8168626442554032e-01
-8.6817589973871334e-01
-8.5534963935637953e-01
-8.4262613690051080e-01
-8.3042255248021712e-01
-8.1869115223548350e-01
-8.0705144774470428e-01
-7.9594660686277185e-01
-7.8508551896420431e-01
-7.7445898343346198e-01
-7.6428924903135220e-01
-7.5420202731983155e-01
-7.4444267386045671e-01
-7.3505784966803445e-01
-7.2568219637095144e-01
-7.1667174831450919e-01
-7.0791524332677669e-01
-6.9923260523719133e-01
-6.9087546895594498e-01
-6.8268056467268912e-01
-6.7461055671014425e-01
-6.6682744739666522e-01
-6.5914206941154652e-01
-6.5161239663896042e-01
-6.4432731740105409e-01
-6.3711682963187277e-01
-6.3006747708878885e-01
-6.2322840921385803e-01
-6.1645115763240699e-01
-6.0983198662289928e-01
-6.0339801906701296e-01
-5.9701542729585599e-01
-5.9078437806070727e-01
-5.8472050562069156e-01
-5.7869992327507691e-01
-5.7282153264146296e-01
-5.6709774308214500e-01
-5.6141150301541620e-01
-5.5585589103617072e-01
-5.5044655445439283e-01
-5.4507123267362434e-01
-5.3981323761254785e-01
-5.3469652722335625e-01
-5.2961232265941760e-01
-5.2463081281612223e-01
-5.1978413018836600e-01
-5.1497853805377558e-01
-5.1025589059606991e-01
-5.0565952671299230e-01
-5.0112282211507309e-01
-4.9664440403785248e-01
-4.9228501923597112e-01
-4.8800604793379437e-01
-4.8375986182910385e-01
-4.7962659911442340e-01
-4.7558935231385185e-01
-4.7157266243409968e-01
-4.6765688101615210e-01
-4.6384546687731831e-01
-4.6005875399791674e-01
-4.5635319601987573e-01
-4.5274817228755065e-01
-4.4918859887428869e-01
-4.4569835141124159e-01
-4.4229524809122200e-01
-4.3895696008275648e-01
-4.3567332316455265e-01
-4.3247529666773943e-01
-4.2935529785086329e-01
-4.2626952796496831e-01
-4.2327526815721300e-01
-4.2036361913877518e-01
-4.1748701232315094e-01
-4.1468723178640959e-01
-4.1197592229856089e-01
-4.0932156364123345e-01
-4.0671587769145773e-01
-4.0419762071665882e-01
-4.0176331553896605e-01
-3.9935989979992426e-01
-3.9703495638047065e-01
-3.9479551490238751e-01
-3.9260737188273609e-01
-3.9048435291898209e-01
-3.8844083921777817e-01
-3.8646848193683292e-01
-3.8453921008525693e-01
-3.8269386836424835e-01
-3.8093178619416995e-01
-3.7921124410418600e-01
-3.7756151911684493e-01
-3.7599699448820989e-01
-3.7450650048781431e-01
-3.7307399065376923e-01
0.0000000000000000e+00
4.3506896922021460e-01
3.6295210385578758e-02
1.4534768391059000e+01
];
