%Vec Object:sol 1 MPI processes
%  type: mpi
sol = [
0.0000000000000000e+00
-9.6380807579339722e-01
-9.4757742948928925e-01
-9.3176968692985596e-01
-9.1645661453542793e-01
-9.0192041813688351e-01
-8.8743239505564231e-01
-8.7367150858921228e-01
-8.6028182177922929e-01
-8.4720379350385500e-01
-8.3473437933162342e-01
-8.2234799712628648e-01
-8.1045261684463743e-01
-7.9894553950943181e-01
-7.8757154424011466e-01
-7.7667724325523557e-01
-7.6595891154513063e-01
-7.5550890989180053e-01
-7.4545004700281803e-01
-7.3545430091396080e-01
-7.2579697493671314e-01
-7.1641648256403168e-01
-7.0711033124944178e-01
-6.9813976735138306e-01
-6.8932768969531322e-01
-6.8066237713305133e-01
-6.7229076415922528e-01
-6.6399246309870441e-01
-6.5588811122614199e-01
-6.4803239233207910e-01
-6.4021134834701143e-01
-6.3260187620500308e-01
-6.2520457815577724e-01
-6.1781756969379276e-01
-6.1064786101245061e-01
-6.0364436650400000e-01
-5.9667130904538834e-01
-5.8989570027526728e-01
-5.8325339579291802e-01
-5.7665455619550843e-01
-5.7023412025277453e-01
-5.6392685709823576e-01
-5.5766688176042523e-01
-5.5156928833960828e-01
-5.4557497782044873e-01
-5.3962456928608116e-01
-5.3382307187635980e-01
-5.2812323526408067e-01
-5.2245831462602932e-01
-5.1693104753910102e-01
-5.1150646891818985e-01
-5.0611168775303927e-01
-5.0084117762347369e-01
-4.9567574859010177e-01
-4.9053989591436475e-01
-4.8551255769954837e-01
-4.8059685324567364e-01
-4.7570871469747922e-01
-4.7091456739011067e-01
-4.6623124742097677e-01
-4.6158658816546289e-01
-4.5702517285603739e-01
-4.5256395298132585e-01
-4.4816040358617043e-01
-4.4383198437006993e-01
-4.3959061019275164e-01
-4.3542781457460722e-01
-4.3132170180864121e-01
-4.2731064639603228e-01
-4.2339070416376856e-01
-4.1950753689076570e-01
-4.1572516896490086e-01
-4.1203493500674171e-01
-4.0840298313609169e-01
-4.0484852902685087e-01
-4.0139477040923394e-01
-3.9802586209546414e-01
-3.9470719579556707e-01
-3.9149101855658069e-01
-3.8837706415701018e-01
-3.8532729561080181e-01
-3.8235846068618623e-01
-3.7949448637249494e-01
-3.7673091822286681e-01
-3.7402827550752615e-01
-3.7142584057721961e-01
-3.6893152410419916e-01
-3.6652331273314409e-01
-3.6420214011808849e-01
-3.6198764723452209e-01
-3.5988292480476963e-01
-3.5785572160538032e-01
-3.5593979845716123e-01
-3.5414558559619408e-01
-3.5246747738971790e-01
-3.5089563131874485e-01
-3.4948457640262620e-01
-3.4826530361669300e-01
-3.4726675328483975e-01
0.0000000000000000e+00
4.4245305110693189e-01
3.6295210385578758e-02
1.4534768391059000e+01
];
