%Vec Object:sol 1 MPI processes
%  type: mpi
sol = [
0.0000000000000000e+00
-1.4265559258198763e+00
-1.3916117086570541e+00
-1.3581888586531656e+00
-1.3259976019012725e+00
-1.2951785624143863e+00
-1.2654292487939911e+00
-1.2368044365324664e+00
-1.2091466214346334e+00
-1.1825431115380356e+00
-1.1567647501044815e+00
-1.1317157910246833e+00
-1.1076111487340352e+00
-1.0840891887041015e+00
-1.0613152411868647e+00
-1.0392141027716542e+00
-1.0176131800791264e+00
-9.9670790021880251e-01
-9.7623799722334836e-01
-9.5628336655752300e-01
-9.3682225360340277e-01
-9.1779628760906129e-01
-8.9920584999750186e-01
-8.8099303317652078e-01
-8.6319244896571712e-01
-8.4565680839596735e-01
-8.2857504006451621e-01
-8.1168455765570835e-01
-7.9516118384602852e-01
-7.7892001611886241e-01
-7.6289529500642494e-01
-7.4715647189237377e-01
-7.3164355817314353e-01
-7.1633060909437329e-01
-7.0123479109297271e-01
-6.8633908111581587e-01
-6.7157165773948169e-01
-6.5684183049085909e-01
-6.4110210880954066e-01
-6.1839465437664998e-01
-5.7059738517884673e-01
-4.9641952011548618e-01
-4.2979752216689571e-01
-3.8953254276400345e-01
-3.7020359006197123e-01
-3.6095704232078923e-01
-3.5591631380813060e-01
-3.5252411938699063e-01
-3.4969497847308534e-01
-3.4701538298779305e-01
-3.4429834351791166e-01
-3.4146691779831972e-01
-3.3851332665436273e-01
-3.3542420021811792e-01
-3.3220191410949945e-01
-3.2886212298760986e-01
-3.2541647529916601e-01
-3.2186482436873648e-01
-3.1822267176848318e-01
-3.1450991770112124e-01
-3.1072090770909666e-01
-3.0688532480303354e-01
-3.0300363721726808e-01
-2.9907873751992770e-01
-2.9507381389181864e-01
-2.9103881701720941e-01
-2.8698469066936189e-01
-2.8290839645190247e-01
-2.7881991193401418e-01
-2.7473104698757805e-01
-2.7064325574920300e-01
-2.6655038719362573e-01
-2.6247812616057270e-01
-2.5842514882692141e-01
-2.5438031632288316e-01
-2.5035447770643904e-01
-2.4635535275250159e-01
-2.4238008969892644e-01
-2.3842543562543153e-01
-2.3449406393009481e-01
-2.3059654780666608e-01
-2.2672642005819563e-01
-2.2288186684729785e-01
-2.1905793913777108e-01
-2.1526172562572193e-01
-2.1149073207875838e-01
-2.0773885346864360e-01
-2.0400231819886069e-01
-2.0027516829874367e-01
-1.9656570221408012e-01
-1.9286236898640449e-01
-1.8915817504764929e-01
-1.8544874619244198e-01
-1.8173086598544219e-01
-1.7799037779927762e-01
-1.7421930607632366e-01
-1.7041133248893711e-01
-1.6654984792107744e-01
-1.6262905830456215e-01
0.0000000000000000e+00
4.8678502914441701e-01
3.5845912960419897e-02
8.1422347179740164e+00
];
