%Vec Object:sol 1 MPI processes
%  type: mpi
sol = [
0.0000000000000000e+00
-9.6063274081202366e-01
-9.4447530766321164e-01
-9.2885526713403876e-01
-9.1361057872063245e-01
-8.9914169588573256e-01
-8.8483126757022668e-01
-8.7113362790237481e-01
-8.5791375210651299e-01
-8.4489550941291724e-01
-8.3248554905275329e-01
-8.2026099212751291e-01
-8.0842232962256122e-01
-7.9702498398951160e-01
-7.8575084627457192e-01
-7.7491014667269320e-01
-7.6433990772147842e-01
-7.5394169832428071e-01
-7.4393512802624895e-01
-7.3408191444923843e-01
-7.2447547305669246e-01
-7.1517332121338284e-01
-7.0597676776024432e-01
-6.9705601733248812e-01
-6.8837602200637971e-01
-6.7976075906995004e-01
-6.7143920583835026e-01
-6.6327032185653023e-01
-6.5521594007335737e-01
-6.4741136097433560e-01
-6.3971694087455711e-01
-6.3215870831081544e-01
-6.2481390213911858e-01
-6.1755112456366079e-01
-6.1043431956818350e-01
-6.0350428067511963e-01
-5.9663367564635084e-01
-5.8991254607873023e-01
-5.8335895963942586e-01
-5.7684744800849030e-01
-5.7048375991103628e-01
-5.6427414880171256e-01
-5.5809402716394940e-01
-5.5205589108910125e-01
-5.4616287079267667e-01
-5.4029105272004985e-01
-5.3455200522756097e-01
-5.2895267007772251e-01
-5.2337009531269985e-01
-5.1790839632091723e-01
-5.1257978185920638e-01
-5.0727510334783732e-01
-5.0207323838337681e-01
-4.9699602023859096e-01
-4.9196116197399575e-01
-4.8700534666884587e-01
-4.8216731442043115e-01
-4.7739344968950659e-01
-4.7267336134495358e-01
-4.6806562872807467e-01
-4.6353978617297348e-01
-4.5905510524171089e-01
-4.5467191161072595e-01
-4.5038668216783834e-01
-4.4613703219221562e-01
-4.4197539905960087e-01
-4.3791661729955428e-01
-4.3390318343884066e-01
-4.2997217954103606e-01
-4.2613275166081777e-01
-4.2236297857071609e-01
-4.1865981208140002e-01
-4.1504880875523392e-01
-4.1152641582496069e-01
-4.0804926256853696e-01
-4.0467231556657252e-01
-4.0138786315111058e-01
-3.9816240458603569e-01
-3.9501824777658312e-01
-3.9197490420651865e-01
-3.8901894733652415e-01
-3.8611561326968974e-01
-3.8331495318559672e-01
-3.8061677728041604e-01
-3.7798899289508703e-01
-3.7543976110069527e-01
-3.7299530766900973e-01
-3.7065314674380345e-01
-3.6837281864448373e-01
-3.6619473471939629e-01
-3.6412152257649433e-01
-3.6213733991221314e-01
-3.6023975249677381e-01
-3.5845617390775830e-01
-3.5678617985767636e-01
-3.5520884947672238e-01
-3.5376638613019995e-01
-3.5249098378661797e-01
-3.5141528657657284e-01
0.0000000000000000e+00
4.4148529204081033e-01
3.6295210385578758e-02
1.4534768391059000e+01
];
