%Vec Object:sol 1 MPI processes
%  type: mpi
sol = [
0.0000000000000000e+00
-9.4903974427600635e-01
-9.3319268488488949e-01
-9.1802694797391904e-01
-9.0334920075208036e-01
-8.8915206667871083e-01
-8.7542560268496439e-01
-8.6207775333019554e-01
-8.4915574694642726e-01
-8.3672167024463862e-01
-8.2453743776467037e-01
-8.1271586169509624e-01
-8.0129806442651996e-01
-7.9011169899763767e-01
-7.7931638588862850e-01
-7.6877474469138585e-01
-7.5845772748930040e-01
-7.4853904478782329e-01
-7.3874126393416195e-01
-7.2920632268655150e-01
-7.2000046859423872e-01
-7.1088626327683768e-01
-7.0205671895221289e-01
-6.9346556504107648e-01
-6.8497268534162670e-01
-6.7675896006037173e-01
-6.6871484538529846e-01
-6.6077567716920960e-01
-6.5310401417925779e-01
-6.4554014932997517e-01
-6.3810767946451641e-01
-6.3091691632644908e-01
-6.2378882120518819e-01
-6.1681134882686528e-01
-6.1005045614058717e-01
-6.0332330628987196e-01
-5.9675412179857834e-01
-5.9037837411546379e-01
-5.8402471821168955e-01
-5.7782530894582718e-01
-5.7179612676659008e-01
-5.6579328550389385e-01
-5.5993075003479598e-01
-5.5422277780870099e-01
-5.4854364484078155e-01
-5.4299053225554372e-01
-5.3758257371246609e-01
-5.3220437726964542e-01
-5.2693800861909512e-01
-5.2181062425531621e-01
-5.1671178886275027e-01
-5.1171706084629243e-01
-5.0684807556542810e-01
-5.0201595983920699e-01
-4.9728166556207565e-01
-4.9265718385341928e-01
-4.8808051312234402e-01
-4.8359471828764700e-01
-4.7920378228223459e-01
-4.7487386392021769e-01
-4.7062046984123312e-01
-4.6646161435560241e-01
-4.6237193079573258e-01
-4.5834014240283016e-01
-4.5441121224637049e-01
-4.5055712733355047e-01
-4.4674227324163790e-01
-4.4302899290148795e-01
-4.3940869746896638e-01
-4.3581665626441946e-01
-4.3231476453169421e-01
-4.2891017349468091e-01
-4.2555745285751179e-01
-4.2226642113877161e-01
-4.1907136687332441e-01
-4.1595872517973576e-01
-4.1288423501873456e-01
-4.0989990079577249e-01
-4.0700944219048768e-01
-4.0416563467746963e-01
-4.0139942795580796e-01
-3.9872112026055445e-01
-3.9611495641227201e-01
-3.9356809321367531e-01
-3.9111277007282425e-01
-3.8874229421215584e-01
-3.8641673908641899e-01
-3.8418012196328016e-01
-3.8203590159882278e-01
-3.7995749847708954e-01
-3.7794135233532916e-01
-3.7601810176085271e-01
-3.7418745516223367e-01
-3.7240625474974981e-01
-3.7071093195508559e-01
-3.6911129897203632e-01
-3.6759400828341005e-01
-3.6615804656069556e-01
-3.6484351791659086e-01
0.0000000000000000e+00
4.3783048006374142e-01
3.6295210385578758e-02
1.4534768391059000e+01
];
