%Vec Object:sol 1 MPI processes
%  type: mpi
sol = [
0.0000000000000000e+00
-1.0698654799813578e+00
-1.0506142221994768e+00
-1.0317292130631479e+00
-1.0137270384348520e+00
-9.9617038663794388e-01
-9.7921607277537237e-01
-9.6275710542964610e-01
-9.4686840763043145e-01
-9.3137071171915253e-01
-9.1644385490194136e-01
-9.0180706842012448e-01
-8.8761354388663827e-01
-8.7387505030686297e-01
-8.6033831891867263e-01
-8.4735981579839170e-01
-8.3445968125956260e-01
-8.2202716676129528e-01
-8.0983975091739402e-01
-7.9789923475374769e-01
-7.8628182952540659e-01
-7.7486101394238349e-01
-7.6374049424422163e-01
-7.5277817366312705e-01
-7.4208985606624334e-01
-7.3154167157920869e-01
-7.2126829031603912e-01
-7.1112594989094280e-01
-7.0115849950092379e-01
-6.9145731868280724e-01
-6.8176727765229861e-01
-6.7233831506375696e-01
-6.6303083904231097e-01
-6.5383534303040336e-01
-6.4484561209095159e-01
-6.3590605333004746e-01
-6.2713172232984848e-01
-6.1846241402793845e-01
-6.0990167534449269e-01
-6.0147550125927551e-01
-5.9309527330917677e-01
-5.8485902827016112e-01
-5.7668688090183029e-01
-5.6859875977320606e-01
-5.6063769706181998e-01
-5.5268473694759312e-01
-5.4484050677605289e-01
-5.3709745086253857e-01
-5.2934591305426815e-01
-5.2170316516834303e-01
-5.1412673427373290e-01
-5.0655883055139495e-01
-4.9907786721383496e-01
-4.9163620758787646e-01
-4.8421760442279405e-01
-4.7686138865918604e-01
-4.6952709239480778e-01
-4.6222163381944964e-01
-4.5495484165765265e-01
-4.4770049850413274e-01
-4.4046583881075463e-01
-4.3325901740511996e-01
-4.2605274847238417e-01
-4.1884112342684193e-01
-4.1164251568123161e-01
-4.0441212041750380e-01
-3.9710458765225698e-01
-3.8971182280620170e-01
-3.8214276170591271e-01
-3.7420710866344070e-01
-3.6564215970812797e-01
-3.5587418075374805e-01
-3.4413437560945404e-01
-3.3018995883058383e-01
-3.1511470724373630e-01
-3.0070605110363657e-01
-2.8807052466019945e-01
-2.7757888311240952e-01
-2.6920523834698984e-01
-2.6250074174888866e-01
-2.5702345386114800e-01
-2.5240182917198845e-01
-2.4836215964318678e-01
-2.4470593823420128e-01
-2.4130052125706308e-01
-2.3804650579348513e-01
-2.3487005302937167e-01
-2.3171992170020322e-01
-2.2855861928236174e-01
-2.2537100555594847e-01
-2.2212924034567499e-01
-2.1881015177912760e-01
-2.1540291496876002e-01
-2.1189758931184841e-01
-2.0827506666516019e-01
-2.0452540399084448e-01
-2.0063441717321581e-01
-1.9658084722385241e-01
-1.9235668306530190e-01
0.0000000000000000e+00
4.6527987364014650e-01
3.6259971245470785e-02
1.3774632124641391e+01
];
