%Vec Object:sol 1 MPI processes
%  type: mpi
sol = [
0.0000000000000000e+00
-1.7850778528816462e+00
-1.6367662800419880e+00
-1.4594412588088546e+00
-1.3067943127374626e+00
-1.2172055292603867e+00
-1.1489729128264070e+00
-1.0927351455499588e+00
-1.0282025744930887e+00
-8.7056828058718150e-01
-1.1559017224923853e+00
-1.2206687116770263e+00
-1.1776306918143793e+00
-1.0800180993448385e+00
-9.4442489101132221e-01
-8.0524693551112525e-01
-6.8307242026945281e-01
-5.8260842642235977e-01
-5.3009143417094629e-01
-5.0229702360225992e-01
-4.8612930388748310e-01
-4.7409524820025767e-01
-4.6460398549851123e-01
-4.5620766050399364e-01
-4.4780944981725596e-01
-4.3916592915427916e-01
-4.3006109244391999e-01
-4.2030522647091489e-01
-4.1028170469769065e-01
-3.9986452908782005e-01
-3.8936899069133390e-01
-3.7883514301242255e-01
-3.6845256450573038e-01
-3.5829984170342372e-01
-3.4841532105703404e-01
-3.3891836566620265e-01
-3.2979296201751179e-01
-3.2106810941277153e-01
-3.1278140718940833e-01
-3.0490596592652164e-01
-2.9743457503842069e-01
-2.9037390361018500e-01
-2.8368209699619423e-01
-2.7736285935687011e-01
-2.7139763040819054e-01
-2.6573343700446228e-01
-2.6038260115225492e-01
-2.5532611942988181e-01
-2.5052138844432387e-01
-2.4595815525476408e-01
-2.4163325824110329e-01
-2.3751417015486520e-01
-2.3359645320203051e-01
-2.2985335468035095e-01
-2.2627133203871269e-01
-2.2285376020244166e-01
-2.1957972845050597e-01
-2.1642836321351025e-01
-2.1339846804527104e-01
-2.1048167568729712e-01
-2.0765498312629815e-01
-2.0493729363513782e-01
-2.0230635598062835e-01
-1.9974694209874022e-01
-1.9725674675630694e-01
-1.9483813889468343e-01
-1.9248242228978957e-01
-1.9017297520406126e-01
-1.8791230305539419e-01
-1.8570069321062832e-01
-1.8352576715809646e-01
-1.8137409217504974e-01
-1.7926485116898816e-01
-1.7718734532534003e-01
-1.7512086285088174e-01
-1.7306978515883378e-01
-1.7103755275818430e-01
-1.6901541166165590e-01
-1.6699280289026397e-01
-1.6496539214613670e-01
-1.6294249150210122e-01
-1.6091224885744745e-01
-1.5886755978511033e-01
-1.5679799316296150e-01
-1.5470867985925987e-01
-1.5259284653054814e-01
-1.5044070748740701e-01
-1.4824401009199550e-01
-1.4599047073343649e-01
-1.4368464347869309e-01
-1.4130892004835849e-01
-1.3885422479655057e-01
-1.3630738486185501e-01
-1.3365748380915754e-01
-1.3087978757234633e-01
-1.2795374111263308e-01
-1.2486230397897524e-01
-1.2157103223012604e-01
-1.1804951824486981e-01
0.0000000000000000e+00
5.7303989999822225e-01
3.4592946003859620e-02
3.2510012185747410e+00
];
