%Vec Object:sol 1 MPI processes
%  type: mpi
sol = [
0.0000000000000000e+00
-9.4261015410461546e-01
-9.2716826547377529e-01
-9.1217429872341227e-01
-8.9785260098930586e-01
-8.8385271954612699e-01
-8.7027897931464426e-01
-8.5730052563842307e-01
-8.4451885191040155e-01
-8.3225795204651920e-01
-8.2038396087638354e-01
-8.0869078267524830e-01
-7.9753313418310412e-01
-7.8653724232132127e-01
-7.7586090359668081e-01
-7.6563158877154325e-01
-7.5542738332894410e-01
-7.4562162894031103e-01
-7.3612159216341155e-01
-7.2669493002645558e-01
-7.1764054843543257e-01
-7.0876755023147486e-01
-7.0004245304272494e-01
-6.9164247050926986e-01
-6.8333554695864962e-01
-6.7522388710562242e-01
-6.6739863991964787e-01
-6.5960523291942541e-01
-6.5203438065277419e-01
-6.4470753776750300e-01
-6.3739264955921471e-01
-6.3030231420199556e-01
-6.2342173863413808e-01
-6.1654382419854104e-01
-6.0988416915054999e-01
-6.0339813167621981e-01
-5.9692954393587261e-01
-5.9065834743069523e-01
-5.8453723774038502e-01
-5.7843926127556466e-01
-5.7252083593144798e-01
-5.6673918294146941e-01
-5.6097915285133315e-01
-5.5538354018977032e-01
-5.4991948298490467e-01
-5.4447000132136603e-01
-5.3917207941298573e-01
-5.3400695359324690e-01
-5.2884511323360217e-01
-5.2382394427677459e-01
-5.1893712545118853e-01
-5.1404859101908651e-01
-5.0928657225375318e-01
-5.0465038316888999e-01
-5.0003331676027651e-01
-4.9551574765338480e-01
-4.9111684788571303e-01
-4.8676019543275578e-01
-4.8247536654812850e-01
-4.7830322650055906e-01
-4.7419123918970346e-01
-4.7013676083318723e-01
-4.6618311819527891e-01
-4.6230477864226965e-01
-4.5847735559170405e-01
-4.5473586839442032e-01
-4.5108587240832376e-01
-4.4746976741024413e-01
-4.4394602380346465e-01
-4.4050983853045483e-01
-4.3711000728420490e-01
-4.3379550044789678e-01
-4.3056725186849321e-01
-4.2739063244464215e-01
-4.2427731209327413e-01
-4.2125635769422159e-01
-4.1830652826037412e-01
-4.1539360220607729e-01
-4.1257174332504126e-01
-4.0983954166307940e-01
-4.0714250166133131e-01
-4.0451965853316790e-01
-4.0198567025093423e-01
-3.9951555234811981e-01
-3.9710053721487920e-01
-3.9476569297943348e-01
-3.9251778173387591e-01
-3.9030447301387078e-01
-3.8817828129587528e-01
-3.8613358074102955e-01
-3.8414390631977985e-01
-3.8221853825314955e-01
-3.8037931297281097e-01
-3.7862127242843585e-01
-3.7690023163008063e-01
-3.7526562567439203e-01
-3.7371972708375667e-01
-3.7223716331496010e-01
-3.7083505154195828e-01
0.0000000000000000e+00
4.3587125749826183e-01
3.6295210385578758e-02
1.4534768391059000e+01
];
