%Vec Object:sol 1 MPI processes
%  type: mpi
sol = [
0.0000000000000000e+00
-1.2908121075238110e+00
-1.2625361555693946e+00
-1.2354989182555605e+00
-1.2093243236955817e+00
-1.1842849334278682e+00
-1.1599742347407636e+00
-1.1365204841565808e+00
-1.1139671172047863e+00
-1.0919125732070312e+00
-1.0708092976993295e+00
-1.0500957334925092e+00
-1.0301294415660385e+00
-1.0107397207221693e+00
-9.9178560768995128e-01
-9.7351825460893093e-01
-9.5551173986766991e-01
-9.3813796318179810e-01
-9.2108079767435136e-01
-9.0446865625313100e-01
-8.8820881560127574e-01
-8.7236919806024260e-01
-8.5679421146261603e-01
-8.4163732773971445e-01
-8.2670776429746951e-01
-8.1210779209882633e-01
-7.9780755796431346e-01
-7.8371653248406214e-01
-7.6989790502549649e-01
-7.5634778470774566e-01
-7.4295787751293862e-01
-7.2983294987619562e-01
-7.1688919260048911e-01
-7.0413743491540481e-01
-6.9155415695987388e-01
-6.7918888408500044e-01
-6.6690585423881676e-01
-6.5486677117166148e-01
-6.4289082038444423e-01
-6.3109330219426707e-01
-6.1940318796535243e-01
-6.0785211082749457e-01
-5.9639518188768237e-01
-5.8503453161387886e-01
-5.7377022844821435e-01
-5.6231958508451485e-01
-5.5012345060623102e-01
-5.3462987889242963e-01
-5.0972282439714089e-01
-4.7033371752585040e-01
-4.2311543851474820e-01
-3.8309059681726043e-01
-3.5693089638856362e-01
-3.4207582830053956e-01
-3.3360968831775545e-01
-3.2836640000264600e-01
-3.2467202099279802e-01
-3.2167788730053248e-01
-3.1897577089848528e-01
-3.1637429046546317e-01
-3.1375922517671662e-01
-3.1110268642315253e-01
-3.0837558275419380e-01
-3.0556480899763394e-01
-3.0267356858196098e-01
-2.9970775097143620e-01
-2.9667324233468662e-01
-2.9356591586889941e-01
-2.9039375571744491e-01
-2.8716855716377671e-01
-2.8389278370515314e-01
-2.8055980127897956e-01
-2.7719554765655796e-01
-2.7379958246092440e-01
-2.7036191108505592e-01
-2.6689428787234198e-01
-2.6340480048631582e-01
-2.5989150605186045e-01
-2.5635273970544875e-01
-2.5279281716728835e-01
-2.4922230991493555e-01
-2.4560236859592266e-01
-2.4195818488190649e-01
-2.3829276170159364e-01
-2.3461416776672714e-01
-2.3092125811151584e-01
-2.2720928159006165e-01
-2.2347591622732030e-01
-2.1971685831465168e-01
-2.1594155295025952e-01
-2.1213981254514133e-01
-2.0830448387906808e-01
-2.0443275931188676e-01
-2.0052206564975372e-01
-1.9655887354226298e-01
-1.9253629363551372e-01
-1.8844704596993739e-01
-1.8427425607672326e-01
-1.8001211724496441e-01
0.0000000000000000e+00
4.7869121828455058e-01
3.6018742034365343e-02
9.9238389205652560e+00
];
