%Vec Object:sol 1 MPI processes
%  type: mpi
sol = [
0.0000000000000000e+00
-1.0133560922254750e+00
-9.9534745260712520e-01
-9.7787194390437127e-01
-9.6112116442390039e-01
-9.4484267785811749e-01
-9.2913084920361866e-01
-9.1386405416407990e-01
-8.9913290637206267e-01
-8.8482556530530254e-01
-8.7098345267098654e-01
-8.5753516255306106e-01
-8.4437131746060945e-01
-8.3170144639999433e-01
-8.1925895748172806e-01
-8.0723103419521569e-01
-7.9549537368445844e-01
-7.8397821256377520e-01
-7.7288510716550973e-01
-7.6189375072677956e-01
-7.5125140856794326e-01
-7.4086693758507927e-01
-7.3061444774365936e-01
-7.2071495107168126e-01
-7.1090072502908297e-01
-7.0133132718563063e-01
-6.9202187997231801e-01
-6.8275715405950343e-01
-6.7377186862234673e-01
-6.6492045258338262e-01
-6.5619003221310013e-01
-6.4770039539656266e-01
-6.3925749960801248e-01
-6.3098972210104576e-01
-6.2287563019577630e-01
-6.1484725508567217e-01
-6.0697654480815977e-01
-5.9919239154844650e-01
-5.9152374180892831e-01
-5.8399421735725343e-01
-5.7650026817293643e-01
-5.6914331386009920e-01
-5.6188178403171218e-01
-5.5466859264668733e-01
-5.4758150620855350e-01
-5.4055264618846266e-01
-5.3358199592483169e-01
-5.2672665966537469e-01
-5.1990135991580455e-01
-5.1313643781115414e-01
-5.0647476025377602e-01
-4.9983095540121636e-01
-4.9323908181976872e-01
-4.8673644289474921e-01
-4.8025444854125865e-01
-4.7380625971191304e-01
-4.6743471593337788e-01
-4.6109299787154079e-01
-4.5476202970640534e-01
-4.4849636574739504e-01
-4.4226835679168264e-01
-4.3603731481040470e-01
-4.2985487467153721e-01
-4.2371873027077961e-01
-4.1756966301517084e-01
-4.1145016553371105e-01
-4.0537207594824715e-01
-3.9929341373423788e-01
-3.9322772209695223e-01
-3.8718683490487982e-01
-3.8116721620206395e-01
-3.7513606279088169e-01
-3.6912477774046432e-01
-3.6313291419648264e-01
-3.5714072183135742e-01
-3.5115016686373129e-01
-3.4517459064827205e-01
-3.3921574563682555e-01
-3.3325268657751378e-01
-3.2730309496130583e-01
-3.2137997799870188e-01
-3.1549171732402770e-01
-3.0963656368885173e-01
-3.0384081054386403e-01
-2.9813700208610833e-01
-2.9253995870377247e-01
-2.8705936673853644e-01
-2.8167452740163451e-01
-2.7636538977989267e-01
-2.7106917416245513e-01
-2.6572044144010498e-01
-2.6026628170458127e-01
-2.5471893049804012e-01
-2.4915161701339217e-01
-2.4366819163402728e-01
-2.3839601076217209e-01
-2.3343635441149069e-01
-2.2887083456907292e-01
-2.2476428323391057e-01
0.0000000000000000e+00
4.5698745725555506e-01
3.6295210385578758e-02
1.4534768391059000e+01
];
