%Vec Object:sol 1 MPI processes
%  type: mpi
sol = [
0.0000000000000000e+00
-1.3119628974455939e+00
-1.2827387058167254e+00
-1.2546871688434829e+00
-1.2277312997793519e+00
-1.2017630672988688e+00
-1.1766947036696276e+00
-1.1524463950852166e+00
-1.1290713068609182e+00
-1.1064231356746048e+00
-1.0845567273191687e+00
-1.0633028409669614e+00
-1.0426216076646675e+00
-1.0226706264782770e+00
-1.0031138697530957e+00
-9.8424617282135574e-01
-9.6575568737126305e-01
-9.4777001537222438e-01
-9.3030567647228901e-01
-9.1311049864291338e-01
-8.9646649891474894e-01
-8.8006994189908216e-01
-8.6412514173655730e-01
-8.4844005010385781e-01
-8.3313465857040192e-01
-8.1805088938426962e-01
-8.0337744616342111e-01
-7.8883305226711353e-01
-7.7464971644585612e-01
-7.6066545253810580e-01
-7.4692494571223444e-01
-7.3337440547934507e-01
-7.2009924527022051e-01
-7.0692184526317337e-01
-6.9402972965460319e-01
-6.8123177992524975e-01
-6.6865101947565175e-01
-6.5618138022963945e-01
-6.4390601183307872e-01
-6.3171619541177504e-01
-6.1969484719129375e-01
-6.0778877169341838e-01
-5.9595265575830292e-01
-5.8420164099270411e-01
-5.7214064323260505e-01
-5.5857115870726504e-01
-5.3903078412347094e-01
-5.0527030154551777e-01
-4.5676378248257904e-01
-4.0799095243052202e-01
-3.7292554558768848e-01
-3.5255752737639345e-01
-3.4142671060504692e-01
-3.3499405756232969e-01
-3.3078715067422654e-01
-3.2759120472601833e-01
-3.2482391109312297e-01
-3.2219571636041577e-01
-3.1957803348245267e-01
-3.1691929041451428e-01
-3.1417620023883275e-01
-3.1135750120002126e-01
-3.0845308714592123e-01
-3.0545996302429118e-01
-3.0238686752546584e-01
-2.9924299718124070e-01
-2.9603602968014675e-01
-2.9276284196167324e-01
-2.8943229657470321e-01
-2.8605656960558573e-01
-2.8263824528376275e-01
-2.7917095774287176e-01
-2.7568073890096101e-01
-2.7216712258663200e-01
-2.6862000806987446e-01
-2.6505102169964140e-01
-2.6146819004300409e-01
-2.5786019656902331e-01
-2.5420032688236849e-01
-2.5052367949187848e-01
-2.4684136506487522e-01
-2.4314837785035340e-01
-2.3944459157082648e-01
-2.3572660106451257e-01
-2.3200247885689804e-01
-2.2827103237687923e-01
-2.2452743882388063e-01
-2.2076926118099263e-01
-2.1699203251236104e-01
-2.1320509582319166e-01
-2.0939813715654140e-01
-2.0556412640028907e-01
-2.0170007492269176e-01
-1.9780338215814627e-01
-1.9386050380139505e-01
-1.8986444296476698e-01
-1.8580817174999817e-01
-1.8167495794297353e-01
-1.7745908388846834e-01
0.0000000000000000e+00
4.7988100016858432e-01
3.5992834248038973e-02
9.6166322614671280e+00
];
