%Vec Object:sol 1 MPI processes
%  type: mpi
sol = [
0.0000000000000000e+00
-1.0227274552119809e+00
-1.0044172611461100e+00
-9.8692534481912753e-01
-9.6987920518264858e-01
-9.5358544799215561e-01
-9.3766095791059989e-01
-9.2229959103347314e-01
-9.0750192075462055e-01
-8.9295534589139436e-01
-8.7908954740569145e-01
-8.6535916601334673e-01
-8.5216653517881058e-01
-8.3932848408533001e-01
-8.2674019955939171e-01
-8.1466886251633219e-01
-8.0265947489258371e-01
-7.9109952369912306e-01
-7.7979290937721690e-01
-7.6868899486222320e-01
-7.5795093755314735e-01
-7.4733199210939438e-01
-7.3702213329515398e-01
-7.2689942401337415e-01
-7.1696851831790065e-01
-7.0728619454723596e-01
-6.9774571091085191e-01
-6.8840956569276834e-01
-6.7921502423631563e-01
-6.7021924536905797e-01
-6.6138228306311342e-01
-6.5264113808540503e-01
-6.4411392398659151e-01
-6.3566665561235525e-01
-6.2736469688406504e-01
-6.1924313089801197e-01
-6.1113707383025029e-01
-6.0321118687555353e-01
-5.9540290142405894e-01
-5.8763476996739028e-01
-5.8003122678376118e-01
-5.7249299540011322e-01
-5.6502116295483118e-01
-5.5769208804668435e-01
-5.5039217205891855e-01
-5.4317172623136223e-01
-5.3607433401807281e-01
-5.2898519948646439e-01
-5.2197713397538159e-01
-5.1506213691631575e-01
-5.0816534165750549e-01
-5.0133789133025297e-01
-4.9457913615217308e-01
-4.8783742337285690e-01
-4.8116190902175893e-01
-4.7453486584651550e-01
-4.6791730743687715e-01
-4.6136372802601522e-01
-4.5484514902375150e-01
-4.4832304763277725e-01
-4.4185672558645411e-01
-4.3542687605271979e-01
-4.2897649849059771e-01
-4.2256636594872543e-01
-4.1619326925605599e-01
-4.0980129814221344e-01
-4.0342184844271473e-01
-3.9707035134364921e-01
-3.9072379397966667e-01
-3.8435000532066682e-01
-3.7799361554336314e-01
-3.7164965612498851e-01
-3.6527625478540782e-01
-3.5888913233699049e-01
-3.5250459141114204e-01
-3.4611924414038436e-01
-3.3968991318966679e-01
-3.3325648173261407e-01
-3.2683257075183475e-01
-3.2042918164701850e-01
-3.1402482459817732e-01
-3.0765444419328819e-01
-3.0129808100879035e-01
-2.9487564040885672e-01
-2.8823866347853344e-01
-2.8125271863485157e-01
-2.7386087124879077e-01
-2.6612522644708081e-01
-2.5823622961775022e-01
-2.5044344045606964e-01
-2.4299153500865181e-01
-2.3602619364716670e-01
-2.2960953727416741e-01
-2.2368766657252973e-01
-2.1818579759857837e-01
-2.1313459438797377e-01
-2.0846872180330531e-01
-2.0412383150282148e-01
-2.0005654236240838e-01
0.0000000000000000e+00
4.5933670755134010e-01
3.6294009699427553e-02
1.4507812859108029e+01
];
