%Vec Object:sol 1 MPI processes
%  type: mpi
sol = [
0.0000000000000000e+00
-9.2207099627697597e-01
-9.0749014040556675e-01
-8.9352206028653558e-01
-8.7972614183452114e-01
-8.6664049571186053e-01
-8.5388482567422053e-01
-8.4146910509179762e-01
-8.2954005006185316e-01
-8.1793807533039475e-01
-8.0667993997469678e-01
-7.9575543009326200e-01
-7.8513771484254502e-01
-7.7479373452467482e-01
-7.6481638016067299e-01
-7.5504860904514337e-01
-7.4550642038572235e-01
-7.3634235681540816e-01
-7.2729714457064221e-01
-7.1848203517234255e-01
-7.1002263849696357e-01
-7.0159902314800338e-01
-6.9344345965974652e-01
-6.8558383292775982e-01
-6.7773816207803350e-01
-6.7016189588971065e-01
-6.6283303412000538e-01
-6.5550906346057536e-01
-6.4844503456029223e-01
-6.4158193632792637e-01
-6.3473817934343379e-01
-6.2813056472789652e-01
-6.2168977532730529e-01
-6.1527910123826035e-01
-6.0908104273570896e-01
-6.0302834620957291e-01
-5.9700763999408879e-01
-5.9117961890518578e-01
-5.8548523725315060e-01
-5.7981807833626420e-01
-5.7432661888032488e-01
-5.6896461257417685e-01
-5.6362003746517630e-01
-5.5843661755350416e-01
-5.5338435012701859e-01
-5.4833601684491984e-01
-5.4343633292514926e-01
-5.3867403633114552e-01
-5.3389951752010534e-01
-5.2926279834197132e-01
-5.2475751345333266e-01
-5.2025306635526358e-01
-5.1586113483897345e-01
-5.1159206552974335e-01
-5.0734675652471362e-01
-5.0318448435495866e-01
-4.9913763587391846e-01
-4.9513854596417423e-01
-4.9119302430032236e-01
-4.8735647108730135e-01
-4.8358541266904453e-01
-4.7985266430269774e-01
-4.7621629213184036e-01
-4.7265954493875578e-01
-4.6913426567373179e-01
-4.6568948327839560e-01
-4.6233885832300686e-01
-4.5900269603019755e-01
-4.5575273105537528e-01
-4.5258373780182720e-01
-4.4944575237988926e-01
-4.4637920258081293e-01
-4.4339131027584627e-01
-4.4044688045088909e-01
-4.3755246471094922e-01
-4.3474192190505545e-01
-4.3199129805480624e-01
-4.2926498610449620e-01
-4.2662013561401024e-01
-4.2405491152150387e-01
-4.2150491827998798e-01
-4.1902242049360811e-01
-4.1661763792338929e-01
-4.1425372672387994e-01
-4.1193948170696937e-01
-4.0969294119660843e-01
-4.0750711260013572e-01
-4.0535182535181141e-01
-4.0327046731908528e-01
-4.0125688986882535e-01
-3.9926374779629242e-01
-3.9733683673431142e-01
-3.9548154267302171e-01
-3.9366971072438667e-01
-3.9189731980883724e-01
-3.9019449839606385e-01
-3.8855475958024305e-01
-3.8694077637799379e-01
-3.8539682423248989e-01
0.0000000000000000e+00
4.2957179483322233e-01
3.6295210385578758e-02
1.4534768391059000e+01
];
