%Vec Object:sol 1 MPI processes
%  type: mpi
sol = [
0.0000000000000000e+00
-1.0380948876173124e+00
-1.0195980897627515e+00
-1.0017500929663266e+00
-9.8438513218182822e-01
-9.6787537457458761e-01
-9.5151255703546644e-01
-9.3598399907225704e-01
-9.2071786324873128e-01
-9.0600827672780071e-01
-8.9177165712287698e-01
-8.7779488524397320e-01
-8.6435766876562292e-01
-8.5115982600911222e-01
-8.3841621688146761e-01
-8.2590604588781047e-01
-8.1374285517989975e-01
-8.0186125098919192e-01
-7.9029216516520773e-01
-7.7897836382758590e-01
-7.6787340684689531e-01
-7.5710236744674131e-01
-7.4644262479781920e-01
-7.3610029310951230e-01
-7.2592749519638611e-01
-7.1592341085841260e-01
-7.0622955597353043e-01
-6.9654687891758826e-01
-6.8713893141593296e-01
-6.7789955226316922e-01
-6.6875127432957482e-01
-6.5985261694836472e-01
-6.5100354624821133e-01
-6.4232417162270727e-01
-6.3379607872082167e-01
-6.2535911519012566e-01
-6.1708064201890789e-01
-6.0887092359931583e-01
-6.0079540590277447e-01
-5.9283220628208533e-01
-5.8492826682791721e-01
-5.7716400174747573e-01
-5.6945435698708669e-01
-5.6183164852576351e-01
-5.5433310734628927e-01
-5.4684353398117924e-01
-5.3945744004834273e-01
-5.3218129422242710e-01
-5.2488482272892645e-01
-5.1769622990033537e-01
-5.1058961230397426e-01
-5.0347470570957775e-01
-4.9644714499437864e-01
-4.8947996285483580e-01
-4.8251551785857449e-01
-4.7561518126959501e-01
-4.6876205360688061e-01
-4.6191532884211367e-01
-4.5511037286539147e-01
-4.4834647840269143e-01
-4.4157951793019379e-01
-4.3484594877624921e-01
-4.2814651556619271e-01
-4.2142515777896700e-01
-4.1473614997534941e-01
-4.0806034077220843e-01
-4.0136795535202607e-01
-3.9468093073987293e-01
-3.8800192163535741e-01
-3.8130749661665136e-01
-3.7458075805461660e-01
-3.6784856123641130e-01
-3.6109553950006906e-01
-3.5428833737366822e-01
-3.4744339182164963e-01
-3.4056429389835863e-01
-3.3361145512083662e-01
-3.2645585057729615e-01
-3.1889914345771647e-01
-3.1061041051099236e-01
-3.0134538865428734e-01
-2.9120162090407509e-01
-2.8071416237983604e-01
-2.7055191668616735e-01
-2.6122995774518515e-01
-2.5280335235232798e-01
-2.4535020804797561e-01
-2.3883753033504440e-01
-2.3309205731389365e-01
-2.2795354645689869e-01
-2.2326619838603995e-01
-2.1889856211724887e-01
-2.1475489594121169e-01
-2.1075951965686726e-01
-2.0684299577946391e-01
-2.0295765387171188e-01
-1.9906040027104846e-01
-1.9511009045301961e-01
-1.9108579073644644e-01
0.0000000000000000e+00
4.6188361671852535e-01
3.6285575428387673e-02
1.4320612128865672e+01
];
