%Vec Object:sol 1 MPI processes
%  type: mpi
sol = [
0.0000000000000000e+00
-1.0308218914639520e+00
-1.0124370987211344e+00
-9.9482972774297673e-01
-9.7757014853445590e-01
-9.6120390094153418e-01
-9.4502903348675771e-01
-9.2959558654664121e-01
-9.1455253025307948e-01
-8.9993386763519989e-01
-8.8591340518569517e-01
-8.7202421570600053e-01
-8.5875970268162893e-01
-8.4568371984651114e-01
-8.3302292190638783e-01
-8.2071751012061400e-01
-8.0863512090306611e-01
-7.9695407772004256e-01
-7.8546372506235074e-01
-7.7428542077388995e-01
-7.6331929347778005e-01
-7.5262547316762463e-01
-7.4215797480462031e-01
-7.3189200485474970e-01
-7.2188420464847269e-01
-7.1197935910624377e-01
-7.0236125865878873e-01
-6.9286381734362745e-01
-6.8353167919504254e-01
-6.7445589779250203e-01
-6.6540122860208639e-01
-6.5657850490112557e-01
-6.4790834816334064e-01
-6.3930538909477697e-01
-6.3091892136725569e-01
-6.2259308470912555e-01
-6.1439192431596590e-01
-6.0635621351211744e-01
-5.9835880245630269e-01
-5.9050141451720950e-01
-5.8274299148130904e-01
-5.7505850586801277e-01
-5.6749348928330101e-01
-5.5997696123001206e-01
-5.5256026053034701e-01
-5.4523960752061718e-01
-5.3793700548048928e-01
-5.3074843994503174e-01
-5.2361743594078491e-01
-5.1651514553912115e-01
-5.0951365434806450e-01
-5.0254886582619551e-01
-4.9561095953692025e-01
-4.8875849112791225e-01
-4.8193801971751538e-01
-4.7513133286453552e-01
-4.6839592628003113e-01
-4.6169507557299827e-01
-4.5498854147682627e-01
-4.4834005465210897e-01
-4.4172796945716708e-01
-4.3509855983449519e-01
-4.2850811090435781e-01
-4.2195701281785586e-01
-4.1537930246067961e-01
-4.0881840611365294e-01
-4.0228484884786320e-01
-3.9573828975262454e-01
-3.8918612730070445e-01
-3.8263947279314353e-01
-3.7609388925484982e-01
-3.6951259296123484e-01
-3.6292350623096248e-01
-3.5632328571558936e-01
-3.4969337127189942e-01
-3.4303322295687105e-01
-3.3636120775531309e-01
-3.2968367044333213e-01
-3.2297513394881577e-01
-3.1618826629011632e-01
-3.0919525322610109e-01
-3.0176901638402381e-01
-2.9368297457693393e-01
-2.8488708069550395e-01
-2.7563213035136325e-01
-2.6634511529925053e-01
-2.5746362888329771e-01
-2.4926809069918118e-01
-2.4178434921431338e-01
-2.3498758468040370e-01
-2.2889606687820627e-01
-2.2338749090272886e-01
-2.1834408404577446e-01
-2.1365972589848672e-01
-2.0923870974855144e-01
-2.0500765213191049e-01
-2.0090211712431866e-01
-1.9686620221281442e-01
-1.9286757440226918e-01
0.0000000000000000e+00
4.6081467823694855e-01
3.6290187881914175e-02
1.4422522564247782e+01
];
