%Vec Object:sol 1 MPI processes
%  type: mpi
sol = [
0.0000000000000000e+00
-9.4084238173174606e-01
-9.2551637391859642e-01
-9.1056992880392296e-01
-8.9629446540300173e-01
-8.8240193926218713e-01
-8.6887064137498926e-01
-8.5599410010755883e-01
-8.4325139603419619e-01
-8.3102889839350036e-01
-8.1925040717477227e-01
-8.0759306611197312e-01
-7.9647080701243855e-01
-7.8556518629921124e-01
-7.7492220829563763e-01
-7.6473610129964043e-01
-7.5460654152256579e-01
-7.4483153132342139e-01
-7.3541310540124039e-01
-7.2601585930084811e-01
-7.1699102040698959e-01
-7.0819608885380669e-01
-6.9949949289041335e-01
-6.9112825346697748e-01
-6.8289638053944945e-01
-6.7481265362924903e-01
-6.6701566940230095e-01
-6.5929464554594486e-01
-6.5175144643481830e-01
-6.4445267133794715e-01
-6.3720778506946807e-01
-6.3014504869866361e-01
-6.2329241617788267e-01
-6.1648195195547817e-01
-6.0984949791049170e-01
-6.0340206608671576e-01
-5.9698737716329653e-01
-5.9074312768042647e-01
-5.8466588055667601e-01
-5.7861425608253270e-01
-5.7272274450790739e-01
-5.6698566796090943e-01
-5.6126939619654037e-01
-5.5570074119312407e-01
-5.5027820190571886e-01
-5.4487381384655376e-01
-5.3960284945747272e-01
-5.3447301460546748e-01
-5.2936066576257201e-01
-5.2436625909882684e-01
-5.1950653184324225e-01
-5.1467368502344735e-01
-5.0993822736616756e-01
-5.0532892035471255e-01
-5.0076585299376097e-01
-4.9627475180736741e-01
-4.9190257640401869e-01
-4.8759819517931186e-01
-4.8333951799526670e-01
-4.7919368464926188e-01
-4.7513196474348168e-01
-4.7110304813201964e-01
-4.6717500179904903e-01
-4.6334473334946075e-01
-4.5954198307961014e-01
-4.5582506251872829e-01
-4.5220871459710182e-01
-4.4862766690031314e-01
-4.4512667676887230e-01
-4.4171296454514908e-01
-4.3835461843129764e-01
-4.3506111271621845e-01
-4.3185344273467180e-01
-4.2871503024371099e-01
-4.2562052941153855e-01
-4.2261783748686177e-01
-4.1969809575395112e-01
-4.1680556521208872e-01
-4.1399879774357323e-01
-4.1128090487822683e-01
-4.0861271475487354e-01
-4.0600169471230430e-01
-4.0347857793240588e-01
-4.0103270255005524e-01
-3.9862578678392896e-01
-3.9629789772593443e-01
-3.9405607841011159e-01
-3.9185964306301585e-01
-3.8973576964825535e-01
-3.8769204725717138e-01
-3.8571406659383839e-01
-3.8378624396243610e-01
-3.8194306864493971e-01
-3.8018391558181025e-01
-3.7846166813113102e-01
-3.7681692049870735e-01
-3.7525847929965689e-01
-3.7377037380959988e-01
-3.7234760918133564e-01
0.0000000000000000e+00
4.3533399143386275e-01
3.6295210385578758e-02
1.4534768391059000e+01
];
