%Vec Object:sol 1 MPI processes
%  type: mpi
sol = [
0.0000000000000000e+00
-9.3166736270287731e-01
-9.1682670269336586e-01
-9.0224811540408267e-01
-8.8821385501579109e-01
-8.7487989461410487e-01
-8.6157002312261410e-01
-8.4894030867181169e-01
-8.3668791376975349e-01
-8.2466466100217983e-01
-8.1321130541601094e-01
-8.0191276816287538e-01
-7.9097293307076888e-01
-7.8044771002742830e-01
-7.7006447445394699e-01
-7.6004804282226324e-01
-7.5033579549840468e-01
-7.4074741657964649e-01
-7.3150707228746392e-01
-7.2251247744963032e-01
-7.1363989288856366e-01
-7.0506010701729327e-01
-6.9670204326873542e-01
-6.8847716181583740e-01
-6.8048572142807728e-01
-6.7269228934631708e-01
-6.6503733933780096e-01
-6.5757274660656218e-01
-6.5028422738415281e-01
-6.4312438273709938e-01
-6.3614444918856439e-01
-6.2931080461199351e-01
-6.2259481866155919e-01
-6.1605180484711164e-01
-6.0963079321149616e-01
-6.0331827669253690e-01
-5.9716864409525261e-01
-5.9112452251749070e-01
-5.8518079856415606e-01
-5.7938788856730916e-01
-5.7369022990080287e-01
-5.6808543600842232e-01
-5.6261821731993833e-01
-5.5724106533759521e-01
-5.5194955594700945e-01
-5.4678177572079034e-01
-5.4170298804384620e-01
-5.3670276027396280e-01
-5.3181219704537974e-01
-5.2701286809911885e-01
-5.2228097281356567e-01
-5.1765301445802081e-01
-5.1311711418224348e-01
-5.0863330803812123e-01
-5.0425636028587162e-01
-4.9997027343221229e-01
-4.9572051236410092e-01
-4.9158173330980498e-01
-4.8753393196760786e-01
-4.8350649348224584e-01
-4.7958814426156882e-01
-4.7576099590565096e-01
-4.7196077951768894e-01
-4.6824944724289919e-01
-4.6463705801165328e-01
-4.6105747216765020e-01
-4.5754591358366592e-01
-4.5413111412511353e-01
-4.5077611583171523e-01
-4.4745848304943758e-01
-4.4423425535504257e-01
-4.4109366825451235e-01
-4.3797169632267224e-01
-4.3493391821855615e-01
-4.3198456117415746e-01
-4.2906785539432907e-01
-4.2621809109947278e-01
-4.2344944553554537e-01
-4.2073432932737986e-01
-4.1807167295026332e-01
-4.1548758746796532e-01
-4.1297142719988955e-01
-4.1048684960439585e-01
-4.0808433330701444e-01
-4.0576111790848407e-01
-4.0346525112770582e-01
-4.0123792246619533e-01
-3.9909016507453859e-01
-3.9699890966109547e-01
-3.9494904505417594e-01
-3.9297467216451648e-01
-3.9107745431141067e-01
-3.8920601977797803e-01
-3.8741173891074399e-01
-3.8568835377783162e-01
-3.8401057444243558e-01
-3.8238948276685919e-01
-3.8084552456367637e-01
-3.7937114639513841e-01
0.0000000000000000e+00
4.3254604648337602e-01
3.6295210385578758e-02
1.4534768391059000e+01
];
