%Vec Object:sol 1 MPI processes
%  type: mpi
sol = [
0.0000000000000000e+00
-1.1602331562127506e+00
-1.1376345432883643e+00
-1.1158151611244100e+00
-1.0947359471431142e+00
-1.0744887239289604e+00
-1.0547393329705539e+00
-1.0357342007377301e+00
-1.0173016007186624e+00
-9.9938209431129266e-01
-9.8212720237619278e-01
-9.6517785897567232e-01
-9.4883182413006284e-01
-9.3288714046556587e-01
-9.1734909635384032e-01
-9.0226684797669920e-01
-8.8748849543869257e-01
-8.7310511822052772e-01
-8.5908433972837517e-01
-8.4533225575017190e-01
-8.3191093311311082e-01
-8.1881107939397102e-01
-8.0590684863883488e-01
-7.9338586196814465e-01
-7.8098078506744462e-01
-7.6893016795268565e-01
-7.5702578520271613e-01
-7.4537559224920369e-01
-7.3387986114151760e-01
-7.2265872994425462e-01
-7.1154158126125622e-01
-7.0064705351223633e-01
-6.8993634227061140e-01
-6.7932499579700256e-01
-6.6894968540402022e-01
-6.5863973656069852e-01
-6.4851535751321965e-01
-6.3849277488185663e-01
-6.2861734385420853e-01
-6.1884864964576414e-01
-6.0918338902886182e-01
-5.9967460022069274e-01
-5.9018115210566280e-01
-5.8084251435121459e-01
-5.7158625480931902e-01
-5.6238152901111127e-01
-5.5331109698644299e-01
-5.4426562766313280e-01
-5.3529862703825326e-01
-5.2641406313062322e-01
-5.1756938285416221e-01
-5.0879265744943691e-01
-5.0004683382853377e-01
-4.9133953436584127e-01
-4.8265013801272988e-01
-4.7383000953306076e-01
-4.6470650797889534e-01
-4.5471962139376287e-01
-4.4259826705338112e-01
-4.2646357427459075e-01
-4.0447743164009781e-01
-3.7768606272104710e-01
-3.5159066398363653e-01
-3.3058718082969107e-01
-3.1573894496098970e-01
-3.0573691184501123e-01
-2.9888723882183066e-01
-2.9393032473655772e-01
-2.9007197064211748e-01
-2.8683898323522533e-01
-2.8394695353373078e-01
-2.8121714579369872e-01
-2.7857255861339003e-01
-2.7595099243672044e-01
-2.7330500509104799e-01
-2.7062344401403771e-01
-2.6789930084262648e-01
-2.6512129170948956e-01
-2.6228248682898192e-01
-2.5938434272290761e-01
-2.5643433369710966e-01
-2.5342583514608197e-01
-2.5035805468949907e-01
-2.4722725190198669e-01
-2.4404049424671426e-01
-2.4079625158919873e-01
-2.3748932538340314e-01
-2.3411725283938417e-01
-2.3067593423560015e-01
-2.2717463211742681e-01
-2.2360297729905534e-01
-2.1995191395007141e-01
-2.1621903748412344e-01
-2.1240112334779868e-01
-2.0848386244063344e-01
-2.0446029832014054e-01
-2.0032048086671683e-01
-1.9604565295106219e-01
-1.9162872476397413e-01
0.0000000000000000e+00
4.7146343966466314e-01
3.6169355186100302e-02
1.2082893062864933e+01
];
