%Vec Object:sol 1 MPI processes
%  type: mpi
sol = [
0.0000000000000000e+00
-1.0995778140382864e+00
-1.0791897400089712e+00
-1.0595104505376010e+00
-1.0404581681610552e+00
-1.0221665433109246e+00
-1.0042966165584974e+00
-9.8708905804498404e-01
-9.7040992932340786e-01
-9.5414559383619735e-01
-9.3854209724743254e-01
-9.2311805956496829e-01
-9.0834809996202059e-01
-8.9380334852815269e-01
-8.7976503022250430e-01
-8.6598574762116587e-01
-8.5260298954352309e-01
-8.3947664630285435e-01
-8.2675750123857816e-01
-8.1422155822901687e-01
-8.0202349065635670e-01
-7.9009972612788237e-01
-7.7835139511186768e-01
-7.6697126408101635e-01
-7.5566192931687304e-01
-7.4468259594091701e-01
-7.3385909594395660e-01
-7.2322532123488392e-01
-7.1279353546474566e-01
-7.0254531069590898e-01
-6.9247058651611459e-01
-6.8251330769904484e-01
-6.7278956808518819e-01
-6.6311858942101209e-01
-6.5364907825652308e-01
-6.4431417472380648e-01
-6.3505616756364092e-01
-6.2600053478087558e-01
-6.1697863206385151e-01
-6.0809874396991670e-01
-5.9933494348051441e-01
-5.9064656851973951e-01
-5.8208525669953048e-01
-5.7356648383212205e-01
-5.6516699759349431e-01
-5.5683867176676094e-01
-5.4856328266330889e-01
-5.4040535897399944e-01
-5.3226490956898953e-01
-5.2419856679305454e-01
-5.1623376456851089e-01
-5.0825403078979192e-01
-5.0035369038744548e-01
-4.9252902386219166e-01
-4.8469284293866294e-01
-4.7691902927696300e-01
-4.6919673274069307e-01
-4.6147195955137610e-01
-4.5378166240832740e-01
-4.4612044295717068e-01
-4.3843222439654062e-01
-4.3072282153673952e-01
-4.2292893653949915e-01
-4.1488091744666872e-01
-4.0638596227595469e-01
-3.9697317299401608e-01
-3.8580248989747085e-01
-3.7175929850195116e-01
-3.5436145642473260e-01
-3.3526418312416911e-01
-3.1750896193833306e-01
-3.0261055248816532e-01
-2.9118495923801430e-01
-2.8265310037036462e-01
-2.7618606364761666e-01
-2.7111719917479299e-01
-2.6695947296509143e-01
-2.6337523815246350e-01
-2.6014025579096084e-01
-2.5711283904881438e-01
-2.5420600687752309e-01
-2.5135063928802170e-01
-2.4850447973039580e-01
-2.4563609314218915e-01
-2.4273326628709654e-01
-2.3978164090176962e-01
-2.3676690919362275e-01
-2.3368042778921599e-01
-2.3051405354875859e-01
-2.2727400942147480e-01
-2.2394773534169424e-01
-2.2052362214971863e-01
-2.1699862444635959e-01
-2.1336864805732572e-01
-2.0961874002404976e-01
-2.0574185854677143e-01
-2.0172668199775698e-01
-1.9755375078489118e-01
-1.9321597009088512e-01
0.0000000000000000e+00
4.6760725660173108e-01
3.6232225419636603e-02
1.3218764374553631e+01
];
