%Vec Object:sol 1 MPI processes
%  type: mpi
sol = [
0.0000000000000000e+00
-1.1477777859994485e+00
-1.1256044799370513e+00
-1.1042938213215099e+00
-1.0835979383478531e+00
-1.0638238145028229e+00
-1.0444213620955451e+00
-1.0258591328846025e+00
-1.0077405680981777e+00
-9.9023732318142010e-01
-9.7326824602468476e-01
-9.5671167350302699e-01
-9.4062883656157303e-01
-9.2505499285416326e-01
-9.0976101630888584e-01
-8.9503075269423005e-01
-8.8047992256376095e-01
-8.6643261613779921e-01
-8.5262465470245252e-01
-8.3919459289667075e-01
-8.2597429529835198e-01
-8.1315420646969294e-01
-8.0046939321179578e-01
-7.8817958174888281e-01
-7.7602026031570703e-01
-7.6415331157270994e-01
-7.5252263035971256e-01
-7.4104179844653928e-01
-7.2981807169411750e-01
-7.1876049935909914e-01
-7.0790768774833623e-01
-6.9717231038808303e-01
-6.8668635267439437e-01
-6.7626216059965183e-01
-6.6605534520322829e-01
-6.5597784322624908e-01
-6.4600355742522353e-01
-6.3622297964961982e-01
-6.2649565734260237e-01
-6.1692715939263609e-01
-6.0744492629279945e-01
-5.9808216139316461e-01
-5.8882000258593570e-01
-5.7962664513523243e-01
-5.7056943006654559e-01
-5.6153739754956522e-01
-5.5261203601839204e-01
-5.4378986403973584e-01
-5.3496865090601864e-01
-5.2625993237792235e-01
-5.1760711967657536e-01
-5.0897925608982331e-01
-5.0043787245018256e-01
-4.9191252168452249e-01
-4.8342037380977432e-01
-4.7495440993510524e-01
-4.6638728130236468e-01
-4.5761191038566212e-01
-4.4821524485910857e-01
-4.3730501391773552e-01
-4.2343964506597814e-01
-4.0473774420911263e-01
-3.8082150511628954e-01
-3.5538148566347022e-01
-3.3344740412075291e-01
-3.1689827022899503e-01
-3.0544312031782489e-01
-2.9754349694304005e-01
-2.9188479319387967e-01
-2.8757844755702816e-01
-2.8406203524979817e-01
-2.8098355978902889e-01
-2.7815884698021343e-01
-2.7546035296553528e-01
-2.7280067999701496e-01
-2.7014390940320043e-01
-2.6746772525233831e-01
-2.6475116291218059e-01
-2.6198120315444018e-01
-2.5915543076740039e-01
-2.5627863953428259e-01
-2.5334251649335421e-01
-2.5034516222968689e-01
-2.4728211901607641e-01
-2.4415987074784148e-01
-2.4097652623394933e-01
-2.3772660430238279e-01
-2.3440747748114713e-01
-2.3101498333145737e-01
-2.2755831231687379e-01
-2.2402703646911390e-01
-2.2041187766011536e-01
-2.1671049993150682e-01
-2.1291965096931190e-01
-2.0902499705501335e-01
-2.0501964335884321e-01
-2.0089343048525007e-01
-1.9662750259423833e-01
-1.9221478244733298e-01
0.0000000000000000e+00
4.7072662580833741e-01
3.6182800046348482e-02
1.2312381435286555e+01
];
