%Vec Object:sol 1 MPI processes
%  type: mpi
sol = [
0.0000000000000000e+00
-2.3391234468074527e+00
-2.2412917722970338e+00
-2.0485931418120704e+00
-1.7897379992837168e+00
-1.5961180710393943e+00
-1.4327677602935882e+00
-1.2953565344213738e+00
-1.1694036388370230e+00
-1.0568108098978530e+00
-9.4558608427405766e-01
-8.3581559184876175e-01
-7.2790080474168795e-01
-6.2103100850415960e-01
-5.2711413233815996e-01
-4.3923046894057272e-01
-3.7114484421972882e-01
-3.1268898148424340e-01
-2.7143402548355944e-01
-2.3911740741224100e-01
-2.1755939426954332e-01
-2.0265491733312521e-01
-1.9362951580094342e-01
-1.8874128375933777e-01
-1.8661480502718378e-01
-1.8640057900189366e-01
-1.8722151419326191e-01
-1.8846099333611610e-01
-1.8997265887630774e-01
-1.9127680809295514e-01
-1.9252408898787679e-01
-1.9347872709361513e-01
-1.9424786654330750e-01
-1.9484137397505075e-01
-1.9520437379047931e-01
-1.9544965990335816e-01
-1.9555230864596196e-01
-1.9551832684975393e-01
-1.9540512809191823e-01
-1.9520567764743643e-01
-1.9491567118420605e-01
-1.9457061403513945e-01
-1.9415568281742138e-01
-1.9369171825208509e-01
-1.9318772209074858e-01
-1.9261540685307266e-01
-1.9200998422902385e-01
-1.9137512674718488e-01
-1.9069595188623964e-01
-1.8997096967766910e-01
-1.8922600256658242e-01
-1.8844888493246661e-01
-1.8764717302622441e-01
-1.8680845349109970e-01
-1.8593829581661839e-01
-1.8505587714957600e-01
-1.8414853633380401e-01
-1.8320862331157392e-01
-1.8224828533646764e-01
-1.8126555265062899e-01
-1.8024762416905774e-01
-1.7922562389573335e-01
-1.7818276642829176e-01
-1.7711042717323219e-01
-1.7601350522636411e-01
-1.7490255667187041e-01
-1.7377297859230703e-01
-1.7261345938014269e-01
-1.7143259133453373e-01
-1.7023544899527918e-01
-1.6901266319694533e-01
-1.6775560010527932e-01
-1.6648779180846207e-01
-1.6520163706579860e-01
-1.6387904561049324e-01
-1.6252748950969118e-01
-1.6115379666390756e-01
-1.5975161449601202e-01
-1.5831232788561836e-01
-1.5683347480196819e-01
-1.5532722820195735e-01
-1.5378346098029205e-01
-1.5219630811392734e-01
-1.5055680363365398e-01
-1.4887162455240763e-01
-1.4713525507515351e-01
-1.4533867985165219e-01
-1.4347444353980404e-01
-1.4153068806495059e-01
-1.3951215902098768e-01
-1.3740112521253289e-01
-1.3518933988528506e-01
-1.3286217044665524e-01
-1.3040734698309162e-01
-1.2779811422186541e-01
-1.2501026361800446e-01
-1.2202380518164103e-01
-1.1879841952499058e-01
-1.1529420497441682e-01
0.0000000000000000e+00
6.0443561975413362e-01
3.3244719996381490e-02
1.8706457600940074e+00
];
