%Vec Object:sol 1 MPI processes
%  type: mpi
sol = [
0.0000000000000000e+00
-9.7780673965186460e-01
-9.6095337749381782e-01
-9.4458347192939185e-01
-9.2893523353996288e-01
-9.1363785178450552e-01
-8.9885735062872374e-01
-8.8459878070268105e-01
-8.7070395082915364e-01
-8.5737053995014190e-01
-8.4428476754941173e-01
-8.3158881269023466e-01
-8.1931311968020903e-01
-8.0730778298402817e-01
-7.9571638178182813e-01
-7.8434686973106782e-01
-7.7327470012291644e-01
-7.6254923665678864e-01
-7.5201640767130051e-01
-7.4177578403850697e-01
-7.3176591682013403e-01
-7.2197341103665291e-01
-7.1247387644476090e-01
-7.0309137604318361e-01
-6.9394776345640741e-01
-6.8503359216799042e-01
-6.7626165053614751e-01
-6.6769027684923787e-01
-6.5928591425925320e-01
-6.5104559553916719e-01
-6.4299098924981912e-01
-6.3504134184481642e-01
-6.2726922662843321e-01
-6.1967237738723813e-01
-6.1213167720412953e-01
-6.0477782365344701e-01
-5.9756041833274809e-01
-5.9041554992904388e-01
-5.8343686258365701e-01
-5.7656341848334303e-01
-5.6977186028059801e-01
-5.6313142251151416e-01
-5.5657231205112756e-01
-5.5009812938582170e-01
-5.4376473138772186e-01
-5.3749521185601001e-01
-5.3130848929486729e-01
-5.2525597386615031e-01
-5.1925565535952312e-01
-5.1333181793385319e-01
-5.0753460229779279e-01
-5.0179118941934986e-01
-4.9611054706523533e-01
-4.9054738637901057e-01
-4.8505232869824483e-01
-4.7959967266253611e-01
-4.7425722271963722e-01
-4.6900189468095876e-01
-4.6376641677428326e-01
-4.5863568345468686e-01
-4.5360614932328208e-01
-4.4858966997127397e-01
-4.4366520915663876e-01
-4.3883886387527532e-01
-4.3405942534683561e-01
-4.2934035882095117e-01
-4.2471795042556426e-01
-4.2016873864815130e-01
-4.1566811224772071e-01
-4.1125474698729308e-01
-4.0693722348990674e-01
-4.0266177776681672e-01
-3.9847222421695416e-01
-3.9437517803169853e-01
-3.9035357583480740e-01
-3.8640212586876582e-01
-3.8254549465312082e-01
-3.7878721882892641e-01
-3.7509112421073693e-01
-3.7149505130318594e-01
-3.6800285026078539e-01
-3.6460666692152027e-01
-3.6128776835358767e-01
-3.5808468507185875e-01
-3.5499811604678588e-01
-3.5200513100322017e-01
-3.4911423966187977e-01
-3.4635064369057267e-01
-3.4371752805744843e-01
-3.4118865554435879e-01
-3.3878558236602313e-01
-3.3653141634295825e-01
-3.3443668411097383e-01
-3.3248762212084376e-01
-3.3072557480924419e-01
-3.2919575359284597e-01
-3.2794458804626209e-01
-3.2699778680674108e-01
-3.2644018113975293e-01
0.0000000000000000e+00
4.4656503119643226e-01
3.6295210385578758e-02
1.4534768391059000e+01
];
