%Vec Object:sol 1 MPI processes
%  type: mpi
sol = [
0.0000000000000000e+00
-1.7916552062067825e+00
-1.7337962804780025e+00
-1.6787188915546998e+00
-1.6262699334229813e+00
-1.5764167680680556e+00
-1.5284803203807058e+00
-1.4827821982852851e+00
-1.4388646557877731e+00
-1.3966471481454048e+00
-1.3560286822381187e+00
-1.3166467859422211e+00
-1.2787635742113381e+00
-1.2421143224786917e+00
-1.2065708419698953e+00
-1.1721065394940435e+00
-1.1384984402871674e+00
-1.1058706283864417e+00
-1.0741502103743119e+00
-1.0430357159718744e+00
-1.0127107811658855e+00
-9.8306098151864318e-01
-9.5396762865785900e-01
-9.2386710140688588e-01
-8.3719159445702418e-01
-5.8621620460391843e-01
-4.5469826900484761e-01
-4.2321621277356763e-01
-4.1679672607008067e-01
-4.1464911558156142e-01
-4.1281074414562685e-01
-4.1039576232027219e-01
-4.0734260947777989e-01
-4.0368947382601361e-01
-3.9947243693393830e-01
-3.9483149139317331e-01
-3.8979273307464785e-01
-3.8440821655947122e-01
-3.7874556561907469e-01
-3.7285695064307539e-01
-3.6679329665400745e-01
-3.6061576446794308e-01
-3.5434007010834556e-01
-3.4802295211661993e-01
-3.4169718075450983e-01
-3.3536134311967880e-01
-3.2906934675408644e-01
-3.2284514924073643e-01
-3.1668184855624981e-01
-3.1061195926636093e-01
-3.0465273299490114e-01
-2.9880046072388478e-01
-2.9307809708178040e-01
-2.8748066371447073e-01
-2.8201049125706606e-01
-2.7668352312356109e-01
-2.7149658779800651e-01
-2.6643940741579841e-01
-2.6151832333220915e-01
-2.5673622531426488e-01
-2.5207598460865493e-01
-2.4755854936047170e-01
-2.4316838023392645e-01
-2.3889445702945381e-01
-2.3473687067330004e-01
-2.3069816297732568e-01
-2.2677247166341477e-01
-2.2294470221451326e-01
-2.1921640420084720e-01
-2.1558824350659436e-01
-2.1204918543414472e-01
-2.0858490852044101e-01
-2.0521319915643718e-01
-2.0192328724609926e-01
-1.9869464564216449e-01
-1.9553078336366306e-01
-1.9243358976276315e-01
-1.8939356549433942e-01
-1.8640002832113065e-01
-1.8344862287964980e-01
-1.8054668872027288e-01
-1.7768210159441300e-01
-1.7484760633306320e-01
-1.7203298087461627e-01
-1.6924239768353919e-01
-1.6646920655014247e-01
-1.6370365724871541e-01
-1.6093805246029724e-01
-1.5816165052661077e-01
-1.5537986617707594e-01
-1.5257694749464154e-01
-1.4974453154807818e-01
-1.4687315631876272e-01
-1.4395571956524755e-01
-1.4097291505847639e-01
-1.3791097618332621e-01
-1.3475996790181677e-01
-1.3149658472851922e-01
-1.2810624028676859e-01
0.0000000000000000e+00
5.1530466082929260e-01
3.5327348874190229e-02
5.1248965075958663e+00
];
