%Vec Object:sol 1 MPI processes
%  type: mpi
sol = [
0.0000000000000000e+00
-9.5372232753367081e-01
-9.3774530923113042e-01
-9.2245320578779799e-01
-9.0747882042414663e-01
-8.9316724691057703e-01
-8.7925971285669569e-01
-8.6570631985313884e-01
-8.5268173497004918e-01
-8.3998598270495684e-01
-8.2770695391795590e-01
-8.1579077144965828e-01
-8.0412638555890370e-01
-7.9285147132537803e-01
-7.8191794824495797e-01
-7.7119373120015799e-01
-7.6079338970769494e-01
-7.5066746621449776e-01
-7.4077351797259561e-01
-7.3115892754941891e-01
-7.2173880762857046e-01
-7.1254764647569258e-01
-7.0364005508517169e-01
-6.9484253130557494e-01
-6.8627340698538652e-01
-6.7795181163653528e-01
-6.6973959131352667e-01
-6.6172483031367157e-01
-6.5391388224851876e-01
-6.4622055452012006e-01
-6.3871234491184659e-01
-6.3136075530426072e-01
-6.2413004833315233e-01
-6.1707601514329979e-01
-6.1014069083839939e-01
-6.0332828776492153e-01
-5.9668125411939088e-01
-5.9012599534266896e-01
-5.8369412880523641e-01
-5.7741463070317678e-01
-5.7120896606929072e-01
-5.6512557165115362e-01
-5.5918065140517770e-01
-5.5329899432358409e-01
-5.4753696162762577e-01
-5.4189917336979998e-01
-5.3632013969825265e-01
-5.3085668836979061e-01
-5.2550330941504830e-01
-5.2020918931229521e-01
-5.1502129784867445e-01
-5.0993785529105928e-01
-5.0491423667223245e-01
-4.9998230191456522e-01
-4.9515798225868840e-01
-4.9039334525798250e-01
-4.8570462944179044e-01
-4.8112807868882135e-01
-4.7661350704248395e-01
-4.7215829442917123e-01
-4.6781413918532533e-01
-4.6355003748816975e-01
-4.5932139241241510e-01
-4.5519977431067460e-01
-4.5118055994147582e-01
-4.4717869337899924e-01
-4.4327555597287732e-01
-4.3947396656669058e-01
-4.3572099585970936e-01
-4.3203486122427326e-01
-4.2844850605117507e-01
-4.2493944981948795e-01
-4.2147683538328845e-01
-4.1810679755466978e-01
-4.1483403750423925e-01
-4.1160010299072197e-01
-4.0845340887448833e-01
-4.0539887150759091e-01
-4.0240974325635892e-01
-3.9949139843542714e-01
-3.9666477272150968e-01
-3.9392406225565335e-01
-3.9123148298369365e-01
-3.8863601328351777e-01
-3.8613570326877567e-01
-3.8369363467265805e-01
-3.8132924718397337e-01
-3.7906226927086056e-01
-3.7688804674506882e-01
-3.7476282178043080e-01
-3.7273317006202733e-01
-3.7080192562089931e-01
-3.6894453071390737e-01
-3.6716666266291265e-01
-3.6548604413283720e-01
-3.6391086337531026e-01
-3.6240631342686092e-01
-3.6102735293081928e-01
-3.5979624412955213e-01
0.0000000000000000e+00
4.3930767752015948e-01
3.6295210385578758e-02
1.4534768391059000e+01
];
