%Vec Object:sol 1 MPI processes
%  type: mpi
sol = [
0.0000000000000000e+00
-1.5479356889289446e+00
-1.5062080705222953e+00
-1.4663390955096998e+00
-1.4281665644286785e+00
-1.3915854314615501e+00
-1.3563110366498443e+00
-1.3226572147343949e+00
-1.2900719675190235e+00
-1.2586418114450919e+00
-1.2285092055928590e+00
-1.1991750225108648e+00
-1.1708275157200885e+00
-1.1434252279238997e+00
-1.1168206643582808e+00
-1.0909774591129129e+00
-1.0658295823845378e+00
-1.0414159730338248e+00
-1.0175985763171531e+00
-9.9435557655112294e-01
-9.7171362134752493e-01
-9.4954892326707807e-01
-9.2791913142522409e-01
-9.0671613301121479e-01
-8.8593642481165846e-01
-8.6558133977271334e-01
-8.4560871600063159e-01
-8.2598613439036950e-01
-8.0664234461535733e-01
-7.8769626641692836e-01
-7.6893978032597621e-01
-7.5043923312656891e-01
-7.3120847401348543e-01
-7.0193383909586460e-01
-6.2322393355488748e-01
-5.1068478640316828e-01
-4.3385915099640121e-01
-3.9938707195705742e-01
-3.8591799822903283e-01
-3.7997164632825930e-01
-3.7646586812719407e-01
-3.7364923649603204e-01
-3.7089206962463195e-01
-3.6800381677142502e-01
-3.6492470797054882e-01
-3.6161968458679622e-01
-3.5811913132189033e-01
-3.5444347299252060e-01
-3.5058568586307515e-01
-3.4658689387421038e-01
-3.4246089447865813e-01
-3.3821502376433088e-01
-3.3388316246048810e-01
-3.2944276830533281e-01
-3.2490157688226190e-01
-3.2030444768810118e-01
-3.1566427946335168e-01
-3.1098263125191572e-01
-3.0627672762974556e-01
-3.0156531985368962e-01
-2.9684287846368135e-01
-2.9213968724647427e-01
-2.8745426402094310e-01
-2.8278774590070926e-01
-2.7815078752766093e-01
-2.7355457495819990e-01
-2.6900452641833106e-01
-2.6449511696588202e-01
-2.6003480428871473e-01
-2.5563249951644107e-01
-2.5128596733639319e-01
-2.4698678356934178e-01
-2.4275801124976373e-01
-2.3859506201798381e-01
-2.3448340639655635e-01
-2.3043101182213330e-01
-2.2644317510540818e-01
-2.2251423388995251e-01
-2.1863773450768784e-01
-2.1481325173949511e-01
-2.1104958957853473e-01
-2.0733765272857940e-01
-2.0367299752345694e-01
-2.0004823758223780e-01
-1.9646877958292958e-01
-1.9293012990156361e-01
-1.8942432587921923e-01
-1.8594574411943665e-01
-1.8248641215977440e-01
-1.7905326207400624e-01
-1.7563304533137628e-01
-1.7221825933615875e-01
-1.6880275998309902e-01
-1.6538221300032144e-01
-1.6194115450844326e-01
-1.5847010197331715e-01
-1.5496249946936011e-01
-1.5140075545351125e-01
-1.4777782086941191e-01
0.0000000000000000e+00
4.9514288342621837e-01
3.5680221684258329e-02
6.8939343597070168e+00
];
