%Vec Object:sol 1 MPI processes
%  type: mpi
sol = [
0.0000000000000000e+00
-1.1733931693962394e+00
-1.1503300927962303e+00
-1.1279619599046236e+00
-1.1064688319022273e+00
-1.0857149841048210e+00
-1.0655933512760147e+00
-1.0461157332406956e+00
-1.0273470912078189e+00
-1.0089842411809979e+00
-9.9142372802272294e-01
-9.7405636297343434e-01
-9.5742896593574378e-01
-9.4108983113027844e-01
-9.2529101386913026e-01
-9.0983468317679228e-01
-8.9481348669228700e-01
-8.8007336806032921e-01
-8.6582577101572400e-01
-8.5173247125872642e-01
-8.3809727131958467e-01
-8.2467070258637043e-01
-8.1156339867821015e-01
-7.9872848353846748e-01
-7.8612973434311539e-01
-7.7377613048396376e-01
-7.6168637079383916e-01
-7.4977544567811405e-01
-7.3806910013103610e-01
-7.2663729992340453e-01
-7.1527614289108699e-01
-7.0421213445727227e-01
-6.9322980113595489e-01
-6.8245285468664041e-01
-6.7181274458743379e-01
-6.6134046697367799e-01
-6.5099298003020167e-01
-6.4077529277311429e-01
-6.3073249690780053e-01
-6.2072127991620651e-01
-6.1089915093680458e-01
-6.0114915038353511e-01
-5.9149471719087743e-01
-5.8197456061036446e-01
-5.7250243549722546e-01
-5.6314173379934540e-01
-5.5384073537371326e-01
-5.4463179557270680e-01
-5.3549565805770893e-01
-5.2638840431222089e-01
-5.1738464651285998e-01
-5.0840375273568261e-01
-4.9944760346317746e-01
-4.9051906782989618e-01
-4.8142275212117225e-01
-4.7186847328288972e-01
-4.6107516340776517e-01
-4.4731303767386921e-01
-4.2821704028405394e-01
-4.0251552597698265e-01
-3.7338900553414062e-01
-3.4753766096527017e-01
-3.2811896833573401e-01
-3.1509795719062822e-01
-3.0648417143120960e-01
-3.0056546175944510e-01
-2.9621046595881168e-01
-2.9272651144022743e-01
-2.8971534195772713e-01
-2.8695341601451874e-01
-2.8430639883871472e-01
-2.8168583408960479e-01
-2.7906909878647246e-01
-2.7642664972594733e-01
-2.7373097746159503e-01
-2.7098302409004033e-01
-2.6818345371244778e-01
-2.6532578818738078e-01
-2.6240609899705225e-01
-2.5942772203359510e-01
-2.5639951866931066e-01
-2.5331572259187424e-01
-2.5017608384195017e-01
-2.4697720490328010e-01
-2.4372647757383889e-01
-2.4042255326890619e-01
-2.3706039084973385e-01
-2.3363760153285301e-01
-2.3015008374650550e-01
-2.2660712461145746e-01
-2.2299837403848477e-01
-2.1931497420940915e-01
-2.1555442912073333e-01
-2.1171352692709908e-01
-2.0777797353706562e-01
-2.0374073893615294e-01
-1.9959208082263080e-01
-1.9531334014782378e-01
-1.9089741788270082e-01
0.0000000000000000e+00
4.7222471886732015e-01
3.6154919412905294e-02
1.1844051808329212e+01
];
