%Vec Object:sol 1 MPI processes
%  type: mpi
sol = [
0.0000000000000000e+00
-1.1418205612030992e+00
-1.1198504068266339e+00
-1.0987813217406712e+00
-1.0782652773553878e+00
-1.0587138023437368e+00
-1.0394730382576867e+00
-1.0211190264767920e+00
-1.0031469758528164e+00
-9.8584005976977773e-01
-9.6900498592126383e-01
-9.5263452483943134e-01
-9.3667582021540607e-01
-9.2127847874235513e-01
-9.0610022668901302e-01
-8.9153812240132169e-01
-8.7709563300597160e-01
-8.6319267555930024e-01
-8.4950202227073801e-01
-8.3617578594312836e-01
-8.2309945544513807e-01
-8.1037106742912157e-01
-7.9783062896128076e-01
-7.8562817716488875e-01
-7.7360824571840237e-01
-7.6182513465563584e-01
-7.5032895623275142e-01
-7.3892893828659811e-01
-7.2783569831311501e-01
-7.1685613768490286e-01
-7.0609856095377077e-01
-6.9546988572099055e-01
-6.8505811736296451e-01
-6.7475561627402647e-01
-6.6462147842256203e-01
-6.5466262023622634e-01
-6.4475990577101960e-01
-6.3506992877776292e-01
-6.2543806747750585e-01
-6.1593931502710364e-01
-6.0656986075896890e-01
-5.9727650349535488e-01
-5.8811587507978258e-01
-5.7900034512285503e-01
-5.7001189703313737e-01
-5.6108842666488046e-01
-5.5223213093277390e-01
-5.4349607057161642e-01
-5.3476460823099692e-01
-5.2612496921258523e-01
-5.1757733444627807e-01
-5.0901931715052062e-01
-5.0054907702517004e-01
-4.9213068135311788e-01
-4.8371751807849200e-01
-4.7534762550578741e-01
-4.6695451137514271e-01
-4.5844394846146175e-01
-4.4961241920175959e-01
-4.3994516570222469e-01
-4.2846250524996315e-01
-4.1357736309092508e-01
-3.9367821039088929e-01
-3.6949517591494302e-01
-3.4549765812770283e-01
-3.2561724249727947e-01
-3.1100845152056633e-01
-3.0086430427953298e-01
-2.9375050658647228e-01
-2.8853968261555213e-01
-2.8447499033659340e-01
-2.8107127002292509e-01
-2.7806015363192327e-01
-2.7526134900510801e-01
-2.7255485142732455e-01
-2.6988441507956473e-01
-2.6721504604723872e-01
-2.6451784769283987e-01
-2.6177475865114802e-01
-2.5898016359293774e-01
-2.5613668016010405e-01
-2.5323462785712098e-01
-2.5027120592495178e-01
-2.4724136630424645e-01
-2.4415114824733011e-01
-2.4099837141450539e-01
-2.3777734089362215e-01
-2.3448529553276962e-01
-2.3111800443364652e-01
-2.2768459490322926e-01
-2.2417458897905607e-01
-2.2057858188876395e-01
-2.1689426010191964e-01
-2.1311834875468841e-01
-2.0923649568954689e-01
-2.0524183091544290e-01
-2.0112408814560584e-01
-1.9686436075907573e-01
-1.9245557813031144e-01
0.0000000000000000e+00
4.7036536499331638e-01
3.6189153860252121e-02
1.2423272891294737e+01
];
