%Vec Object:sol 1 MPI processes
%  type: mpi
sol = [
0.0000000000000000e+00
-1.0090811727497444e+00
-9.9126823691673815e-01
-9.7383664186273133e-01
-9.5720805434199208e-01
-9.4102252348323279e-01
-9.2534264003283340e-01
-9.1023998164064712e-01
-8.9553410376831333e-01
-8.8138133605747349e-01
-8.6755946818692897e-01
-8.5415755469694687e-01
-8.4111198496489137e-01
-8.2845886953798775e-01
-8.1615484911759373e-01
-8.0414203271604490e-01
-7.9248811893673254e-01
-7.8103744571351086e-01
-7.6995945411790623e-01
-7.5909753732475371e-01
-7.4847096927984214e-01
-7.3817043206744071e-01
-7.2797741813239736e-01
-7.1809597710014517e-01
-7.0840672900495805e-01
-6.9885741282146951e-01
-6.8961326570211567e-01
-6.8042911945955509e-01
-6.7146761060456550e-01
-6.6273964958263920e-01
-6.5403578705561793e-01
-6.4557969427112838e-01
-6.3725618514070670e-01
-6.2901949239467458e-01
-6.2099807636713178e-01
-6.1303474124430346e-01
-6.0519998121673124e-01
-5.9754116063770846e-01
-5.8991166132801331e-01
-5.8242379046939263e-01
-5.7505774562978773e-01
-5.6774607155986045e-01
-5.6055664133261229e-01
-5.5344888515317636e-01
-5.4641292546627040e-01
-5.3947975421761629e-01
-5.3259971737963729e-01
-5.2580220841984826e-01
-5.1908831254847654e-01
-5.1240891398898969e-01
-5.0581265551769539e-01
-4.9928955255294816e-01
-4.9278663880071794e-01
-4.8635811000884605e-01
-4.8000099596695622e-01
-4.7365285836049936e-01
-4.6736551228687290e-01
-4.6114906573335851e-01
-4.5493629082015824e-01
-4.4876674193910604e-01
-4.4266204049569041e-01
-4.3657403887950197e-01
-4.3050206436841737e-01
-4.2448624647803845e-01
-4.1851162808576992e-01
-4.1252017611393343e-01
-4.0657762607744058e-01
-4.0068019877991129e-01
-3.9477911679331090e-01
-3.8889736806762237e-01
-3.8305576232323718e-01
-3.7724223129429513e-01
-3.7141991664996921e-01
-3.6562936377376154e-01
-3.5987435591311029e-01
-3.5413245650450054e-01
-3.4839893095679048e-01
-3.4269814836508194e-01
-3.3703497380701036e-01
-3.3138806691520034e-01
-3.2576799214818125e-01
-3.2019431620451133e-01
-3.1468001529199824e-01
-3.0922014523180857e-01
-3.0383397471313012e-01
-2.9855334105704218e-01
-2.9340934961823850e-01
-2.8842190623571390e-01
-2.8359239692162208e-01
-2.7894510495853203e-01
-2.7446483034008484e-01
-2.7011344189532682e-01
-2.6582582206301097e-01
-2.6155507512372378e-01
-2.5728374967753620e-01
-2.5303506780828650e-01
-2.4886318925779799e-01
-2.4484532315519536e-01
-2.4108511701632568e-01
0.0000000000000000e+00
4.5578353426069174e-01
3.6295210385578758e-02
1.4534768391059000e+01
];
