%Vec Object:sol 1 MPI processes
%  type: mpi
sol = [
0.0000000000000000e+00
-9.3408149879532565e-01
-9.1917137817515626e-01
-9.0443721265516663e-01
-8.9033958926890888e-01
-8.7685875229655563e-01
-8.6349077740101632e-01
-8.5080446781553243e-01
-8.3841475887706352e-01
-8.2633913799112191e-01
-8.1483438764217209e-01
-8.0340669024524569e-01
-7.9241889061575121e-01
-7.8184611566767526e-01
-7.7134114246613883e-01
-7.6128011114743166e-01
-7.5147714841762936e-01
-7.4182095505087897e-01
-7.3253926139157621e-01
-7.2343434143338325e-01
-7.1452238487605280e-01
-7.0590303132615473e-01
-6.9743970677528488e-01
-6.8917694524296480e-01
-6.8114728756842857e-01
-6.7325303442405326e-01
-6.6556133538079199e-01
-6.5805958915463358e-01
-6.5067429776383168e-01
-6.4347859872783164e-01
-6.3646241238259671e-01
-6.2953577047452303e-01
-6.2278470325407564e-01
-6.1620623089555326e-01
-6.0969582943849931e-01
-6.0334894390785188e-01
-5.9716458799103656e-01
-5.9103452265828127e-01
-5.8505711104665059e-01
-5.7923018063289533e-01
-5.7344985378870628e-01
-5.6781203115545942e-01
-5.6231146929609543e-01
-5.5685478358828244e-01
-5.5153088045388954e-01
-5.4633041073868971e-01
-5.4117509789654283e-01
-5.3614309704716812e-01
-5.3122049412453698e-01
-5.2634758498770118e-01
-5.2158456138746034e-01
-5.1692525094080510e-01
-5.1231868142710979e-01
-5.0780447679635798e-01
-5.0339696049982974e-01
-4.9904314900966273e-01
-4.9476386797678429e-01
-4.9059546648290259e-01
-4.8648297736645613e-01
-4.8242707721350142e-01
-4.7848029813310688e-01
-4.7460659379120340e-01
-4.7076461730434371e-01
-4.6702680262892216e-01
-4.6338789070076492e-01
-4.5975226794880791e-01
-4.5621643985377575e-01
-4.5277767111055528e-01
-4.4937017586945965e-01
-4.4603046984818207e-01
-4.4278460960840477e-01
-4.3959563706434773e-01
-4.3645417495248728e-01
-4.3339752138672533e-01
-4.3041692620698507e-01
-4.2747125106917516e-01
-4.2460616344489693e-01
-4.2182302706393338e-01
-4.1907067640861434e-01
-4.1639628952519675e-01
-4.1380146187041777e-01
-4.1125336858227057e-01
-4.0876109344868206e-01
-4.0635199636126307e-01
-4.0401453552014643e-01
-4.0170343917237999e-01
-3.9947441030329134e-01
-3.9732625765014279e-01
-3.9521676956447271e-01
-3.9317010145676018e-01
-3.9120036475760617e-01
-3.8929124880085525e-01
-3.8742816567853933e-01
-3.8564390196077547e-01
-3.8393221505393071e-01
-3.8225138638495804e-01
-3.8064648718397348e-01
-3.7912105594431167e-01
-3.7765257610030439e-01
0.0000000000000000e+00
4.3327933374162664e-01
3.6295210385578758e-02
1.4534768391059000e+01
];
