%Vec Object:sol 1 MPI processes
%  type: mpi
sol = [
0.0000000000000000e+00
-9.2702339893071162e-01
-9.1231628952116084e-01
-8.9803684850722887e-01
-8.8412439519164832e-01
-8.7092471098820379e-01
-8.5787614208778740e-01
-8.4535432597328430e-01
-8.3332007996553259e-01
-8.2144184818946420e-01
-8.1008566773372881e-01
-7.9903409531593717e-01
-7.8818491087761022e-01
-7.7774957999455741e-01
-7.6759934240796279e-01
-7.5766713630837434e-01
-7.4803905287732397e-01
-7.3867149733326321e-01
-7.2951050452214494e-01
-7.2061399396280945e-01
-7.1193206716496593e-01
-7.0342721762912575e-01
-6.9519412963177585e-01
-6.8711812045960130e-01
-6.7919813409026031e-01
-6.7154699859417466e-01
-6.6401088836371192e-01
-6.5661502170041219e-01
-6.4947858960417160e-01
-6.4241690030355703e-01
-6.3550354256400554e-01
-6.2882580942507171e-01
-6.2219467868269696e-01
-6.1571655596641572e-01
-6.0945052695621704e-01
-6.0321539820440029e-01
-5.9712928429671219e-01
-5.9123534126071031e-01
-5.8536612114292086e-01
-5.7963551066006314e-01
-5.7408009934506143e-01
-5.6855049189170848e-01
-5.6314435720175793e-01
-5.5789889902843071e-01
-5.5268598796058455e-01
-5.4757795319853708e-01
-5.4261812259030018e-01
-5.3770196534404047e-01
-5.3286959067533768e-01
-5.2817469266645067e-01
-5.2353386423516701e-01
-5.1896225876841506e-01
-5.1451475036791017e-01
-5.1013009757091421e-01
-5.0580734247288894e-01
-5.0159234306171518e-01
-4.9745052837665182e-01
-4.9336340050201283e-01
-4.8936834513055466e-01
-4.8545800458750560e-01
-4.8158831791624662e-01
-4.7780963495435741e-01
-4.7412120047474082e-01
-4.7045548127733872e-01
-4.6688833411174141e-01
-4.6340225436214350e-01
-4.5994379423748966e-01
-4.5656996907528585e-01
-4.5328309740675016e-01
-4.5003183123539642e-01
-4.4684369105111682e-01
-4.4374560458319612e-01
-4.4070242088574824e-01
-4.3769519118369221e-01
-4.3477519442215706e-01
-4.3193625832613874e-01
-4.2911123566394827e-01
-4.2636585780800829e-01
-4.2370342312673431e-01
-4.2107486791315824e-01
-4.1850695880418959e-01
-4.1601414980816814e-01
-4.1357581004461141e-01
-4.1118173926900164e-01
-4.0886493120302336e-01
-4.0661418343339972e-01
-4.0438727699156618e-01
-4.0223770724226177e-01
-4.0016423887167712e-01
-3.9812290972164505e-01
-3.9613770076049498e-01
-3.9422755316436697e-01
-3.9237510403102382e-01
-3.9056059576770297e-01
-3.8881422713287161e-01
-3.8714005106622051e-01
-3.8549261044537592e-01
-3.8391451099098184e-01
-3.8240989255745167e-01
0.0000000000000000e+00
4.3113587970340367e-01
3.6295210385578758e-02
1.4534768391059000e+01
];
