%Vec Object:sol 1 MPI processes
%  type: mpi
sol = [
0.0000000000000000e+00
-1.0209503031347869e+00
-1.0026892843477202e+00
-9.8520300779951953e-01
-9.6820875651281724e-01
-9.5192157799920329e-01
-9.3604922817207381e-01
-9.2069577368760414e-01
-9.0595021361222527e-01
-8.9141270485331825e-01
-8.7755666579850578e-01
-8.6387906281845273e-01
-8.5069708519099196e-01
-8.3791130963004190e-01
-8.2533451195489749e-01
-8.1328072765859261e-01
-8.0131735685731309e-01
-7.8976926026282557e-01
-7.7851379107325236e-01
-7.6742251964776831e-01
-7.5673530722268600e-01
-7.4612961532016209e-01
-7.3583377167568420e-01
-7.2576205679184214e-01
-7.1584582093468185e-01
-7.0621417864524083e-01
-6.9668895137174447e-01
-6.8736889115640265e-01
-6.7822524997959355e-01
-6.6924618222598209e-01
-6.6045278730038148e-01
-6.5173530437131477e-01
-6.4322525677267528e-01
-6.3482781285312384e-01
-6.2654367719053172e-01
-6.1844056748174525e-01
-6.1038437221288067e-01
-6.0247749328841604e-01
-5.9471866127930451e-01
-5.8697014289957783e-01
-5.7938681713950668e-01
-5.7189808587380586e-01
-5.6444719291502055e-01
-5.5713972957913072e-01
-5.4988967711300596e-01
-5.4269174282025145e-01
-5.3561810273568811e-01
-5.2857799259749860e-01
-5.2159343823014559e-01
-5.1471618568339228e-01
-5.0785554265143928e-01
-5.0105307078944405e-01
-4.9433854484483453e-01
-4.8762869720688978e-01
-4.8098009546594683e-01
-4.7439739460279123e-01
-4.6781463743230955e-01
-4.6129018276711414e-01
-4.5481049397889406e-01
-4.4833207015878501e-01
-4.4189716963231213e-01
-4.3549998232255671e-01
-4.2910400401227811e-01
-4.2272869051321071e-01
-4.1639185832191866e-01
-4.1005692206662142e-01
-4.0371653069784391e-01
-3.9740593692508458e-01
-3.9111448733606607e-01
-3.8479039997165215e-01
-3.7848027827780167e-01
-3.7218522613537619e-01
-3.6588007170301617e-01
-3.5954743853783744e-01
-3.5322068605302626e-01
-3.4689635697389198e-01
-3.4054560066174872e-01
-3.3417671452630082e-01
-3.2781655875615678e-01
-3.2147420849827407e-01
-3.1514206784769810e-01
-3.0883856798389370e-01
-3.0258483904166106e-01
-2.9634896088540225e-01
-2.9004539550565689e-01
-2.8353899507716174e-01
-2.7673743536976292e-01
-2.6959015926600499e-01
-2.6216054508472958e-01
-2.5462191406895784e-01
-2.4720212426514029e-01
-2.4010289525689729e-01
-2.3345473915252327e-01
-2.2731649858424294e-01
-2.2168349089366721e-01
-2.1641654773558344e-01
-2.1158188960999458e-01
-2.0713170991281477e-01
-2.0302546012642150e-01
0.0000000000000000e+00
4.5895618704166641e-01
3.6294538425608085e-02
1.4519673339239821e+01
];
