%Vec Object:sol 1 MPI processes
%  type: mpi
sol = [
0.0000000000000000e+00
-1.2176206248882775e+00
-1.1928393854733368e+00
-1.1686995220431013e+00
-1.1455650567088371e+00
-1.1232817181089703e+00
-1.1015932414518905e+00
-1.0807719077045885e+00
-1.0605150479243401e+00
-1.0409545447113198e+00
-1.0219832721371898e+00
-1.0035333235687958e+00
-9.8556636173188428e-01
-9.6823904083870915e-01
-9.5117075715698252e-01
-9.3479601394689738e-01
-9.1857877340692828e-01
-9.0295854230372008e-01
-8.8760206264741071e-01
-8.7266205586862322e-01
-8.5799083320116221e-01
-8.4374906843107711e-01
-8.2966836152772039e-01
-8.1604556303103337e-01
-8.0252894270348119e-01
-7.8940657145011839e-01
-7.7645087550803626e-01
-7.6377141294999318e-01
-7.5125785366124465e-01
-7.3905313413251406e-01
-7.2694147859943237e-01
-7.1510065547404589e-01
-7.0341754419703073e-01
-6.9189147471955581e-01
-6.8056209539982992e-01
-6.6936538841308058e-01
-6.5833805120889721e-01
-6.4741672209633194e-01
-6.3668780796775171e-01
-6.2600399432271581e-01
-6.1550186360605974e-01
-6.0509337242269878e-01
-5.9477146015972560e-01
-5.8459678629431555e-01
-5.7446742689662511e-01
-5.6445256495471907e-01
-5.5450315154668073e-01
-5.4464347155590431e-01
-5.3484680000811435e-01
-5.2504450337543851e-01
-5.1520407943193380e-01
-5.0489692021301413e-01
-4.9310424326368002e-01
-4.7736895155501813e-01
-4.5393044569718688e-01
-4.2163541773591567e-01
-3.8630568878115595e-01
-3.5698663453873836e-01
-3.3682662000815589e-01
-3.2428004443583514e-01
-3.1640648427981766e-01
-3.1115148979501528e-01
-3.0729143170327683e-01
-3.0414670414257111e-01
-3.0135490233486195e-01
-2.9872063652305775e-01
-2.9613924884464965e-01
-2.9354514507547613e-01
-2.9091036992952218e-01
-2.8822653251300007e-01
-2.8548458057140630e-01
-2.8267032368458894e-01
-2.7980523717414413e-01
-2.7688622849555106e-01
-2.7390176642658759e-01
-2.7086268904415134e-01
-2.6777615317265718e-01
-2.6463978953336148e-01
-2.6145210134320224e-01
-2.5821785524301033e-01
-2.5494740988344328e-01
-2.5163577522648162e-01
-2.4828310707489581e-01
-2.4488621873655811e-01
-2.4145290008578113e-01
-2.3798195139782841e-01
-2.3446848742330137e-01
-2.3091012059297761e-01
-2.2730258950718213e-01
-2.2365514003804479e-01
-2.1995738561165928e-01
-2.1620102333907260e-01
-2.1238324639034764e-01
-2.0850088509366410e-01
-2.0453972052177272e-01
-2.0049251567557141e-01
-1.9635023107263594e-01
-1.9209457978391653e-01
-1.8771853892306059e-01
0.0000000000000000e+00
4.7470126328757606e-01
3.6104917601966081e-02
1.1073135687299418e+01
];
