%Vec Object:sol 1 MPI processes
%  type: mpi
sol = [
0.0000000000000000e+00
-9.9028774385114426e-01
-9.7290500698506532e-01
-9.5627930883082102e-01
-9.3995011264297124e-01
-9.2442794949017104e-01
-9.0920892726782132e-01
-8.9454534664043273e-01
-8.8043990559659024e-01
-8.6653061875770654e-01
-8.5326894156154887e-01
-8.4020489390048569e-01
-8.2757268907130377e-01
-8.1539683634229287e-01
-8.0333343699967830e-01
-7.9177398534105004e-01
-7.8041047597642033e-01
-7.6933145330526476e-01
-7.5866040009467506e-01
-7.4803579824478450e-01
-7.3779349963738716e-01
-7.2778340094089677e-01
-7.1791402231250179e-01
-7.0838894993415635e-01
-6.9895294976050137e-01
-6.8974752272561968e-01
-6.8082674958062706e-01
-6.7191892758418070e-01
-6.6328784560477794e-01
-6.5483589606488513e-01
-6.4645793367438398e-01
-6.3832551399368975e-01
-6.3029168920339207e-01
-6.2237848283594932e-01
-6.1468093228331011e-01
-6.0702468406246679e-01
-5.9951764536131191e-01
-5.9218393500987854e-01
-5.8488792348690866e-01
-5.7773824700738874e-01
-5.7072028499169403e-01
-5.6375655164034111e-01
-5.5692197036578006e-01
-5.5018944437788730e-01
-5.4352213388160153e-01
-5.3696680620884518e-01
-5.3049391294807469e-01
-5.2409238527292568e-01
-5.1778611542763475e-01
-5.1155113364810767e-01
-5.0538545929494971e-01
-4.9930722168460107e-01
-4.9329233573376641e-01
-4.8733710138883057e-01
-4.8147052455691020e-01
-4.7566155132453897e-01
-4.6989943994551642e-01
-4.6422893010725114e-01
-4.5861546111300328e-01
-4.5303373159668409e-01
-4.4754161602839804e-01
-4.4212232328727435e-01
-4.3671413581974466e-01
-4.3138985965945731e-01
-4.2614669446939379e-01
-4.2092769469332914e-01
-4.1576984305016890e-01
-4.1069344559943410e-01
-4.0567680644574333e-01
-4.0068975074818042e-01
-3.9578507656633433e-01
-3.9096226009228530e-01
-3.8617535898226169e-01
-3.8145500055654508e-01
-3.7682085168435020e-01
-3.7226737154926481e-01
-3.6775630944026949e-01
-3.6333410999324234e-01
-3.5900721161616173e-01
-3.5476049328089765e-01
-3.5058638833106021e-01
-3.4651388821862916e-01
-3.4255170845262578e-01
-3.3868224968844951e-01
-3.3491560559869504e-01
-3.3126950062282678e-01
-3.2775740651890584e-01
-3.2436645171708844e-01
-3.2111449100977291e-01
-3.1802492025175033e-01
-3.1511631987044830e-01
-3.1239671510008887e-01
-3.0989541340216653e-01
-3.0766308205859566e-01
-3.0573462083237107e-01
-3.0414382802571943e-01
-3.0290430053316991e-01
-3.0202205883501776e-01
-3.0141722445512087e-01
0.0000000000000000e+00
4.5027866069655753e-01
3.6295210385578758e-02
1.4534768391059000e+01
];
