%Vec Object:sol 1 MPI processes
%  type: mpi
sol = [
0.0000000000000000e+00
-9.4440975546546257e-01
-9.2884940350977907e-01
-9.1380663313264876e-01
-8.9941468171478345e-01
-8.8532913988213424e-01
-8.7171267649887096e-01
-8.5863099380788099e-01
-8.4581010863051087e-01
-8.3351057551160068e-01
-8.2153978179752929e-01
-8.0981059468675343e-01
-7.9861740787145219e-01
-7.8753020200876200e-01
-7.7682041593873019e-01
-7.6650359879089658e-01
-7.5626777896313502e-01
-7.4643041883188166e-01
-7.3684713678122615e-01
-7.2739024635072824e-01
-7.1830551361624539e-01
-7.0935277484156345e-01
-7.0059836916632379e-01
-6.9216882365568955e-01
-6.8378526796289729e-01
-6.7564487613638258e-01
-6.6779075526810638e-01
-6.5992385988490676e-01
-6.5232509342796463e-01
-6.4494569886050879e-01
-6.3758515516445513e-01
-6.3046760316689898e-01
-6.2351873230202148e-01
-6.1661376112321820e-01
-6.0992673668052977e-01
-6.0337411181826706e-01
-5.9687834196962508e-01
-5.9057943318395734e-01
-5.8439343825665213e-01
-5.7826793894551642e-01
-5.7232147116509025e-01
-5.6647653932955189e-01
-5.6068864326342760e-01
-5.5506466151812572e-01
-5.4953885541591119e-01
-5.4406118128522729e-01
-5.3873458432827381e-01
-5.3350917936658127e-01
-5.2831884310213562e-01
-5.2326869334681925e-01
-5.1832373805721899e-01
-5.1340588134024556e-01
-5.0861487895773227e-01
-5.0393295379456560e-01
-4.9927612334206417e-01
-4.9473007445999723e-01
-4.9029983448482467e-01
-4.8589171044817941e-01
-4.8157915688933173e-01
-4.7737909869908268e-01
-4.7321490560932628e-01
-4.6913319591515878e-01
-4.6515225523473469e-01
-4.6122388721940821e-01
-4.5737004850836271e-01
-4.5360223147385254e-01
-4.4990468200240624e-01
-4.4626336659197574e-01
-4.4271461920868599e-01
-4.3924433900118154e-01
-4.3581054485162063e-01
-4.3247322025673390e-01
-4.2922258150774362e-01
-4.2600581569808749e-01
-4.2287190445212980e-01
-4.1983093743742966e-01
-4.1684472300607789e-01
-4.1391393800064119e-01
-4.1107497973630608e-01
-4.0832051222735838e-01
-4.0559913986313811e-01
-4.0296300617160352e-01
-4.0041674275040878e-01
-3.9792103515174027e-01
-3.9549667953199891e-01
-3.9315372509412833e-01
-3.9088552813262384e-01
-3.8866737537507701e-01
-3.8653771794171937e-01
-3.8449101574108596e-01
-3.8248881902869286e-01
-3.8056517838354775e-01
-3.7872933876227127e-01
-3.7696524974392132e-01
-3.7525196420038137e-01
-3.7362737706661697e-01
-3.7209428324457117e-01
-3.7061821743111290e-01
-3.6923842518623007e-01
0.0000000000000000e+00
4.3641839830017359e-01
3.6295210385578758e-02
1.4534768391059000e+01
];
