%Vec Object:sol 1 MPI processes
%  type: mpi
sol = [
0.0000000000000000e+00
-9.9928664962796199e-01
-9.8174671207549591e-01
-9.6467781628869509e-01
-9.4818401376653005e-01
-9.3244655544319577e-01
-9.1688327983626139e-01
-9.0210848371677499e-01
-8.8759584326460894e-01
-8.7358772254970596e-01
-8.6010475466712510e-01
-8.4678636861652123e-01
-8.3406713646390473e-01
-8.2152865184256785e-01
-8.0938488582622736e-01
-7.9762781526461435e-01
-7.8603850393361274e-01
-7.7488406085599326e-01
-7.6389967454929286e-01
-7.5318533814883137e-01
-7.4278619835422477e-01
-7.3254267763611336e-01
-7.2260183809017775e-01
-7.1283023050796701e-01
-7.0326042728680416e-01
-6.9394626680178217e-01
-6.8476041816488797e-01
-6.7577816991645390e-01
-6.6696704914880300e-01
-6.5832258710290459e-01
-6.4986408933523598e-01
-6.4149615255731540e-01
-6.3332136636900027e-01
-6.2529083124195983e-01
-6.1734488238353646e-01
-6.0958249181928459e-01
-6.0191260700602955e-01
-5.9435215944731323e-01
-5.8695158827949501e-01
-5.7960212300512470e-01
-5.7237704546566248e-01
-5.6529429001949605e-01
-5.5823056878819322e-01
-5.5129787611064618e-01
-5.4449480029886921e-01
-5.3768687890809352e-01
-5.3100951407568309e-01
-5.2444638556980350e-01
-5.1787508012604921e-01
-5.1142155986595350e-01
-5.0507022079926855e-01
-4.9871210946102362e-01
-4.9245481609639596e-01
-4.8629187928699036e-01
-4.8012592880207283e-01
-4.7404173614945921e-01
-4.6804558740434993e-01
-4.6205562284324236e-01
-4.5612476574866562e-01
-4.5027354196888580e-01
-4.4444428273062786e-01
-4.3865840975608189e-01
-4.3293898360174560e-01
-4.2725788170482581e-01
-4.2161001393082331e-01
-4.1601378469298839e-01
-4.1047622471803874e-01
-4.0495118825270510e-01
-3.9948428506944406e-01
-3.9407154741666944e-01
-3.8868741130282569e-01
-3.8334750475468610e-01
-3.7806363505539348e-01
-3.7283617122171531e-01
-3.6762850182649748e-01
-3.6248790951165888e-01
-3.5740915678227253e-01
-3.5238387245547076e-01
-3.4740339648445573e-01
-3.4250056684777169e-01
-3.3767466094228582e-01
-3.3291475720795816e-01
-3.2822562860341858e-01
-3.2363645810641967e-01
-3.1915436811932507e-01
-3.1477386700568272e-01
-3.1050568173094045e-01
-3.0638921385128348e-01
-3.0244569918085179e-01
-2.9869537890515407e-01
-2.9514743007181832e-01
-2.9186400250252048e-01
-2.8887497879087676e-01
-2.8619921236120277e-01
-2.8381400273740781e-01
-2.8169990262692368e-01
-2.7979169301952966e-01
-2.7798315653518341e-01
-2.7615794184292303e-01
0.0000000000000000e+00
4.5300277454508081e-01
3.6295210385578758e-02
1.4534768391059000e+01
];
