%Vec Object:sol 1 MPI processes
%  type: mpi
sol = [
0.0000000000000000e+00
-1.0860613575064055e+00
-1.0661981040912085e+00
-1.0468923905216132e+00
-1.0283318988785421e+00
-1.0103769422931945e+00
-9.9297034699896602e-01
-9.7607018528571454e-01
-9.5982806525853748e-01
-9.4384664951113406e-01
-9.2861406031372262e-01
-9.1349465364340521e-01
-8.9901558656754266e-01
-8.8481612696867074e-01
-8.7101107099433206e-01
-8.5760158681440657e-01
-8.4443807166725360e-01
-8.3166727791717099e-01
-8.1915455830577444e-01
-8.0696130355458073e-01
-7.9495947339466599e-01
-7.8331766723684348e-01
-7.7180501329907769e-01
-7.6063079103558273e-01
-7.4961341631364664e-01
-7.3880952224099450e-01
-7.2829133663623769e-01
-7.1782744961464695e-01
-7.0766535109936579e-01
-6.9760833489338214e-01
-6.8772817575356326e-01
-6.7802465909530329e-01
-6.6845863677403838e-01
-6.5906697597656994e-01
-6.4975217353076808e-01
-6.4063186722983978e-01
-6.3158418390577697e-01
-6.2267980650279120e-01
-6.1392335050525892e-01
-6.0519314561201398e-01
-5.9663658453662760e-01
-5.8814931372731427e-01
-5.7973624663822454e-01
-5.7147164307763709e-01
-5.6322030792087019e-01
-5.5507292088928528e-01
-5.4701500210115250e-01
-5.3900525694039236e-01
-5.3107686418446887e-01
-5.2319369832020357e-01
-5.1537864899406072e-01
-5.0763085834047206e-01
-4.9989274966143149e-01
-4.9222825968523198e-01
-4.8462482481523295e-01
-4.7700483633298707e-01
-4.6945374160231462e-01
-4.6195504402916182e-01
-4.5442679141023956e-01
-4.4695024262303001e-01
-4.3951493204964082e-01
-4.3203442248477342e-01
-4.2456352024759025e-01
-4.1707548644928150e-01
-4.0946312081988789e-01
-4.0164845635372209e-01
-3.9346596511687348e-01
-3.8453637116784051e-01
-3.7420130929722389e-01
-3.6151630239430105e-01
-3.4597950412695183e-01
-3.2872829771639411e-01
-3.1222798278100367e-01
-2.9801614335845727e-01
-2.8663713682386494e-01
-2.7788294809392688e-01
-2.7111727755160031e-01
-2.6574383047145961e-01
-2.6130357494206857e-01
-2.5747627447903587e-01
-2.5404665512483432e-01
-2.5085893623725708e-01
-2.4781076894819593e-01
-2.4482959216458891e-01
-2.4187494634536483e-01
-2.3891282450866067e-01
-2.3591564847018007e-01
-2.3286540618545221e-01
-2.2974742397798495e-01
-2.2656327535922022e-01
-2.2329703509943380e-01
-2.1993445457864808e-01
-2.1647091445116437e-01
-2.1290105553130062e-01
-2.0920901445778242e-01
-2.0538717476652027e-01
-2.0142345289435498e-01
-1.9729794561070807e-01
-1.9300339989513232e-01
0.0000000000000000e+00
4.6660667278275442e-01
3.6245175181731558e-02
1.3473744924656916e+01
];
