%Vec Object:sol 1 MPI processes
%  type: mpi
sol = [
0.0000000000000000e+00
-2.8744468149715838e-06
-3.1181411111914625e-06
-3.1812399555335472e-06
-3.2177589034700123e-06
-3.2316556082387301e-06
-3.2213700130097614e-06
-3.2097800709591675e-06
-3.1897167498435629e-06
-3.1658999863252075e-06
-3.1403264954421723e-06
-4.4227508646073837e-05
-1.0337981867369936e+00
-1.0645519965838024e+00
-8.8539043402234230e-01
-7.0596296215673104e-01
-5.5589204592995378e-01
-4.2441780058367429e-01
-3.3258119841343553e-01
-2.6702832533009058e-01
-2.3136607009501337e-01
-2.1393152554918013e-01
-2.1038339623735536e-01
-2.1409189787967103e-01
-2.2116219778197099e-01
-2.2916046509537566e-01
-2.3649708224677754e-01
-2.4243684988409164e-01
-2.4700593797142328e-01
-2.4987669572496901e-01
-2.5160758672063127e-01
-2.5209762987965301e-01
-2.5175688593760087e-01
-2.5070461803425154e-01
-2.4909701680927063e-01
-2.4710432037199095e-01
-2.4478539699498561e-01
-2.4226613285672324e-01
-2.3957466596876295e-01
-2.3676258921156376e-01
-2.3390312000046790e-01
-2.3098619038021403e-01
-2.2799273784431331e-01
-2.2504216233713067e-01
-2.2210723721219772e-01
-2.1906931395111134e-01
-2.1611356768508017e-01
-2.1319154775540983e-01
-2.1027653238074276e-01
-2.0729314642227872e-01
-2.0441179396614179e-01
-2.0154632154010302e-01
-1.9871200995048949e-01
-1.9586271869920377e-01
-1.9300522223678579e-01
-1.9023598565641126e-01
-1.8747776244471359e-01
-1.8472065994452275e-01
-1.8200283384071766e-01
-1.7928190549850495e-01
-1.7655635360552796e-01
-1.7389353084029638e-01
-1.7125635643803222e-01
-1.6862403803578280e-01
-1.6599493884641647e-01
-1.6340427804508528e-01
-1.6083077522844105e-01
-1.5825075028834845e-01
-1.5569299956654728e-01
-1.5316324051382224e-01
-1.5062773431895590e-01
-1.4809901298386025e-01
-1.4560047856889891e-01
-1.4312386911197836e-01
-1.4064466423445152e-01
-1.3816611445943780e-01
-1.3570820727447439e-01
-1.3326486741358007e-01
-1.3081970359797984e-01
-1.2836180509659012e-01
-1.2592495344484742e-01
-1.2350269312942169e-01
-1.2108076954315186e-01
-1.1865164739724361e-01
-1.1622926023525317e-01
-1.1381478973383929e-01
-1.1140046276342243e-01
-1.0898337265020461e-01
-1.0655533174036454e-01
-1.0412153393536262e-01
-1.0166985547466786e-01
-9.9237063135335188e-02
-9.6798030055855439e-02
-9.4355416449839469e-02
-9.1899149540213484e-02
-8.9399651708289951e-02
-8.6904263408016144e-02
-8.4412244374223164e-02
-8.1910275217957698e-02
0.0000000000000000e+00
8.1037287366101018e-01
2.8140404039735278e-02
6.1899871763978231e-01
];
