%Vec Object:sol 1 MPI processes
%  type: mpi
sol = [
0.0000000000000000e+00
-1.1539277030515249e+00
-1.1315433904674534e+00
-1.1099806656011213e+00
-1.0890948864661552e+00
-1.0690868074978797e+00
-1.0495129863170247e+00
-1.0307322864546857e+00
-1.0124590937679931e+00
-9.9475094898686789e-01
-9.7764147546661029e-01
-9.6089178737721881e-01
-9.4467980832590226e-01
-9.2892366328054132e-01
-9.1350992817311838e-01
-8.9860653761087939e-01
-8.8394399162144655e-01
-8.6973125038928045e-01
-8.5581872482687871e-01
-8.4223007422792795e-01
-8.2891099904163634e-01
-8.1596793901430487e-01
-8.0316102726313165e-01
-7.9078070508066800e-01
-7.7847789535359657e-01
-7.6652426144100416e-01
-7.5475509994472989e-01
-7.4319081856834968e-01
-7.3183295168203832e-01
-7.2069486757548817e-01
-7.0971171770563168e-01
-6.9889802384469046e-01
-6.8831759746709043e-01
-6.7778529379084151e-01
-6.6750345012438217e-01
-6.5730385071518871e-01
-6.4725566758180442e-01
-6.3735572843633570e-01
-6.2755541931118253e-01
-6.1790675702527853e-01
-6.0831579289167492e-01
-5.9888147561034932e-01
-5.8950544712940700e-01
-5.8024069389132182e-01
-5.7109963715645784e-01
-5.6196859649592712e-01
-5.5297236851630982e-01
-5.4404061964616290e-01
-5.3514819843483385e-01
-5.2636754124044716e-01
-5.1760586989432433e-01
-5.0890501254789300e-01
-5.0027292165385939e-01
-4.9165136263967507e-01
-4.8306992480552996e-01
-4.7445360683939414e-01
-4.6567217240855990e-01
-4.5645530521160393e-01
-4.4605009564647136e-01
-4.3310751327957830e-01
-4.1568891498882538e-01
-3.9254454686541318e-01
-3.6613189667548901e-01
-3.4212070646420351e-01
-3.2338333801943075e-01
-3.1036882477654298e-01
-3.0152124306396327e-01
-2.9532561887597358e-01
-2.9072374818104130e-01
-2.8705495262117398e-01
-2.8391469898157723e-01
-2.8105111342798617e-01
-2.7834226121261740e-01
-2.7569876558985512e-01
-2.7305659827253626e-01
-2.7039439724947101e-01
-2.6769880625410414e-01
-2.6495453813880199e-01
-2.6215215235297007e-01
-2.5929150145238644e-01
-2.5637894834748709e-01
-2.5340716131354363e-01
-2.5037488836392630e-01
-2.4727809291415348e-01
-2.4412359054963884e-01
-2.4090970108953039e-01
-2.3763110338490245e-01
-2.3428526614259648e-01
-2.3086806812466359e-01
-2.2738874270049020e-01
-2.2383689733174994e-01
-2.2020336860414694e-01
-2.1648578962342499e-01
-2.1268092428158411e-01
-2.0877445284682747e-01
-2.0475945131206300e-01
-2.0062586561233692e-01
-1.9635488952951971e-01
-1.9193943935810953e-01
0.0000000000000000e+00
4.7109225709321512e-01
3.6176182186019548e-02
1.2198556619791288e+01
];
