%Vec Object:sol 1 MPI processes
%  type: mpi
sol = [
0.0000000000000000e+00
-1.0119287703577260e+00
-9.9398263439100953e-01
-9.7651909239673029e-01
-9.5982610371702115e-01
-9.4355649522799434e-01
-9.2785328308029258e-01
-9.1263926650225402e-01
-8.9791473344838424e-01
-8.8365724550919422e-01
-8.6982034854853763e-01
-8.5640312930735818e-01
-8.4325953254053465e-01
-8.3059345842023813e-01
-8.1819561340949298e-01
-8.0617126731207256e-01
-7.9447896988909139e-01
-7.8296557058509619e-01
-7.7187681558736088e-01
-7.6092815084535470e-01
-7.5029058818034022e-01
-7.3994807497070436e-01
-7.2970099361252094e-01
-7.1980762291185985e-01
-7.1003539717806785e-01
-7.0047292864276789e-01
-6.9120514033838965e-01
-6.8194824994512671e-01
-6.7297162511613939e-01
-6.6416234354932135e-01
-6.5544160085934611e-01
-6.4696703307202563e-01
-6.3856125281799880e-01
-6.3030412109953804e-01
-6.2223187599375973e-01
-6.1421521830536141e-01
-6.0635714330065038e-01
-5.9861564761862862e-01
-5.9096062150193163e-01
-5.8344536022352400e-01
-5.7599487747159483e-01
-5.6865351993603852e-01
-5.6143250626449648e-01
-5.5423842253923761e-01
-5.4716836671424463e-01
-5.4018345132977708e-01
-5.3323132868529632e-01
-5.2639552840317660e-01
-5.1961546378159940e-01
-5.1287155299980780e-01
-5.0623191898983222e-01
-4.9963479776584135e-01
-4.9306660411211345e-01
-4.8658877953737728e-01
-4.8015520747927676e-01
-4.7373374284876674e-01
-4.6739021635049111e-01
-4.6109912790638369e-01
-4.5479847944848145e-01
-4.4856465499673176e-01
-4.4239025137658144e-01
-4.3619389081598481e-01
-4.3004796366465031e-01
-4.2395394319650542e-01
-4.1785968977201376e-01
-4.1178170841029699e-01
-4.0574753137877445e-01
-3.9973294794794451e-01
-3.9371604165505947e-01
-3.8772691017973060e-01
-3.8177123863673473e-01
-3.7580478620992397e-01
-3.6985443980235183e-01
-3.6392753325416194e-01
-3.5801946723391131e-01
-3.5210240269805615e-01
-3.4620524909759781e-01
-3.4032996903992785e-01
-3.3446895889090683e-01
-3.2861251526949659e-01
-3.2278663102041294e-01
-3.1699829521303841e-01
-3.1125541977969379e-01
-3.0555865348803685e-01
-2.9995199251464988e-01
-2.9445324500076331e-01
-2.8908851285651088e-01
-2.8384344032132608e-01
-2.7872605281738755e-01
-2.7369986356051412e-01
-2.6870871161510157e-01
-2.6368996427942143e-01
-2.5859955333331036e-01
-2.5346545726125352e-01
-2.4834695557391878e-01
-2.4334912829962438e-01
-2.3857752437369456e-01
-2.3412442051258436e-01
-2.3008412823160027e-01
0.0000000000000000e+00
4.5658621502828278e-01
3.6295210385578758e-02
1.4534768391059000e+01
];
