%Vec Object:sol 1 MPI processes
%  type: mpi
sol = [
0.0000000000000000e+00
-9.6270482117548217e-01
-9.4650410588510903e-01
-9.3076403017608755e-01
-9.1547788988625700e-01
-9.0096763770100341e-01
-8.8654203750228378e-01
-8.7280467168591180e-01
-8.5947385354836581e-01
-8.4641736685781432e-01
-8.3396906043262697e-01
-8.2163791327239499e-01
-8.0976223662525004e-01
-7.9830788855010626e-01
-7.8695246289832654e-01
-7.7607666044688450e-01
-7.6540845021613491e-01
-7.5497612547985915e-01
-7.4493503906456904e-01
-7.3498736358496808e-01
-7.2534736262312205e-01
-7.1601125814511446e-01
-7.0672376894891031e-01
-6.9776985572544892e-01
-6.8900246460873948e-01
-6.8035372624597501e-01
-6.7199902604950446e-01
-6.6374431643646015e-01
-6.5565679895134610e-01
-6.4781827724985064e-01
-6.4003976477190028e-01
-6.3244744453841428e-01
-6.2506768027225057e-01
-6.1772227754553743e-01
-6.1057023582810233e-01
-6.0360403835243170e-01
-5.9665199807105829e-01
-5.8989420337550103e-01
-5.8329202516544454e-01
-5.7671154545775793e-01
-5.7031007905568010e-01
-5.6404291093260628e-01
-5.5780242243902256e-01
-5.5172491253537659e-01
-5.4577069488664898e-01
-5.3984090978619070e-01
-5.3406064162118139e-01
-5.2840098513856237e-01
-5.2275787146328734e-01
-5.1725302636352977e-01
-5.1186880081700514e-01
-5.0649704689917874e-01
-5.0125017727273047e-01
-4.9612532962879036e-01
-4.9101372772174817e-01
-4.8601123143204206e-01
-4.8112541373615925e-01
-4.7627309257838313e-01
-4.7150429577741537e-01
-4.6684686942147341e-01
-4.6224265705190948e-01
-4.5770758994811828e-01
-4.5327318830146696e-01
-4.4891004030749471e-01
-4.4460876449925846e-01
-4.4039489732592169e-01
-4.3627219539833556e-01
-4.3219372548188162e-01
-4.2821057228414372e-01
-4.2431870103325964e-01
-4.2047438584515601e-01
-4.1671943840643466e-01
-4.1305667668681834e-01
-4.0946241756251089e-01
-4.0593490076722583e-01
-4.0250800187341362e-01
-3.9917421768814876e-01
-3.9588215411706551e-01
-3.9269124739499012e-01
-3.8960217362537253e-01
-3.8658511368993487e-01
-3.8363953787448429e-01
-3.8079811911400224e-01
-3.7806085294585845e-01
-3.7538133828006753e-01
-3.7279787427459848e-01
-3.7032140936275965e-01
-3.6793640758180651e-01
-3.6563002235754949e-01
-3.6342878713860288e-01
-3.6133561809213255e-01
-3.5932367901914652e-01
-3.5741468444398639e-01
-3.5562465579392832e-01
-3.5395231317971260e-01
-3.5237604903641662e-01
-3.5095420489397477e-01
-3.4971533241829938e-01
-3.4868951292114053e-01
0.0000000000000000e+00
4.4212859829499973e-01
3.6295210385578758e-02
1.4534768391059000e+01
];
