%Vec Object:sol 1 MPI processes
%  type: mpi
sol = [
0.0000000000000000e+00
-9.6492149389391535e-01
-9.4866104614895841e-01
-9.3278526152329377e-01
-9.1744506648123447e-01
-9.0284962007937630e-01
-8.8833265738835476e-01
-8.7454842551302725e-01
-8.6109955927484549e-01
-8.4799983863262107e-01
-8.3550909757366199e-01
-8.2306696518227118e-01
-8.1115165626321872e-01
-7.9959139350674691e-01
-7.8819867162186064e-01
-7.7728575617916140e-01
-7.6651689466302986e-01
-7.5604919314389174e-01
-7.4597258789356236e-01
-7.3592865724496082e-01
-7.2625426014351868e-01
-7.1682720881815354e-01
-7.0750447751431123e-01
-6.9851712128313082e-01
-6.8966014359397265e-01
-6.8097833300683996e-01
-6.7258993272159651e-01
-6.6424797996058471e-01
-6.5612695725256964e-01
-6.4825418135026436e-01
-6.4039048475254312e-01
-6.3276379783692394e-01
-6.2532720995639179e-01
-6.1792065792816964e-01
-6.1073362583110569e-01
-6.0368916373720949e-01
-5.9669834365821306e-01
-5.8990440945603029e-01
-5.8322138307916682e-01
-5.7660379458221711e-01
-5.7016403803973026e-01
-5.6381620827711254e-01
-5.5753642463144126e-01
-5.5141842777356342e-01
-5.4538356768782925e-01
-5.3941221022721408e-01
-5.3358915375780491e-01
-5.2784867810569058e-01
-5.2216161080406631e-01
-5.1661157645635747e-01
-5.1114617853620548e-01
-5.0572800752995362e-01
-5.0043348143393096e-01
-4.9522697517753300e-01
-4.9006646008624466e-01
-4.8501384370257833e-01
-4.8005676646246526e-01
-4.7514270817416665e-01
-4.7032205933832222e-01
-4.6560798064268200e-01
-4.6092586564657417e-01
-4.5633742836781355e-01
-4.5184867310019872e-01
-4.4740386697180240e-01
-4.4304750484619759e-01
-4.3877778610241525e-01
-4.3457395514473263e-01
-4.3043930330622493e-01
-4.2639941940913467e-01
-4.2243897849088319e-01
-4.1852706204050305e-01
-4.1471585251361004e-01
-4.1099671650321057e-01
-4.0732558686281006e-01
-4.0374280445785710e-01
-4.0026084993405237e-01
-3.9685449529868350e-01
-3.9350866550727587e-01
-3.9026569511077758e-01
-3.8712540929710387e-01
-3.8404151914518420e-01
-3.8104806985140949e-01
-3.7816022174918901e-01
-3.7536596877360390e-01
-3.7264172542614193e-01
-3.7001876454706911e-01
-3.6750508593680487e-01
-3.6507217756389793e-01
-3.6273481816143777e-01
-3.6050574618520709e-01
-3.5838828414836288e-01
-3.5634481316406147e-01
-3.5442111918413005e-01
-3.5262207345546459e-01
-3.5093784734483119e-01
-3.4937037931102338e-01
-3.4797053746702317e-01
-3.4677185193001353e-01
-3.4580214073723048e-01
0.0000000000000000e+00
4.4278038411732340e-01
3.6295210385578758e-02
1.4534768391059000e+01
];
