%Vec Object:sol 1 MPI processes
%  type: mpi
sol = [
0.0000000000000000e+00
-1.6932724148849068e+00
-1.6423048029301168e+00
-1.5937104528117825e+00
-1.5473749094620399e+00
-1.5032935382375692e+00
-1.4608481640475510e+00
-1.4202812882115070e+00
-1.3811583037257897e+00
-1.3435380442213634e+00
-1.3074593602086553e+00
-1.2724626568700281e+00
-1.2386630671130705e+00
-1.2059469895183312e+00
-1.1742308567176130e+00
-1.1435934230831986e+00
-1.1136074490759775e+00
-1.0845171085635519e+00
-1.0562714214925084e+00
-1.0285972516618758e+00
-1.0016216150427031e+00
-9.7528264200723824e-01
-9.4946871469646976e-01
-9.2420075743833374e-01
-8.9941379633387486e-01
-8.7504291250647770e-01
-8.5060072755628979e-01
-8.1297701406627909e-01
-6.7229642833626779e-01
-5.0729127170485222e-01
-4.3352948362494009e-01
-4.1173618381298527e-01
-4.0505118031271770e-01
-4.0196398792802396e-01
-3.9942491816430958e-01
-3.9672333983768143e-01
-3.9363474837973861e-01
-3.9014805307828254e-01
-3.8632010431405717e-01
-3.8216446638052193e-01
-3.7772257131788028e-01
-3.7305088073516668e-01
-3.6816348898675111e-01
-3.6307982575061065e-01
-3.5783384488646219e-01
-3.5244359242478113e-01
-3.4696342357940058e-01
-3.4142200305506981e-01
-3.3581721551922544e-01
-3.3019045062445040e-01
-3.2456222004087892e-01
-3.1893723090598891e-01
-3.1334736205643471e-01
-3.0779596196537340e-01
-3.0229277034157787e-01
-2.9686046558241380e-01
-2.9150520046171641e-01
-2.8622382776748745e-01
-2.8102905667534411e-01
-2.7593168849944033e-01
-2.7092045081193344e-01
-2.6602085476253073e-01
-2.6122350651442577e-01
-2.5652247081584334e-01
-2.5192205922525429e-01
-2.4742809032716770e-01
-2.4303878003956755e-01
-2.3874235838446503e-01
-2.3454255531409124e-01
-2.3044260572715877e-01
-2.2643417948010178e-01
-2.2250458176102952e-01
-2.1867287722117845e-01
-2.1492993323367954e-01
-2.1125679902965810e-01
-2.0765797315095258e-01
-2.0413595636614773e-01
-2.0068204147503368e-01
-1.9728650189933394e-01
-1.9394586920596898e-01
-1.9066747159347236e-01
-1.8743980142228253e-01
-1.8425615454539659e-01
-1.8110695476675936e-01
-1.7799641942350339e-01
-1.7491836063849869e-01
-1.7186335814666193e-01
-1.6882421775538226e-01
-1.6579103779556495e-01
-1.6276962747474913e-01
-1.5974504578249893e-01
-1.5670919819131984e-01
-1.5365389266765495e-01
-1.5057319270644390e-01
-1.4744947536039790e-01
-1.4427089049482195e-01
-1.4102928831667960e-01
-1.3770423460154627e-01
-1.3428501561705283e-01
0.0000000000000000e+00
5.0661266150200701e-01
3.5472018462226057e-02
5.7401906169486621e+00
];
