%Vec Object:sol 1 MPI processes
%  type: mpi
sol = [
0.0000000000000000e+00
-1.3840559761384876e+00
-1.3514600914643362e+00
-1.3200273372334570e+00
-1.2897735068593150e+00
-1.2609726278016504e+00
-1.2328404875479528e+00
-1.2059434862934320e+00
-1.1800097620892585e+00
-1.1547537864101900e+00
-1.1305731820492269e+00
-1.1069245708560458e+00
-1.0840902806507517e+00
-1.0620341143659766e+00
-1.0403897532894326e+00
-1.0195524355915750e+00
-9.9913720413167184e-01
-9.7929009057437921e-01
-9.6004381025807051e-01
-9.4107858063673533e-01
-9.2273185218456877e-01
-9.0468495727754017e-01
-8.8708013806497565e-01
-8.6986829506782437e-01
-8.5296641826198261e-01
-8.3642889472914206e-01
-8.2021423666894488e-01
-8.0427645057071984e-01
-7.8859626351072609e-01
-7.7327011656259803e-01
-7.5807018958579320e-01
-7.4321768192680571e-01
-7.2851564286218573e-01
-7.1406739223415827e-01
-6.9977381484035339e-01
-6.8572913064651619e-01
-6.7178004260466251e-01
-6.5806538302684303e-01
-6.4444768052835011e-01
-6.3088478598503395e-01
-6.1682426009545954e-01
-5.9932549474925823e-01
-5.6768860327475945e-01
-5.1095816951810447e-01
-4.4603278570285654e-01
-3.9764085117659803e-01
-3.7075182165012244e-01
-3.5739983659900781e-01
-3.5039040068031407e-01
-3.4612776841354109e-01
-3.4297799639224552e-01
-3.4022459005616135e-01
-3.3757473862490323e-01
-3.3488676772541848e-01
-3.3210398902755583e-01
-3.2921256708221541e-01
-3.2621063871027217e-01
-3.2309082617962359e-01
-3.1986429337311384e-01
-3.1654890840947431e-01
-3.1313744350837519e-01
-3.0965824004402198e-01
-3.0611138002248534e-01
-3.0249956587385302e-01
-2.9883487930641672e-01
-2.9512912006170838e-01
-2.9139089436865112e-01
-2.8761745371382136e-01
-2.8379509488470339e-01
-2.7993018203931330e-01
-2.7604728755976665e-01
-2.7214037684805714e-01
-2.6823546215365995e-01
-2.6433178086496012e-01
-2.6041884723276076e-01
-2.5650807176663465e-01
-2.5260759865649984e-01
-2.4871518304937651e-01
-2.4482838124276293e-01
-2.4095069333271610e-01
-2.3709307545558203e-01
-2.3324977602400820e-01
-2.2941975785479127e-01
-2.2559878668540501e-01
-2.2179444752534064e-01
-2.1800485362937216e-01
-2.1422448982804959e-01
-2.1045018033550014e-01
-2.0667661361354428e-01
-2.0291254864691685e-01
-1.9914697829532854e-01
-1.9537299715645198e-01
-1.9158680535087355e-01
-1.8778548957560942e-01
-1.8395521017404151e-01
-1.8008841777527426e-01
-1.7617864972440617e-01
-1.7220937313283627e-01
-1.6817493517621834e-01
0.0000000000000000e+00
4.8414505996084795e-01
3.5901405845134134e-02
8.6508323379753751e+00
];
