%Vec Object:sol 1 MPI processes
%  type: mpi
sol = [
0.0000000000000000e+00
-9.4810963784639479e-01
-9.3230788304452183e-01
-9.1716681658404375e-01
-9.0254690437952090e-01
-8.8837217953054104e-01
-8.7466782021618039e-01
-8.6137388173218576e-01
-8.4847219794534323e-01
-8.3608947753461660e-01
-8.2392403227349653e-01
-8.1212118756279161e-01
-8.0075169973178573e-01
-7.8958282014693149e-01
-7.7880495006408745e-01
-7.6830907015992589e-01
-7.5800855077510088e-01
-7.4810635736353792e-01
-7.3835210000506113e-01
-7.2883292879636230e-01
-7.1966907269447489e-01
-7.1056999748453642e-01
-7.0175574975132193e-01
-6.9320487457252300e-01
-6.8472685118577037e-01
-6.7652819069580272e-01
-6.6852296217489304e-01
-6.6059857231619501e-01
-6.5294193105432929e-01
-6.4541578259884991e-01
-6.3799815865407250e-01
-6.3082252377179604e-01
-6.2373112801073460e-01
-6.1676871260510835e-01
-6.1002320508568530e-01
-6.0333194230011222e-01
-5.9677820091142109e-01
-5.9042027809949238e-01
-5.8409923764812810e-01
-5.7791517263383185e-01
-5.7190911636017749e-01
-5.6593254685034122e-01
-5.6008548108929235e-01
-5.5440133420395077e-01
-5.4874714552295434e-01
-5.4320970648671996e-01
-5.3782237806036604e-01
-5.3247170604044802e-01
-5.2722103177513968e-01
-5.2210961448133286e-01
-5.1704240770643095e-01
-5.1206370034738935e-01
-5.0721098813999432e-01
-5.0240981829900100e-01
-4.9769177924782426e-01
-4.9308379042201528e-01
-4.8853743219390949e-01
-4.8406804461414693e-01
-4.7969368607623236e-01
-4.7539329630167942e-01
-4.7115628230403744e-01
-4.6701390931861742e-01
-4.6295279172257370e-01
-4.5893715820847630e-01
-4.5502443021907313e-01
-4.5119760776399265e-01
-4.4739863734003055e-01
-4.4370097310575907e-01
-4.4009621358193624e-01
-4.3652983116098132e-01
-4.3304276559257415e-01
-4.2965282347348521e-01
-4.2632409910492319e-01
-4.2304680141376888e-01
-4.1986519892152191e-01
-4.1677464086427601e-01
-4.1371249195376192e-01
-4.1074009764862235e-01
-4.0786114328506989e-01
-4.0503640410625946e-01
-4.0228029829449946e-01
-3.9961152221050023e-01
-3.9702175629545483e-01
-3.9448279229347982e-01
-3.9203468048453655e-01
-3.8967066906506620e-01
-3.8735745877365124e-01
-3.8512535782125507e-01
-3.8298480226986115e-01
-3.8091532018088797e-01
-3.7890063802513313e-01
-3.7697786392000388e-01
-3.7514663356015426e-01
-3.7336912983909326e-01
-3.7167039917129108e-01
-3.7006576850047035e-01
-3.6854646600395369e-01
-3.6710032720474417e-01
-3.6577150190280106e-01
0.0000000000000000e+00
4.3754291511033694e-01
3.6295210385578758e-02
1.4534768391059000e+01
];
