%Vec Object:sol 1 MPI processes
%  type: mpi
sol = [
0.0000000000000000e+00
-1.1873035554336768e+00
-1.1637481100398150e+00
-1.1407960127705081e+00
-1.1188596663969756e+00
-1.0975631128970817e+00
-1.0770321732539780e+00
-1.0570553527942312e+00
-1.0378772333382262e+00
-1.0190856778553976e+00
-1.0011249716795396e+00
-9.8338064293112615e-01
-9.6636801832179353e-01
-9.4968976477273281e-01
-9.3352639663709325e-01
-9.1775557695180465e-01
-9.0239533305187281e-01
-8.8735415373425952e-01
-8.7279717256568423e-01
-8.5840778669379969e-01
-8.4449464040928901e-01
-8.3077071430919958e-01
-8.1741883265378323e-01
-8.0427933057949863e-01
-7.9147134151085807e-01
-7.7880063182189430e-01
-7.6651412743594871e-01
-7.5429315639648087e-01
-7.4239631454846722e-01
-7.3066392035510042e-01
-7.1911736113595881e-01
-7.0776829363749427e-01
-6.9659865975262814e-01
-6.8558740578051347e-01
-6.7472144523244348e-01
-6.6406499174423061e-01
-6.5345240394233706e-01
-6.4306332983035552e-01
-6.3275156646896014e-01
-6.2257037894977474e-01
-6.1252729089303826e-01
-6.0256604721644902e-01
-5.9274322340157559e-01
-5.8296494672649246e-01
-5.7332479263216518e-01
-5.6374140696744535e-01
-5.5424134810430048e-01
-5.4486371897625829e-01
-5.3547684026147790e-01
-5.2619818501620774e-01
-5.1698727847899006e-01
-5.0776510276725872e-01
-4.9855606719686663e-01
-4.8914234870151546e-01
-4.7905560738380581e-01
-4.6715194480322192e-01
-4.5110383823558003e-01
-4.2829040916863131e-01
-3.9875232519078219e-01
-3.6827310563662208e-01
-3.4347216894944482e-01
-3.2619808284879709e-01
-3.1500915695414150e-01
-3.0766204416811072e-01
-3.0255121594009837e-01
-2.9868911519826891e-01
-2.9550588434924413e-01
-2.9266829758191787e-01
-2.8999499241233234e-01
-2.8738962015916614e-01
-2.8479224525649482e-01
-2.8215852737048297e-01
-2.7949205102071567e-01
-2.7677903622901723e-01
-2.7400140824604530e-01
-2.7116595488554313e-01
-2.6827707578538107e-01
-2.6533065271185352e-01
-2.6232420259504574e-01
-2.5926194354401499e-01
-2.5615350143750532e-01
-2.5299355120151362e-01
-2.4978210813343399e-01
-2.4651593124068108e-01
-2.4320260749099210e-01
-2.3984088187039249e-01
-2.3642580158824181e-01
-2.3295500220449422e-01
-2.2942434330183362e-01
-2.2584310675290792e-01
-2.2220093642981165e-01
-2.1848915604579969e-01
-2.1470516174809612e-01
-2.1084574452178420e-01
-2.0689661909575727e-01
-2.0285067333864890e-01
-1.9869837479630614e-01
-1.9442116467548520e-01
-1.9001194139962685e-01
0.0000000000000000e+00
4.7301491557210046e-01
3.6139447152584256e-02
1.1596413868452350e+01
];
