%Vec Object:sol 1 MPI processes
%  type: mpi
sol = [
0.0000000000000000e+00
-9.9798226262092404e-01
-9.8046015261689234e-01
-9.6345495431489891e-01
-9.4697625157133714e-01
-9.3129839446215745e-01
-9.1574832690081243e-01
-9.0098645346980166e-01
-8.8652987885118539e-01
-8.7253359237143946e-01
-8.5910413844321887e-01
-8.4579681058127631e-01
-8.3308874631282637e-01
-8.2060151793020375e-01
-8.0846835017997964e-01
-7.9676058478187628e-01
-7.8518133834059978e-01
-7.7403720316338254e-01
-7.6310021148948926e-01
-7.5239578678054031e-01
-7.4204245711325079e-01
-7.3180845367700131e-01
-7.2187751005418399e-01
-7.1215022757171564e-01
-7.0259014014854149e-01
-6.9331912699099540e-01
-6.8414290122134691e-01
-6.7517082309290632e-01
-6.6640184053794227e-01
-6.5776766706090983e-01
-6.4932006645909657e-01
-6.4099374742675386e-01
-6.3283027202607800e-01
-6.2484027007386589e-01
-6.1690673201258717e-01
-6.0915681038972347e-01
-6.0152805758554684e-01
-5.9398097318881837e-01
-5.8659462390827577e-01
-5.7928695342884617e-01
-5.7207722344655598e-01
-5.6501078059343890e-01
-5.5798980352150451e-01
-5.5107473933016182e-01
-5.4429027974606847e-01
-5.3752636950051280e-01
-5.3086928202410577e-01
-5.2433383477994533e-01
-5.1780137348322397e-01
-5.1137074375159552e-01
-5.0505167947533469e-01
-4.9873272483676995e-01
-4.9250169429854040e-01
-4.8637049695354190e-01
-4.8025039100447586e-01
-4.7419633607179917e-01
-4.6823217006775714e-01
-4.6229575504923009e-01
-4.5640021928200619e-01
-4.5058639168431830e-01
-4.4481528156766170e-01
-4.3907070045924501e-01
-4.3339494245430171e-01
-4.2777736545969713e-01
-4.2217775179545231e-01
-4.1663250308116889e-01
-4.1115536659784646e-01
-4.0569575758660703e-01
-4.0028757320636216e-01
-3.9493679525781589e-01
-3.8963282395160570e-01
-3.8436125362290730e-01
-3.7914935168448244e-01
-3.7399943718440604e-01
-3.6888220949845590e-01
-3.6382406486475716e-01
-3.5883185192051931e-01
-3.5390945597446688e-01
-3.4902340720355562e-01
-3.4421929315067912e-01
-3.3949634278250213e-01
-3.3485410482153088e-01
-3.3027538273303858e-01
-3.2580013746018960e-01
-3.2143484679666945e-01
-3.1718205431771002e-01
-3.1303249413579265e-01
-3.0903346672269505e-01
-3.0520417767966729e-01
-3.0156513356311798e-01
-2.9812293350074154e-01
-2.9493329694860326e-01
-2.9203420933155194e-01
-2.8945199436041852e-01
-2.8718123706131848e-01
-2.8520622414170671e-01
-2.8348071693242072e-01
-2.8190062447660430e-01
-2.8033543978598574e-01
0.0000000000000000e+00
4.5260929086596230e-01
3.6295210385578758e-02
1.4534768391059000e+01
];
