%Vec Object:sol 1 MPI processes
%  type: mpi
sol = [
0.0000000000000000e+00
-1.8437471606027918e-06
-2.0812665949401062e-06
-2.6154216798458928e-06
-2.2099206170713455e+00
-1.9716156480489324e+00
-1.7703050098697022e+00
-1.6001210096597958e+00
-1.4447760470715700e+00
-1.3062443002801725e+00
-1.1701122617730035e+00
-1.0355028388801903e+00
-8.9885403537899811e-01
-7.5515754701583848e-01
-6.1689098351107374e-01
-4.7747240025343801e-01
-3.6010302910100661e-01
-2.5684211848397343e-01
-1.8464955458200208e-01
-1.3318526431834191e-01
-1.0555182190838673e-01
-9.2579637722251945e-02
-9.0780432776644840e-02
-9.4961600884527514e-02
-1.0193122753148330e-01
-1.0973791225964374e-01
-1.1707524211525257e-01
-1.2330761647020490e-01
-1.2851379720179609e-01
-1.3228084413667798e-01
-1.3518900205425791e-01
-1.3705235123646162e-01
-1.3820979335855696e-01
-1.3883684309950409e-01
-1.3893272877986873e-01
-1.3872227017529176e-01
-1.3825365251480548e-01
-1.3755529836591190e-01
-1.3672628702377287e-01
-1.3580510776781024e-01
-1.3478640681673276e-01
-1.3371978427386780e-01
-1.3260845826092710e-01
-1.3148012389319133e-01
-1.3034742676110919e-01
-1.2916938644631729e-01
-1.2800544679227918e-01
-1.2685047904974253e-01
-1.2570777542045375e-01
-1.2452810553369943e-01
-1.2337971853734578e-01
-1.2225396704658192e-01
-1.2114321614243713e-01
-1.2001643606888870e-01
-1.1889831426925189e-01
-1.1782466527646611e-01
-1.1675544980398671e-01
-1.1568885513316961e-01
-1.1465239304605286e-01
-1.1362144092715418e-01
-1.1258497351311665e-01
-1.1160130129930855e-01
-1.1063800634944335e-01
-1.0967904378327252e-01
-1.0873307339774801e-01
-1.0782539527504499e-01
-1.0693788165913319e-01
-1.0605843444542229e-01
-1.0520318910563274e-01
-1.0438219007654000e-01
-1.0357543508656397e-01
-1.0277942922882383e-01
-1.0202691815325661e-01
-1.0130877744285069e-01
-1.0059998521827904e-01
-9.9911479500690140e-02
-9.9256754334875075e-02
-9.8627051617054234e-02
-9.8010714854308997e-02
-9.7406574271689431e-02
-9.6834574644401497e-02
-9.6284087874598301e-02
-9.5744766660799036e-02
-9.5210631970274406e-02
-9.4689734137995751e-02
-9.4180137361163416e-02
-9.3669086703531426e-02
-9.3150591798055446e-02
-9.2616721924561413e-02
-9.2075278666398475e-02
-9.1508447033567350e-02
-9.0917213864010235e-02
-9.0287997482059054e-02
-8.9616561747932019e-02
-8.8885062590771571e-02
-8.8072454036010814e-02
-8.7182304394664775e-02
-8.6193048882414830e-02
-8.5089513653517121e-02
0.0000000000000000e+00
6.6688805296390652e-01
3.1561706805099420e-02
1.1759363037704351e+00
];
