%Vec Object:sol 1 MPI processes
%  type: mpi
sol = [
0.0000000000000000e+00
-9.3740124580669071e-01
-9.2230137666435263e-01
-9.0744808754381978e-01
-8.9326326585956006e-01
-8.7958043625265347e-01
-8.6613236763121548e-01
-8.5336796455122743e-01
-8.4078902410153733e-01
-8.2864093507939651e-01
-8.1704821076055856e-01
-8.0546027118537156e-01
-7.9440653975776554e-01
-7.8367638151474184e-01
-7.7309793955509976e-01
-7.6297597182852406e-01
-7.5301301872547166e-01
-7.4329895543001157e-01
-7.3395937264785260e-01
-7.2470192262097355e-01
-7.1573464534467157e-01
-7.0705964917850905e-01
-6.9845048892468842e-01
-6.9013427674787242e-01
-6.8204778113432463e-01
-6.7401735303042631e-01
-6.6627423252333662e-01
-6.5869307474091454e-01
-6.5120231337314860e-01
-6.4395664546101983e-01
-6.3684664621894571e-01
-6.2983578501209225e-01
-6.2303574979317788e-01
-6.1635557063531266e-01
-6.0977461585749715e-01
-6.0337941576018050e-01
-5.9709069594540776e-01
-5.9089767111608027e-01
-5.8487236518901542e-01
-5.7894264731802725e-01
-5.7310212761386203e-01
-5.6741672997495485e-01
-5.6181847261464102e-01
-5.5630058022047657e-01
-5.5092945509087610e-01
-5.4563932158877049e-01
-5.4041886409673390e-01
-5.3534014834433308e-01
-5.3033838957751245e-01
-5.2539417303790781e-01
-5.2058519794525060e-01
-5.1585932974034288e-01
-5.1117363396520232e-01
-5.0661457769644291e-01
-5.0215486383125141e-01
-4.9771290378456517e-01
-4.9339024943175108e-01
-4.8917828582023748e-01
-4.8497457841852437e-01
-4.8087668870849076e-01
-4.7688789090908812e-01
-4.7292730277333933e-01
-4.6904517155432046e-01
-4.6526733867331643e-01
-4.6154637787234887e-01
-4.5787277740897420e-01
-4.5429947111159646e-01
-4.5080172523414014e-01
-4.4734129514433579e-01
-4.4396756266301285e-01
-4.4068678582757770e-01
-4.3743031953861811e-01
-4.3425883236739349e-01
-4.3117301757667298e-01
-4.2812961449522358e-01
-4.2515812192839958e-01
-4.2226832579692436e-01
-4.1943713246693359e-01
-4.1665613022297265e-01
-4.1396250114935745e-01
-4.1134765299771270e-01
-4.0875615832967249e-01
-4.0625078885787891e-01
-4.0383023684864033e-01
-4.0145513563799023e-01
-3.9913738867650600e-01
-3.9690356924746772e-01
-3.9473898010783515e-01
-3.9261731602084904e-01
-3.9057337738261966e-01
-3.8860852608810326e-01
-3.8668263240612494e-01
-3.8483003309106834e-01
-3.8305863799457041e-01
-3.8134313603391029e-01
-3.7967858668758286e-01
-3.7809636309123251e-01
-3.7659747653129599e-01
-3.7514025432213793e-01
0.0000000000000000e+00
4.3428817320189461e-01
3.6295210385578758e-02
1.4534768391059000e+01
];
