%Vec Object:sol 1 MPI processes
%  type: mpi
sol = [
0.0000000000000000e+00
-9.5276888966790607e-01
-9.3681788497027529e-01
-9.2155106561704991e-01
-9.0663662483652319e-01
-8.9234791078869746e-01
-8.7849713197571866e-01
-8.6496468931913428e-01
-8.5196075208293309e-01
-8.3931799414262898e-01
-8.2705801526303413e-01
-8.1516083336970968e-01
-8.0354634247498435e-01
-7.9228917707222235e-01
-7.8140349990007407e-01
-7.7069601730782744e-01
-7.6031250762703917e-01
-7.5023206577659796e-01
-7.4035414012409717e-01
-7.3075573883845224e-01
-7.2137916538296409e-01
-7.1220359019047341e-01
-7.0331177754794738e-01
-6.9455607942447828e-01
-6.8600232446749687e-01
-6.7772139348171889e-01
-6.6952421785776883e-01
-6.6152482148684355e-01
-6.5375328727243254e-01
-6.4607514468029037e-01
-6.3858247290834913e-01
-6.3126927617959061e-01
-6.2405404895100824e-01
-6.1701586718203305e-01
-6.1011815773996514e-01
-6.0332162465297989e-01
-5.9669083661971201e-01
-5.9017249173436037e-01
-5.8375693263119999e-01
-5.7749411620465352e-01
-5.7132472300100967e-01
-5.6525809784855863e-01
-5.5933031438962499e-01
-5.5348434461272344e-01
-5.4773955133659813e-01
-5.4211936032631980e-01
-5.3657547520784465e-01
-5.3112973341824732e-01
-5.2579440879166817e-01
-5.2053493311137067e-01
-5.1536521023765758e-01
-5.1030026552833052e-01
-5.0531080195556632e-01
-5.0039746290023013e-01
-4.9559204771886084e-01
-4.9086100200619476e-01
-4.8619123805693903e-01
-4.8163391235415487e-01
-4.7715234568583309e-01
-4.7271631050049456e-01
-4.6839154815464895e-01
-4.6415975230502954e-01
-4.5995031686008264e-01
-4.5584804354379649e-01
-4.5184827234270070e-01
-4.4787747568920427e-01
-4.4399338607905509e-01
-4.4021085537564925e-01
-4.3648776089553137e-01
-4.3282010532926346e-01
-4.2925213493385833e-01
-4.2577142687514985e-01
-4.2232640342327737e-01
-4.1897372216026951e-01
-4.1571804269481788e-01
-4.1250993995721141e-01
-4.0937918521483174e-01
-4.0634017626533370e-01
-4.0337455704008435e-01
-4.0047038503801197e-01
-3.9765739596686084e-01
-3.9493466612427702e-01
-3.9225665666918008e-01
-3.8967216701710622e-01
-3.8718211320193413e-01
-3.8475643537477511e-01
-3.8240028348786897e-01
-3.8014065652228685e-01
-3.7797707113168078e-01
-3.7585870680087324e-01
-3.7383265051997994e-01
-3.7190382730308907e-01
-3.7005312955979441e-01
-3.6827452787137083e-01
-3.6659138978714362e-01
-3.6501145650908079e-01
-3.6350398096163289e-01
-3.6211271738773321e-01
-3.6086314386708979e-01
0.0000000000000000e+00
4.3900699223138018e-01
3.6295210385578758e-02
1.4534768391059000e+01
];
