%Vec Object:sol 1 MPI processes
%  type: mpi
sol = [
0.0000000000000000e+00
-9.3087678629414772e-01
-9.1605912373296483e-01
-9.0153176360335230e-01
-8.8751855050118944e-01
-8.7422116379341974e-01
-8.6094189568804791e-01
-8.4833030328174008e-01
-8.3612255438478122e-01
-8.2411615048096964e-01
-8.1267937098494802e-01
-8.0142291209534611e-01
-7.9049859426924818e-01
-7.7998877583967308e-01
-7.6964530480652216e-01
-7.5964335295951224e-01
-7.4994560759109608e-01
-7.4039499828582056e-01
-7.3116844914378787e-01
-7.2220623988466204e-01
-7.1335031232849744e-01
-7.0478314721043922e-01
-6.9645934546480015e-01
-6.8824662601354680e-01
-6.8026747820880074e-01
-6.7250689425899157e-01
-6.6486375435307421e-01
-6.5741109663595121e-01
-6.5015405994744957e-01
-6.4300570702228543e-01
-6.3603739128633119e-01
-6.2923396602966275e-01
-6.2252920985204463e-01
-6.1599755204201057e-01
-6.0960561247127421e-01
-6.0330410349954511e-01
-5.9716560230490912e-01
-5.9114946204683683e-01
-5.8521654623145569e-01
-5.7943456321199993e-01
-5.7376384258768998e-01
-5.6816966691286275e-01
-5.6271317721431247e-01
-5.5736194685180340e-01
-5.5208086370407339e-01
-5.4692360885248825e-01
-5.4186974640036012e-01
-5.3687974108442182e-01
-5.3199948518424001e-01
-5.2722412762212301e-01
-5.2250223176205246e-01
-5.1788434251440107e-01
-5.1337146791036081e-01
-5.0889740979450038e-01
-5.0453026345595176e-01
-5.0026625207429043e-01
-4.9602594338517869e-01
-4.9189664831509372e-01
-4.8785944388853358e-01
-4.8385121385897256e-01
-4.7994149059719443e-01
-4.7612294700041402e-01
-4.7234200471262522e-01
-4.6863881364006466e-01
-4.6503451032884840e-01
-4.6147306414943395e-01
-4.5796904959633616e-01
-4.5456170089945924e-01
-4.5122360611091028e-01
-4.4791283860080588e-01
-4.4469536764020895e-01
-4.4156876299591896e-01
-4.3845425568313390e-01
-4.3542206293384939e-01
-4.3247811543872594e-01
-4.2957492911389722e-01
-4.2672979851091142e-01
-4.2396552401888599e-01
-4.2126233407146096e-01
-4.1860315493842287e-01
-4.1602222756722279e-01
-4.1351631262280375e-01
-4.1103391119670762e-01
-4.0863321653620555e-01
-4.0631145032541705e-01
-4.0402343845542815e-01
-4.0179649001911694e-01
-3.9964870887505560e-01
-3.9756342416628404e-01
-3.9551241674507204e-01
-3.9353646080401528e-01
-3.9163760752602000e-01
-3.8976888907354212e-01
-3.8797113128733068e-01
-3.8624376789505133e-01
-3.8456705048129114e-01
-3.8294064014585116e-01
-3.8139069303012130e-01
-3.7991475215071208e-01
0.0000000000000000e+00
4.3230587221699873e-01
3.6295210385578758e-02
1.4534768391059000e+01
];
