%Vec Object:sol 1 MPI processes
%  type: mpi
sol = [
0.0000000000000000e+00
-9.3009299265441936e-01
-9.1529794157560040e-01
-9.0082113665251917e-01
-8.8682850924956558e-01
-8.7355106422067397e-01
-8.6031875936552449e-01
-8.4772545132257493e-01
-8.3556221282275789e-01
-8.2357267385010513e-01
-8.1215243134166459e-01
-8.0093775195620764e-01
-7.9002884891452185e-01
-7.7953431316762167e-01
-7.6923027414660927e-01
-7.5924263467319730e-01
-7.4955916882867624e-01
-7.4004584122381645e-01
-7.3083266836315519e-01
-7.2188382322845335e-01
-7.1306319516378791e-01
-7.0450862231973632e-01
-6.9621878047233277e-01
-6.8801798676668502e-01
-6.8005084470973387e-01
-6.7232266175673916e-01
-6.6469102811632452e-01
-6.5725001037786324e-01
-6.5002404442417172e-01
-6.4288691800263953e-01
-6.3592996646850986e-01
-6.2915639785065569e-01
-6.2246263961728876e-01
-6.1594211215811656e-01
-6.0957888931669635e-01
-6.0328817443053784e-01
-5.9716059364705343e-01
-5.9117208805841548e-01
-5.8524977583438753e-01
-5.7947851567478659e-01
-5.7383440296749044e-01
-5.6825064496733002e-01
-5.6280468356143531e-01
-5.5747907220589965e-01
-5.5220821832949885e-01
-5.4706129305829754e-01
-5.4203209073052883e-01
-5.3705211913814843e-01
-5.3218198542644268e-01
-5.2743035367696089e-01
-5.2271828380006669e-01
-5.1811029535931352e-01
-5.1362022597375612e-01
-5.0915575935158330e-01
-5.0479826130014749e-01
-5.0054840836099546e-01
-4.9632469280381936e-01
-4.9220424565724269e-01
-4.8817590124125793e-01
-4.8418778783357458e-01
-4.8028652311766251e-01
-4.7647641248076605e-01
-4.7271453610416497e-01
-4.6901930752804682e-01
-4.6542290681048942e-01
-4.6187934253437329e-01
-4.5838268077744515e-01
-4.5498257851006807e-01
-4.5166113788098144e-01
-4.4835696082007320e-01
-4.4514590429469497e-01
-4.4202551610348162e-01
-4.3892578141382316e-01
-4.3589902112665851e-01
-4.3296027473400084e-01
-4.3007036844877705e-01
-4.2722963835436284e-01
-4.2446952117138742e-01
-4.2177807706008019e-01
-4.1912223365029794e-01
-4.1654436382807447e-01
-4.1404279244655678e-01
-4.1156810227260571e-01
-4.0916891293876267e-01
-4.0684831356465712e-01
-4.0456791816150622e-01
-4.0234112470928196e-01
-4.0019311470882585e-01
-3.9811363019860729e-01
-3.9606130746275020e-01
-3.9408360885151406e-01
-3.9218257494491532e-01
-3.9031712092246962e-01
-3.8851602838785443e-01
-3.8678485262002110e-01
-3.8510939998288296e-01
-3.8347791450056751e-01
-3.8192228013031343e-01
-3.8044285307325765e-01
0.0000000000000000e+00
4.3206782288010237e-01
3.6295210385578758e-02
1.4534768391059000e+01
];
