%Vec Object:sol 1 MPI processes
%  type: mpi
sol = [
0.0000000000000000e+00
-9.2074018296031468e-01
-9.0619460786356498e-01
-8.9226777544628666e-01
-8.7854873885906359e-01
-8.6549336046310987e-01
-8.5281729870301393e-01
-8.4042926505144322e-01
-8.2852751328997720e-01
-8.1700004214615807e-01
-8.0576700699415116e-01
-7.9486754597054421e-01
-7.8432007594152509e-01
-7.7399936842937045e-01
-7.6404525511514110e-01
-7.5434403666720828e-01
-7.4482372171287570e-01
-7.3568151596884290e-01
-7.2669958216345631e-01
-7.1790516245710900e-01
-7.0946651996889798e-01
-7.0110328235303998e-01
-6.9296755165858781e-01
-6.8514394302950243e-01
-6.7733918417711980e-01
-6.6978149245214080e-01
-6.6249997694656870e-01
-6.5520155897450516e-01
-6.4815522085872945e-01
-6.4134473679424531e-01
-6.3451842760358279e-01
-6.2792829250788740e-01
-6.2153854121982666e-01
-6.1514492297062651e-01
-6.0896421321284278e-01
-6.0296083498365116e-01
-5.9695707377530682e-01
-5.9114632144559465e-01
-5.8549814160241287e-01
-5.7984905626761041e-01
-5.7437441277323487e-01
-5.6905031596789624e-01
-5.6372967086967307e-01
-5.5856239790820017e-01
-5.5353774982436610e-01
-5.4852083976795341e-01
-5.4363647892125333e-01
-5.3889001557672567e-01
-5.3415575317480457e-01
-5.2953343896467864e-01
-5.2504266010921485e-01
-5.2057708072479614e-01
-5.1619899606944575e-01
-5.1194382432451224e-01
-5.0773557078152565e-01
-5.0358646485782643e-01
-4.9955278624993221e-01
-4.9558883546860660e-01
-4.9165568668383414e-01
-4.8783146387190957e-01
-4.8409357456310759e-01
-4.8037229914053348e-01
-4.7674730689159317e-01
-4.7322173981292737e-01
-4.6970692878633991e-01
-4.6627245650907734e-01
-4.6293308184193993e-01
-4.5962384827685765e-01
-4.5638260332278935e-01
-4.5322210619745174e-01
-4.5010998952665537e-01
-4.4705083931026213e-01
-4.4407007077488231e-01
-4.4114917660022956e-01
-4.3826071800837224e-01
-4.3545584199067267e-01
-4.3272514808093032e-01
-4.3000426655381474e-01
-4.2736315348900833e-01
-4.2480129105764869e-01
-4.2226900559018316e-01
-4.1978846973462464e-01
-4.1738518253905299e-01
-4.1503632975081345e-01
-4.1272208327733684e-01
-4.1047501120052088e-01
-4.0830151547052584e-01
-4.0614414154181555e-01
-4.0406014498521958e-01
-4.0204335314290662e-01
-4.0005886279684649e-01
-3.9812713091238561e-01
-3.9626642822583685e-01
-3.9446045050804207e-01
-3.9268101839277431e-01
-3.9097053874021021e-01
-3.8932927623432556e-01
-3.8771027357848981e-01
-3.8615593832153727e-01
0.0000000000000000e+00
4.2913814695540209e-01
3.6295210385578758e-02
1.4534768391059000e+01
];
