%Vec Object:sol 1 MPI processes
%  type: mpi
sol = [
0.0000000000000000e+00
-9.7298732063947035e-01
-9.5642212415483185e-01
-9.4016110437057743e-01
-9.2463427214955440e-01
-9.0958447864914049e-01
-8.9489797680058669e-01
-8.8088860746852737e-01
-8.6707854110899329e-01
-8.5382817087956353e-01
-8.4097451523043809e-01
-8.2835474285433364e-01
-8.1630005778910042e-01
-8.0436505467485919e-01
-7.9284401477323729e-01
-7.8168379984834924e-01
-7.7067811528624475e-01
-7.6008894247378134e-01
-7.4968435202898087e-01
-7.3950700914977896e-01
-7.2968928351728535e-01
-7.1995804037325362e-01
-7.1052107756509186e-01
-7.0132435493339818e-01
-6.9224247361910995e-01
-6.8344633324429760e-01
-6.7479903494562121e-01
-6.6629027934549900e-01
-6.5805289055988392e-01
-6.4988488160714930e-01
-6.4189512024755035e-01
-6.3411925552975357e-01
-6.2641347740981967e-01
-6.1888545160344655e-01
-6.1151714713574934e-01
-6.0423385006552865e-01
-5.9711526582638208e-01
-5.9011643247056900e-01
-5.8321330235006830e-01
-5.7646038670245625e-01
-5.6979890181773507e-01
-5.6324004312665477e-01
-5.5681625179044503e-01
-5.5046531087416362e-01
-5.4422044531689573e-01
-5.3809541426025342e-01
-5.3203276272442568e-01
-5.2607658960484427e-01
-5.2022534472147930e-01
-5.1443281303272304e-01
-5.0874049724933079e-01
-5.0314698972144223e-01
-4.9761021062400668e-01
-4.9216111513543170e-01
-4.8681368879325582e-01
-4.8152181557099649e-01
-4.7630302774116112e-01
-4.7119040333828649e-01
-4.6613597137392332e-01
-4.6113861148065155e-01
-4.5624667480972048e-01
-4.5143233594551474e-01
-4.4665144821230968e-01
-4.4197281007746647e-01
-4.3739223760346452e-01
-4.3283543306331557e-01
-4.2836978375542062e-01
-4.2400285782338681e-01
-4.1969471795371571e-01
-4.1544604817020980e-01
-4.1129646361078359e-01
-4.0723907163613571e-01
-4.0322089851364085e-01
-3.9929762091203080e-01
-3.9547477688926158e-01
-3.9171908559901542e-01
-3.8803867291517258e-01
-3.8445748972488625e-01
-3.8097720110681305e-01
-3.7755642441091708e-01
-3.7423883785813977e-01
-3.7102519253153132e-01
-3.6790114147562725e-01
-3.6486433507717875e-01
-3.6194070386769944e-01
-3.5912610517412474e-01
-3.5639662257004534e-01
-3.5377796256509908e-01
-3.5128239775309905e-01
-3.4890723438097965e-01
-3.4661938394599118e-01
-3.4446659557747783e-01
-3.4245550172631778e-01
-3.4058764010945142e-01
-3.3885372986068019e-01
-3.3731298193418691e-01
-3.3600296107765965e-01
-3.3496068496895953e-01
-3.3424475533559167e-01
0.0000000000000000e+00
4.4515030767922131e-01
3.6295210385578758e-02
1.4534768391059000e+01
];
