%Vec Object:sol 1 MPI processes
%  type: mpi
sol = [
0.0000000000000000e+00
-9.2931576217074208e-01
-9.1454297797238582e-01
-9.0011615968600511e-01
-8.8614382570610528e-01
-8.7288605818734899e-01
-8.5970025049228094e-01
-8.4712502066532158e-01
-8.3500588983104362e-01
-8.2303304876833183e-01
-8.1162918328231770e-01
-8.0045592232400586e-01
-7.8956227612240570e-01
-7.7908285942268929e-01
-7.6881789502658326e-01
-7.5884441361022015e-01
-7.4917509433184726e-01
-7.3969878398571565e-01
-7.3049896189099262e-01
-7.2156351803172980e-01
-7.1277813394147060e-01
-7.0423633137262065e-01
-6.9596613979859079e-01
-6.8779142836611573e-01
-6.7983592689176031e-01
-6.7213967732113322e-01
-6.6451924806508644e-01
-6.5708958563031161e-01
-6.4989429148612488e-01
-6.4276813380325581e-01
-6.3582229659446909e-01
-6.2907822380177791e-01
-6.2239522835353045e-01
-6.1588559979129487e-01
-6.0955075776240486e-01
-6.0327061428421025e-01
-5.9715373334167388e-01
-5.9119254601626814e-01
-5.8528062440707351e-01
-5.7951987662333770e-01
-5.7390207541542215e-01
-5.6832853420401030e-01
-5.6289290445687268e-01
-5.5759264039797463e-01
-5.5233183347703407e-01
-5.4719506279724794e-01
-5.4219028188732432e-01
-5.3722018900082191e-01
-5.3236003132221899e-01
-5.2763192264671754e-01
-5.2292954838412364e-01
-5.1833133311505697e-01
-5.1385704386035136e-01
-5.0940842807283304e-01
-5.0505993658143844e-01
-5.0081912859968070e-01
-4.9661630123900541e-01
-4.9250452598652356e-01
-4.8848484844098172e-01
-4.8451660248229189e-01
-4.8062356910193116e-01
-4.7682164657089243e-01
-4.7307852253428329e-01
-4.6939098304883947e-01
-4.6580220002370420e-01
-4.6227620349273918e-01
-4.5878661141039018e-01
-4.5539349443284438e-01
-4.5208782343644854e-01
-4.4879050074042531e-01
-4.4558553471637291e-01
-4.4247109361743209e-01
-4.3938589103496062e-01
-4.3636436590780708e-01
-4.3343064426376787e-01
-4.3055382010335569e-01
-4.2771731098159177e-01
-4.2496115027009884e-01
-4.2228122562006382e-01
-4.1962846309668816e-01
-4.1705336629950518e-01
-4.1455424268462743e-01
-4.1208886476960022e-01
-4.0969115805170786e-01
-4.0737168514534633e-01
-4.0509884626260806e-01
-4.0287215151887251e-01
-4.0072385556315582e-01
-3.9865013719690090e-01
-3.9659645983272696e-01
-3.9461699249751764e-01
-3.9271376603550368e-01
-3.9085160102485333e-01
-3.8904718356178392e-01
-3.8731220464213201e-01
-3.8563804377593430e-01
-3.8400146883213376e-01
-3.8244011703257375e-01
-3.8095420313031092e-01
0.0000000000000000e+00
4.3183182944589488e-01
3.6295210385578758e-02
1.4534768391059000e+01
];
