%Vec Object:sol 1 MPI processes
%  type: mpi
sol = [
0.0000000000000000e+00
-1.3710239917000158e+00
-1.3391282622205427e+00
-1.3082352249752831e+00
-1.2786169373117342e+00
-1.2503809951124119e+00
-1.2227364378903753e+00
-1.1963926068940660e+00
-1.1708587921025004e+00
-1.1461156734414144e+00
-1.1224262088040295e+00
-1.0991232545715492e+00
-1.0767481963535399e+00
-1.0550080227269134e+00
-1.0337952322923378e+00
-1.0133738280643974e+00
-9.9324014465174448e-01
-9.7378746685831097e-01
-9.5480522112548905e-01
-9.3621665975686041e-01
-9.1815678629839770e-01
-9.0043170123577410e-01
-8.8316004568203699e-01
-8.6619476023781194e-01
-8.4962792658516761e-01
-8.3331340157222844e-01
-8.1742310602342805e-01
-8.0170266677043389e-01
-7.8633773782019567e-01
-7.7122400868028296e-01
-7.5633108239051694e-01
-7.4168736977825511e-01
-7.2728470386624855e-01
-7.1304265600665206e-01
-6.9904205719676527e-01
-6.8520207633262320e-01
-6.7154113536312998e-01
-6.5803275943627482e-01
-6.4471151857773135e-01
-6.3144097975293134e-01
-6.1821480095519210e-01
-6.0406190249822744e-01
-5.8508652165523856e-01
-5.4955809595353233e-01
-4.9166082521765464e-01
-4.3105826513798945e-01
-3.8837140900870337e-01
-3.6512366067794122e-01
-3.5335324511965482e-01
-3.4697782754871787e-01
-3.4294420208825094e-01
-3.3986600819879859e-01
-3.3714575413573555e-01
-3.3450372139017875e-01
-3.3181993850058306e-01
-3.2905057737580462e-01
-3.2617971486311931e-01
-3.2319297965055710e-01
-3.2009783831005112e-01
-3.1691030743365595e-01
-3.1362202777828524e-01
-3.1026056447051525e-01
-3.0682564173259597e-01
-3.0331974549276247e-01
-2.9975481834130951e-01
-2.9614248048790709e-01
-2.9249138581679118e-01
-2.8879886628033641e-01
-2.8507465930055043e-01
-2.8133094967828226e-01
-2.7752192090783362e-01
-2.7368299722850964e-01
-2.6984043503979560e-01
-2.6599357141097679e-01
-2.6213206389043880e-01
-2.5826744838847981e-01
-2.5440795146375556e-01
-2.5055146879249224e-01
-2.4669576442395272e-01
-2.4284455568442187e-01
-2.3900887763907749e-01
-2.3518316251178917e-01
-2.3136658122614043e-01
-2.2755508991792492e-01
-2.2375639991129273e-01
-2.1996878636722517e-01
-2.1618689368068134e-01
-2.1240771026138272e-01
-2.0862610572620566e-01
-2.0485096792372512e-01
-2.0107144151670539e-01
-1.9728062837881047e-01
-1.9347489462606848e-01
-1.8965140562993857e-01
-1.8579640059654495e-01
-1.8190244871616723e-01
-1.7796301649172683e-01
-1.7396156666740115e-01
-1.6989246292307075e-01
0.0000000000000000e+00
4.8334801661585608e-01
3.5918242867496120e-02
8.8160002729244624e+00
];
