%Vec Object:sol 1 MPI processes
%  type: mpi
sol = [
0.0000000000000000e+00
-1.1360350744870524e+00
-1.1142539886579927e+00
-1.0934144320380512e+00
-1.0730696733894078e+00
-1.0537328610204251e+00
-1.0346481998062527e+00
-1.0164964409440842e+00
-9.9866673933298500e-01
-9.8155109327389811e-01
-9.6484648606774226e-01
-9.4865747687400492e-01
-9.3281963925406819e-01
-9.1758281302792699e-01
-9.0252762029468991e-01
-8.8808750768787637e-01
-8.7378906738116169e-01
-8.5998568686529009e-01
-8.4644689571911091e-01
-8.3321467025353380e-01
-8.2028413772667619e-01
-8.0764464279446291e-01
-7.9524465386874588e-01
-7.8312677227611216e-01
-7.7124218479358786e-01
-7.5954018729007589e-01
-7.4817477901713136e-01
-7.3685295574862775e-01
-7.2585526626299812e-01
-7.1498177675124808e-01
-7.0429801671078274e-01
-6.9379077717426907e-01
-6.8345092264709584e-01
-6.7326680624170732e-01
-6.6320315809558572e-01
-6.5334573034392618e-01
-6.4352564234978427e-01
-6.3390381647344152e-01
-6.2438372928056463e-01
-6.1495237482224596e-01
-6.0569232357627678e-01
-5.9646566687500835e-01
-5.8737200188646466e-01
-5.7836369679135957e-01
-5.6944178565426129e-01
-5.6062366397482966e-01
-5.5183376913966475e-01
-5.4316462052965597e-01
-5.3453716001027451e-01
-5.2596477286869980e-01
-5.1749564778333668e-01
-5.0902917552542148e-01
-5.0062699964863600e-01
-4.9230772027404074e-01
-4.8396984754793659e-01
-4.7568104668783401e-01
-4.6742443134850764e-01
-4.5908420928114424e-01
-4.5058655201723730e-01
-4.4165797541547741e-01
-4.3164843157285526e-01
-4.1948539766900034e-01
-4.0353740280390249e-01
-3.8264402249901375e-01
-3.5872505758998430e-01
-3.3647403596158293e-01
-3.1853330216269010e-01
-3.0560972074236720e-01
-2.9656649358766751e-01
-2.9010998641727981e-01
-2.8526927325807178e-01
-2.8139205172038023e-01
-2.7809875918880528e-01
-2.7513767914879728e-01
-2.7234398612846122e-01
-2.6963342394363465e-01
-2.6695326417241827e-01
-2.6426365190639300e-01
-2.6153949954637068e-01
-2.5877071110205280e-01
-2.5595692984239193e-01
-2.5308653606146064e-01
-2.5015548393356629e-01
-2.4715789329531027e-01
-2.4409919261688021e-01
-2.4097680377464731e-01
-2.3778473170698702e-01
-2.3452002830461463e-01
-2.3117835408578133e-01
-2.2776874428935343e-01
-2.2428065031762587e-01
-2.2070452502848287e-01
-2.1703806641489506e-01
-2.1327796917449773e-01
-2.0940985731524764e-01
-2.0542688064542841e-01
-2.0131866453180078e-01
-1.9706624963649175e-01
-1.9266257209025964e-01
0.0000000000000000e+00
4.7000879068786888e-01
3.6195259916115601e-02
1.2531351213799292e+01
];
