%Vec Object:sol 1 MPI processes
%  type: mpi
sol = [
0.0000000000000000e+00
-9.8027273515468660e-01
-9.6327466360681102e-01
-9.4685183359606184e-01
-9.3106786931576546e-01
-9.1572363240392007e-01
-9.0089713312494968e-01
-8.8651311586309656e-01
-8.7257679916712383e-01
-8.5912560565278040e-01
-8.4600134927652570e-01
-8.3326817650471108e-01
-8.2088111564984323e-01
-8.0884134521798290e-01
-7.9718727467854356e-01
-7.8574202587255859e-01
-7.7463834170488577e-01
-7.6381248684963643e-01
-7.5324969055458180e-01
-7.4297848310844938e-01
-7.3287210602812680e-01
-7.2304988829212524e-01
-7.1346745590505278e-01
-7.0404562151666927e-01
-6.9487276701549072e-01
-6.8586822751640542e-01
-6.7706704236485782e-01
-6.6846530188819031e-01
-6.5997215078434113e-01
-6.5170107778361153e-01
-6.4359708654877024e-01
-6.3557827145787760e-01
-6.2777422498282631e-01
-6.2009172696666892e-01
-6.1251770088951807e-01
-6.0512948651145693e-01
-5.9782611648060080e-01
-5.9064536718688310e-01
-5.8362923798261146e-01
-5.7666913501407258e-01
-5.6983835324894405e-01
-5.6315701751606662e-01
-5.5651007801113173e-01
-5.4999291492411917e-01
-5.4361474458123571e-01
-5.3725574887680438e-01
-5.3102186571218568e-01
-5.2492026602754127e-01
-5.1882832790733446e-01
-5.1285269279943224e-01
-5.0700160483531853e-01
-5.0116389318833598e-01
-4.9542632546402587e-01
-4.8980400476788971e-01
-4.8421141894273434e-01
-4.7869621251319222e-01
-4.7328881826480307e-01
-4.6793219590438567e-01
-4.6262804284542230e-01
-4.5742606840159145e-01
-4.5229316076822773e-01
-4.4719976353224111e-01
-4.4219807067732753e-01
-4.3728333130385538e-01
-4.3240176535217667e-01
-4.2759955304708136e-01
-4.2289149504305912e-01
-4.1822721059541329e-01
-4.1363723192006696e-01
-4.0913221768455671e-01
-4.0470003480069977e-01
-4.0032595460225506e-01
-3.9604004075888155e-01
-3.9184477542137730e-01
-3.8770097072404613e-01
-3.8364915920599901e-01
-3.7969088206531398e-01
-3.7581649987624355e-01
-3.7201139544425255e-01
-3.6831282744088589e-01
-3.6471792389806507e-01
-3.6120146117443697e-01
-3.5778159783685737e-01
-3.5447842677062796e-01
-3.5129311457578005e-01
-3.4818814928266667e-01
-3.4520397390543534e-01
-3.4235020184447185e-01
-3.3963028678863089e-01
-3.3700860869945742e-01
-3.3453234649091951e-01
-3.3221334714930217e-01
-3.3006086171455723e-01
-3.2806620962105215e-01
-3.2628440143152476e-01
-3.2475763558756343e-01
-3.2353017341954482e-01
-3.2263339295724569e-01
-3.2214035769693661e-01
0.0000000000000000e+00
4.4728829968405814e-01
3.6295210385578758e-02
1.4534768391059000e+01
];
