%Vec Object:sol 1 MPI processes
%  type: mpi
sol = [
0.0000000000000000e+00
-1.0661371226327483e+00
-1.0470214454568239e+00
-1.0282261328308235e+00
-1.0103093908743190e+00
-9.9287906350990096e-01
-9.7600375703406805e-01
-9.5966539445072674e-01
-9.4384960465633716e-01
-9.2846738023987152e-01
-9.1360804404256990e-01
-8.9908190635424901e-01
-8.8495160792762739e-01
-8.7131901903739495e-01
-8.5784175807613905e-01
-8.4492087162324436e-01
-8.3212156874648735e-01
-8.1974371581194039e-01
-8.0765345139007183e-01
-7.9576510853478832e-01
-7.8424168040834508e-01
-7.7287075711039332e-01
-7.6182568015126428e-01
-7.5092646234518723e-01
-7.4028480647118611e-01
-7.2982407959712303e-01
-7.1959598268777614e-01
-7.0953901627989890e-01
-6.9961592178949328e-01
-6.8996096133644802e-01
-6.8035113687466009e-01
-6.7096466407217004e-01
-6.6173773061576013e-01
-6.5258428648414646e-01
-6.4365524778273286e-01
-6.3477493145167807e-01
-6.2604148332325593e-01
-6.1744892938636886e-01
-6.0892890404881383e-01
-6.0055272561542472e-01
-5.9223808438262304e-01
-5.8404184462147968e-01
-5.7594324466325664e-01
-5.6789522561826156e-01
-5.5997468962025221e-01
-5.5209457150554819e-01
-5.4429108771985346e-01
-5.3660198267081627e-01
-5.2890864203232923e-01
-5.2130646481676635e-01
-5.1380030576323921e-01
-5.0627341673119763e-01
-4.9883404256443525e-01
-4.9146222206938478e-01
-4.8408577306565492e-01
-4.7677235312002464e-01
-4.6950772060436224e-01
-4.6224578669894117e-01
-4.5502327352108823e-01
-4.4783872887791060e-01
-4.4064955279883600e-01
-4.3348952340006214e-01
-4.2635516680267466e-01
-4.1919511946856880e-01
-4.1205428996706445e-01
-4.0490440442431441e-01
-3.9769661320428390e-01
-3.9043158167002701e-01
-3.8305978651028755e-01
-3.7547216350052159e-01
-3.6750127653488740e-01
-3.5882691805822181e-01
-3.4881925617633142e-01
-3.3680240311029713e-01
-3.2288602403104144e-01
-3.0832746621813018e-01
-2.9476447744348916e-01
-2.8291527505190700e-01
-2.7313350157449817e-01
-2.6526527344749368e-01
-2.5889465219668828e-01
-2.5361361420463241e-01
-2.4909670601211109e-01
-2.4509971493012017e-01
-2.4145371969431237e-01
-2.3803175368653096e-01
-2.3473997956832141e-01
-2.3151264664694213e-01
-2.2830150586964859e-01
-2.2508406010841306e-01
-2.2182702127154777e-01
-2.1850318570792257e-01
-2.1509889113283298e-01
-2.1160197327743088e-01
-2.0799183628817888e-01
-2.0425744098448023e-01
-2.0038369268551606e-01
-1.9634873253759580e-01
-1.9214419457703757e-01
0.0000000000000000e+00
4.6494766882647198e-01
3.6263231295485872e-02
1.3842337187269164e+01
];
