%Vec Object:sol 1 MPI processes
%  type: mpi
sol = [
0.0000000000000000e+00
-9.2140333422134169e-01
-9.0684034901812804e-01
-8.9289659007792632e-01
-8.7913554019607598e-01
-8.6606490021228599e-01
-8.5334901628035209e-01
-8.4094705931146752e-01
-8.2903160135838905e-01
-8.1746692785810426e-01
-8.0622133329960544e-01
-7.9530935988635820e-01
-7.8472688567263094e-01
-7.7439458623280433e-01
-7.6442890925908824e-01
-7.5469454996072927e-01
-7.4516336272721007e-01
-7.3601028679211866e-01
-7.2699682542885813e-01
-7.1819208364278009e-01
-7.0974310028217669e-01
-7.0134978226074385e-01
-6.9320422807953896e-01
-6.8537076629436233e-01
-6.7753728118132950e-01
-6.6997015061833998e-01
-6.6266895502368128e-01
-6.5535391189289094e-01
-6.4829896203518844e-01
-6.4146257481024516e-01
-6.3462763308217041e-01
-6.2802895965875161e-01
-6.2161390480325285e-01
-6.1521189730606540e-01
-6.0902262315059386e-01
-6.0299470789143150e-01
-5.9698251513997502e-01
-5.9116312046363406e-01
-5.8549260234778822e-01
-5.7983381209819385e-01
-5.7435083969930179e-01
-5.6901185551867450e-01
-5.6367556459077139e-01
-5.5850058156615912e-01
-5.5346815863396925e-01
-5.4843005501010034e-01
-5.4353825138294787e-01
-5.3878431529287141e-01
-5.3402982461826243e-01
-5.2940037883568880e-01
-5.2490242726789715e-01
-5.2041752247932882e-01
-5.1603260043521249e-01
-5.1177056716185731e-01
-5.0754389425694346e-01
-5.0338829288761844e-01
-4.9934811863096989e-01
-4.9536673084382327e-01
-4.9142749006439679e-01
-4.8759720202260604e-01
-4.8384284947098399e-01
-4.8011595185180672e-01
-4.7648539405377849e-01
-4.7294438765030616e-01
-4.6942448873238263e-01
-4.6598502467160374e-01
-4.6264075436394037e-01
-4.5931749908543817e-01
-4.5607189972078432e-01
-4.5290717524237206e-01
-4.4978216337349430e-01
-4.4671935659482720e-01
-4.4373507574942794e-01
-4.4080246742588192e-01
-4.3791107068301227e-01
-4.3510338117689618e-01
-4.3236338745729919e-01
-4.2963926598934160e-01
-4.2699640400383015e-01
-4.2443295204936349e-01
-4.2189188206878381e-01
-4.1941042228574177e-01
-4.1700643408760218e-01
-4.1465009858216068e-01
-4.1233588215754580e-01
-4.1008909771620627e-01
-4.0790944409710345e-01
-4.0575311936680625e-01
-4.0367043977601724e-01
-4.0165524381035311e-01
-3.9966639772844553e-01
-3.9773704290255052e-01
-3.9587899880232830e-01
-3.9407002636482891e-01
-3.9229403838395677e-01
-3.9058729387900187e-01
-3.8894896362807946e-01
-3.8733015931376580e-01
-3.8578098940841882e-01
0.0000000000000000e+00
4.2935417718710234e-01
3.6295210385578758e-02
1.4534768391059000e+01
];
