%Vec Object:sol 1 MPI processes
%  type: mpi
sol = [
0.0000000000000000e+00
-9.1877955484967710e-01
-9.0428599329778070e-01
-8.9040975343168016e-01
-8.7681552879179536e-01
-8.6380584827237938e-01
-8.5122152478136659e-01
-8.3890152881074487e-01
-8.2704017608689029e-01
-8.1562268106993185e-01
-8.0442669699051961e-01
-7.9356415760045429e-01
-7.8312013634443089e-01
-7.7283361170723341e-01
-7.6291357654470993e-01
-7.5331022528216574e-01
-7.4382185984508520e-01
-7.3471154555184992e-01
-7.2582263011828863e-01
-7.1705836961889802e-01
-7.0864991433824287e-01
-7.0037535079907043e-01
-6.9226832871019861e-01
-6.8447355446981484e-01
-6.7675350604709505e-01
-6.6922336763913626e-01
-6.6196960163463903e-01
-6.5475226374656859e-01
-6.4773254647666267e-01
-6.4094913521188601e-01
-6.3419983059912055e-01
-6.2763505282324106e-01
-6.2127396736336260e-01
-6.1495088409467014e-01
-6.0879437410934778e-01
-6.0281771942501883e-01
-5.9688188354447413e-01
-5.9109419695318577e-01
-5.8546923586857247e-01
-5.7988743579280344e-01
-5.7443507938447247e-01
-5.6913349332038332e-01
-5.6387725677025036e-01
-5.5873161470437327e-01
-5.5372881975803145e-01
-5.4877368502228008e-01
-5.4391029738634356e-01
-5.3918499047465518e-01
-5.3450988647590703e-01
-5.2990781249682228e-01
-5.2543741225319829e-01
-5.2102833920849312e-01
-5.1666966458110475e-01
-5.1243399040427295e-01
-5.0827956499529181e-01
-5.0414891978092913e-01
-5.0013373138030326e-01
-4.9622092737178475e-01
-4.9230514990267993e-01
-4.8849826537541335e-01
-4.8479612718627557e-01
-4.8110331814990070e-01
-4.7749392105498234e-01
-4.7398399754544163e-01
-4.7051283542172806e-01
-4.6709206615040699e-01
-4.6376619138951242e-01
-4.6049780863183387e-01
-4.5726863009355678e-01
-4.5411990631668292e-01
-4.5104547594377647e-01
-4.4799655757609674e-01
-4.4502564639860026e-01
-4.4213319344979835e-01
-4.3925858278128987e-01
-4.3646102268028247e-01
-4.3373709583465170e-01
-4.3104571957860183e-01
-4.2840948541021401e-01
-4.2585191407141254e-01
-4.2334544740063351e-01
-4.2086720486568757e-01
-4.1846558712954196e-01
-4.1613885735209000e-01
-4.1382422716271999e-01
-4.1157607063496954e-01
-4.0940132880665131e-01
-4.0726020231748178e-01
-4.0517194774029403e-01
-4.0315012805572847e-01
-4.0117857355029363e-01
-3.9923959226577438e-01
-3.9737083736553902e-01
-3.9557122638370934e-01
-3.9378388729342967e-01
-3.9206193876637652e-01
-3.9040831228735018e-01
-3.8879274555221816e-01
-3.8722350429385133e-01
0.0000000000000000e+00
4.2849935291465024e-01
3.6295210385578758e-02
1.4534768391059000e+01
];
