%Vec Object:sol 1 MPI processes
%  type: mpi
sol = [
0.0000000000000000e+00
-1.4743142680363350e+00
-1.4368334522590680e+00
-1.4007966096721889e+00
-1.3663645985147130e+00
-1.3334624619847768e+00
-1.3014574801497039e+00
-1.2709340582854534e+00
-1.2414806434510282e+00
-1.2129007142574637e+00
-1.1855148564298277e+00
-1.1588510719411325e+00
-1.1330428805209030e+00
-1.1081055568680589e+00
-1.0838286967346475e+00
-1.0602910048877900e+00
-1.0373943891449424e+00
-1.0150570388999092e+00
-9.9336937080659737e-01
-9.7217675371761014e-01
-9.5146299230388021e-01
-9.3129320444280761e-01
-9.1148891486096251e-01
-8.9218066409031249e-01
-8.7324108428306713e-01
-8.5463336115417821e-01
-8.3650070009980304e-01
-8.1852929765407434e-01
-8.0098268850923493e-01
-7.8369800035514003e-01
-7.6667146902474870e-01
-7.4991702369268987e-01
-7.3341876869616673e-01
-7.1710749293395715e-01
-7.0099928618541774e-01
-6.8473800695314913e-01
-6.6567515805042154e-01
-6.2885566925610870e-01
-5.5148364080056445e-01
-4.6605864631000532e-01
-4.1014523014979709e-01
-3.8354808980282867e-01
-3.7183392817729416e-01
-3.6606021139602690e-01
-3.6247682113306423e-01
-3.5959965356543211e-01
-3.5688486917959494e-01
-3.5412387226953052e-01
-3.5121467935502076e-01
-3.4815689685498330e-01
-3.4494179675489561e-01
-3.4156841253260029e-01
-3.3806455962467585e-01
-3.3443339394723964e-01
-3.3068548724888142e-01
-3.2684226308341352e-01
-3.2291737577288937e-01
-3.1891227682557954e-01
-3.1484383523102882e-01
-3.1071126775505054e-01
-3.0649341862960389e-01
-3.0224703294916483e-01
-2.9797205711015312e-01
-2.9367098885750798e-01
-2.8935576440045596e-01
-2.8503854760593689e-01
-2.8072696294784999e-01
-2.7641746191508626e-01
-2.7211987606859639e-01
-2.6784527099057109e-01
-2.6359400649120401e-01
-2.5935937295051603e-01
-2.5516629888955394e-01
-2.5101243572279242e-01
-2.4688553956519996e-01
-2.4279550776237269e-01
-2.3874927072626867e-01
-2.3474300786422669e-01
-2.3077231063788373e-01
-2.2683871199309699e-01
-2.2295215476069266e-01
-2.1910518903947734e-01
-2.1529498950462903e-01
-2.1151567356186776e-01
-2.0777367061532195e-01
-2.0406570672611335e-01
-2.0038493815540095e-01
-1.9672685819267863e-01
-1.9308471794787541e-01
-1.8946626250002349e-01
-1.8585927527832016e-01
-1.8225658630730879e-01
-1.7865313496556579e-01
-1.7504529928284945e-01
-1.7141847224218787e-01
-1.6776413440772592e-01
-1.6407598742967511e-01
-1.6033717536660205e-01
-1.5654157528707988e-01
0.0000000000000000e+00
4.8991433921927263e-01
3.5782174737280452e-02
7.6186407109365000e+00
];
