%Vec Object:sol 1 MPI processes
%  type: mpi
sol = [
0.0000000000000000e+00
-1.1043438291669194e+00
-1.0837721023014146e+00
-1.0639602485675019e+00
-1.0447345214235890e+00
-1.0263223178938956e+00
-1.0082881203565650e+00
-9.9096974368622914e-01
-9.7413525231148967e-01
-9.5776850894551191e-01
-9.4201767600125497e-01
-9.2649855246280832e-01
-9.1158795908158685e-01
-8.9695500278664031e-01
-8.8279896209682163e-01
-8.6892132700905145e-01
-8.5545942786601326e-01
-8.4220709451697606e-01
-8.2941349821978061e-01
-8.1675617765198483e-01
-8.0448741622721909e-01
-7.9244686755782567e-01
-7.8063099167558470e-01
-7.6913803070858011e-01
-7.5776394682309778e-01
-7.4671536424792018e-01
-7.3579007682619213e-01
-7.2509571050789012e-01
-7.1455944321505116e-01
-7.0425253008974797e-01
-6.9407607179542585e-01
-6.8406148684134827e-01
-6.7427274732988662e-01
-6.6451194732708996e-01
-6.5498742303442137e-01
-6.4555672507460848e-01
-6.3624428987034332e-01
-6.2710360780248831e-01
-6.1801972273390504e-01
-6.0908660778397117e-01
-6.0023131905088944e-01
-5.9148983658139187e-01
-5.8285098584842931e-01
-5.7426739481845435e-01
-5.6581542121259010e-01
-5.5739921103193824e-01
-5.4907129048629433e-01
-5.4086046868034410e-01
-5.3263325539562167e-01
-5.2451379437142265e-01
-5.1647229929592520e-01
-5.0843112413731661e-01
-5.0047761401010082e-01
-4.9256892414078268e-01
-4.8467878099966555e-01
-4.7685010709541953e-01
-4.6904346038765554e-01
-4.6126174764490768e-01
-4.5351128885281217e-01
-4.4575632880610061e-01
-4.3798579471505916e-01
-4.3015823014407290e-01
-4.2214361290473201e-01
-4.1373885156688389e-01
-4.0456829303656239e-01
-3.9387258953740295e-01
-3.8049952518825064e-01
-3.6355684587799564e-01
-3.4403566277013164e-01
-3.2500570360424241e-01
-3.0879702433590905e-01
-2.9617404155626958e-01
-2.8681694670216001e-01
-2.7984272285494455e-01
-2.7446718030542877e-01
-2.7013447820992986e-01
-2.6646337202229853e-01
-2.6319579889783951e-01
-2.6016313350469478e-01
-2.5726192206147641e-01
-2.5443012935179082e-01
-2.5161552846515733e-01
-2.4878716136573642e-01
-2.4592116369675146e-01
-2.4301061369252566e-01
-2.4004461599687513e-01
-2.3701131613895779e-01
-2.3390377190265710e-01
-2.3071499994468769e-01
-2.2745207960007296e-01
-2.2410304579093665e-01
-2.2065680299517434e-01
-2.1711057683187909e-01
-2.1346050371742284e-01
-2.0969179451023537e-01
-2.0579750581112005e-01
-2.0176648891178425e-01
-1.9757938465588498e-01
-1.9322912086600022e-01
0.0000000000000000e+00
4.6794336347272364e-01
3.6227563918337854e-02
1.3128832900993887e+01
];
