%Vec Object:sol 1 MPI processes
%  type: mpi
sol = [
0.0000000000000000e+00
-1.0176996875660778e+00
-9.9953567074969818e-01
-9.8205249104551351e-01
-9.6515472443947414e-01
-9.4887211827163587e-01
-9.3309590810220899e-01
-9.1774921381024299e-01
-9.0301410976114882e-01
-8.8857100614838858e-01
-8.7472460621927528e-01
-8.6114298988978799e-01
-8.4797294303545034e-01
-8.3528266315082056e-01
-8.2272002993904392e-01
-8.1068204685187339e-01
-7.9881545475189397e-01
-7.8728523291876096e-01
-7.7612595110069615e-01
-7.6505456553041307e-01
-7.5439441869224655e-01
-7.4387920015355746e-01
-7.3360563774741738e-01
-7.2362969421881540e-01
-7.1373746868337917e-01
-7.0414217126693746e-01
-6.9470148399038345e-01
-6.8540766942620801e-01
-6.7635915355286214e-01
-6.6740772924619862e-01
-6.5864363171261964e-01
-6.5002194409013125e-01
-6.4154268089337774e-01
-6.3323594902462066e-01
-6.2498828677730900e-01
-6.1691829848961399e-01
-6.0895763958205928e-01
-6.0108566459463553e-01
-5.9337085291963199e-01
-5.8571018504393779e-01
-5.7816413886628482e-01
-5.7075604748455577e-01
-5.6335830113828400e-01
-5.5609056186977568e-01
-5.4893598027502832e-01
-5.4177970271151532e-01
-5.3474923198008617e-01
-5.2780575331828972e-01
-5.2086634844659874e-01
-5.1403577241038212e-01
-5.0727298423751666e-01
-5.0051924777883106e-01
-4.9385505291334392e-01
-4.8724449459252706e-01
-4.8064852725293605e-01
-4.7412025587536860e-01
-4.6763879383888535e-01
-4.6117162976859949e-01
-4.5475138161710593e-01
-4.4837730128071668e-01
-4.4200557622213782e-01
-4.3567422779019999e-01
-4.2938669397570284e-01
-4.2308226867500237e-01
-4.1681908316755922e-01
-4.1057952402100889e-01
-4.0433793226975168e-01
-3.9811026096010199e-01
-3.9190594948204571e-01
-3.8570849227414383e-01
-3.7949420992507044e-01
-3.7330050810266335e-01
-3.6711647572904033e-01
-3.6091515519924189e-01
-3.5470799655018542e-01
-3.4851073724359083e-01
-3.4231503200709512e-01
-3.3609301799532010e-01
-3.2987420614471719e-01
-3.2367196849113328e-01
-3.1749214457364650e-01
-3.1132533584374733e-01
-3.0521186425898827e-01
-2.9917197130947620e-01
-2.9320078564831781e-01
-2.8724743132351366e-01
-2.8124410696684904e-01
-2.7510846157667468e-01
-2.6875393094592420e-01
-2.6216392764316832e-01
-2.5539851944218156e-01
-2.4861083893498107e-01
-2.4197546877967563e-01
-2.3564345712445756e-01
-2.2971496756677084e-01
-2.2424459150247733e-01
-2.1924329890619554e-01
-2.1470018702403787e-01
-2.1052164621689343e-01
0.0000000000000000e+00
4.5818089461290640e-01
3.6295127099078693e-02
1.4532896116729534e+01
];
