%Vec Object:sol 1 MPI processes
%  type: mpi
sol = [
0.0000000000000000e+00
-9.6604468832264467e-01
-9.4975448227130799e-01
-9.3381043265105557e-01
-9.1844332596679723e-01
-9.0378365780270042e-01
-8.8924217153784413e-01
-8.7543410710038583e-01
-8.6192534036439328e-01
-8.4880375773697436e-01
-8.3629169281670279e-01
-8.2379361345232971e-01
-8.1185856827037739e-01
-8.0024508196300714e-01
-7.8883381939128705e-01
-7.7790239179035914e-01
-7.6708274939946075e-01
-7.5659723423188519e-01
-7.4648844050749008e-01
-7.3641110025508072e-01
-7.2672012007952003e-01
-7.1724666424486028e-01
-7.0790761274840841e-01
-6.9890361841540338e-01
-6.9000148345655876e-01
-6.8130312645370683e-01
-6.7289779095821745e-01
-6.6451174439159155e-01
-6.5637371384970289e-01
-6.4846699373143013e-01
-6.4057751290428611e-01
-6.3293399337658263e-01
-6.2545555800844299e-01
-6.1803187383490865e-01
-6.1082717490525329e-01
-6.0374128868123578e-01
-5.9673243752271055e-01
-5.8991991921248621e-01
-5.8319572903578643e-01
-5.7655913469309461e-01
-5.7009980084106127e-01
-5.6371091736333279e-01
-5.5741107073518825e-01
-5.5127241627445400e-01
-5.4519650768230521e-01
-5.3920393887708362e-01
-5.3335905136590422e-01
-5.2757741930905178e-01
-5.2186790496645852e-01
-5.1629478365453518e-01
-5.1078802992379102e-01
-5.0534610936091762e-01
-5.0002718630169019e-01
-4.9477906690020418e-01
-4.8959346410219934e-01
-4.8451512030942812e-01
-4.7951609891064145e-01
-4.7457561572228535e-01
-4.6972792728800061e-01
-4.6497154856210987e-01
-4.6026174265068487e-01
-4.5564506951850492e-01
-4.5112763972367176e-01
-4.4664053503834572e-01
-4.4225532740206125e-01
-4.3795632905671167e-01
-4.3371032756189787e-01
-4.2954607277227957e-01
-4.2547623068861473e-01
-4.2147400306877680e-01
-4.1753211830252368e-01
-4.1369076220384082e-01
-4.0994139143065711e-01
-4.0622968750816657e-01
-4.0261718926043549e-01
-3.9910561561872149e-01
-3.9566032543289725e-01
-3.9228583644094617e-01
-3.8901456427670472e-01
-3.8584646660869071e-01
-3.8272698892937090e-01
-3.7970751509689721e-01
-3.7679439434369877e-01
-3.7396805591105187e-01
-3.7122080943342628e-01
-3.6857592429700675e-01
-3.6604149984966999e-01
-3.6358255219555347e-01
-3.6122768214448853e-01
-3.5898272571011991e-01
-3.5684561926696812e-01
-3.5479043384878189e-01
-3.5285793263953497e-01
-3.5105318885453451e-01
-3.4936230646124011e-01
-3.4779904220041058e-01
-3.4641076029000434e-01
-3.4523361261647734e-01
-3.4429427424532527e-01
0.0000000000000000e+00
4.4311054052442062e-01
3.6295210385578758e-02
1.4534768391059000e+01
];
