%Vec Object:sol 1 MPI processes
%  type: mpi
sol = [
0.0000000000000000e+00
-3.4173524016457547e-06
-3.5844316012026345e-06
-3.6756496032688356e-06
-3.7329839045611548e-06
-3.7592192070232636e-06
-3.7557829535357949e-06
-3.7512810571374254e-06
-3.7369266808772114e-06
-3.7185398409238399e-06
-3.6984511211274919e-06
-3.6729450649330695e-06
-3.6471450857170623e-06
-3.6193610874915015e-06
-3.5899394114382934e-06
-3.5607342788801918e-06
-4.0397026324886379e-06
-1.0162083727050765e-04
-4.0694033903839518e-03
-5.3352421560424822e-02
-1.6708363159235440e-01
-2.1634333103320552e-01
-2.3282224469726784e-01
-2.4316050669638406e-01
-2.5262127226293563e-01
-2.6150866343246687e-01
-2.6913550675609843e-01
-2.7509346977241556e-01
-2.7952011940279020e-01
-2.8215535933542929e-01
-2.8356643254990216e-01
-2.8368054025445705e-01
-2.8292884354501746e-01
-2.8141566192147066e-01
-2.7934043600299285e-01
-2.7685847048301693e-01
-2.7403158296743513e-01
-2.7101242204709186e-01
-2.6780965254859423e-01
-2.6447846617689669e-01
-2.6111365232893474e-01
-2.5768876466570229e-01
-2.5417862704846728e-01
-2.5072782005444949e-01
-2.4729817681963440e-01
-2.4374973452372053e-01
-2.4030219751446075e-01
-2.3689523654606268e-01
-2.3349390690462221e-01
-2.3001568109852352e-01
-2.2665903707802859e-01
-2.2331657557285459e-01
-2.2000991316486659e-01
-2.1668881464236647e-01
-2.1335519276171391e-01
-2.1012223332253058e-01
-2.0690256145935601e-01
-2.0368415636529794e-01
-2.0050819381921151e-01
-1.9732754894207769e-01
-1.9414344158945288e-01
-1.9102582767672993e-01
-1.8793650782137597e-01
-1.8485355828294114e-01
-1.8177267910589257e-01
-1.7873196322165946e-01
-1.7570947114789934e-01
-1.7267851858573441e-01
-1.6967154452113836e-01
-1.6669321433369250e-01
-1.6370620225189059e-01
-1.6072756155910656e-01
-1.5777817018347931e-01
-1.5485005926201115e-01
-1.5191891960402804e-01
-1.4898582940858451e-01
-1.4607241209855990e-01
-1.4317320260816158e-01
-1.4027031631011935e-01
-1.3734981079048528e-01
-1.3444877373115435e-01
-1.3156138583817020e-01
-1.2867179745996982e-01
-1.2577123717149960e-01
-1.2287442039994056e-01
-1.1998231390798725e-01
-1.1708756888928211e-01
-1.1418689327889971e-01
-1.1127048801648651e-01
-1.0834118892733137e-01
-1.0538678561683512e-01
-1.0245186998208096e-01
-9.9505971294817058e-02
-9.6551030891278783e-02
-9.3576169492709915e-02
-9.0546487345732576e-02
-8.7517298411803168e-02
-8.4489122832007060e-02
-8.1443664603642801e-02
0.0000000000000000e+00
8.6048818912352820e-01
2.7442735784469863e-02
5.5695130136261417e-01
];
