%Vec Object:sol 1 MPI processes
%  type: mpi
sol = [
0.0000000000000000e+00
-1.1195455112877719e+00
-1.0983673497121427e+00
-1.0781113283761499e+00
-1.0583190256008588e+00
-1.0395073210327395e+00
-1.0209409489969787e+00
-1.0032587137549205e+00
-9.8592381409623353e-01
-9.6922306985253792e-01
-9.5299984500761570e-01
-9.3717204380656793e-01
-9.2181204746096013e-01
-9.0689359451489859e-01
-8.9230849974270565e-01
-8.7816468169520134e-01
-8.6431518764270943e-01
-8.5079017939130486e-01
-8.3768049524785415e-01
-8.2471133097334282e-01
-8.1219312637705821e-01
-7.9980270765904593e-01
-7.8776967693173949e-01
-7.7591891173784733e-01
-7.6433691268266524e-01
-7.5294177461590051e-01
-7.4181696797298280e-01
-7.3084151371316142e-01
-7.2005736122650765e-01
-7.0953808805915008e-01
-6.9906184280752592e-01
-6.8886333689529677e-01
-6.7876071128615212e-01
-6.6881989873605152e-01
-6.5904464669286733e-01
-6.4938210072075253e-01
-6.3988683232625010e-01
-6.3045690255492692e-01
-6.2120094753825228e-01
-6.1201272463178757e-01
-6.0295149818911287e-01
-5.9402411697229029e-01
-5.8511747708038897e-01
-5.7636523241994808e-01
-5.6767734781692014e-01
-5.5904973249548318e-01
-5.5055294236713903e-01
-5.4207100587371893e-01
-5.3367197766863528e-01
-5.2535203361450755e-01
-5.1707130113704669e-01
-5.0885918987671430e-01
-5.0068340770383146e-01
-4.9255693009484536e-01
-4.8449202283758641e-01
-4.7642749401640383e-01
-4.6840792607490034e-01
-4.6043260482738813e-01
-4.5240304458946801e-01
-4.4433282476374247e-01
-4.3611279084610410e-01
-4.2742894976746265e-01
-4.1782905198456888e-01
-4.0642244153197626e-01
-3.9180645428288546e-01
-3.7296273932754309e-01
-3.5132555008519234e-01
-3.3073174573867292e-01
-3.1364651158988266e-01
-3.0086296672332813e-01
-2.9165921847550924e-01
-2.8493707164928922e-01
-2.7983937489110883e-01
-2.7575827588321344e-01
-2.7228636628899566e-01
-2.6918048464850652e-01
-2.6628581053342038e-01
-2.6349709478064920e-01
-2.6074788978061536e-01
-2.5800124033977190e-01
-2.5523912923229469e-01
-2.5243844595719156e-01
-2.4958753040144266e-01
-2.4667555340956548e-01
-2.4370441528903486e-01
-2.4066919224356417e-01
-2.3756221429094587e-01
-2.3437940364984022e-01
-2.3111572449471260e-01
-2.2777966723191040e-01
-2.2436027440812656e-01
-2.2084744194369355e-01
-2.1723879132112062e-01
-2.1353085233406024e-01
-2.0970912752461157e-01
-2.0576678162662304e-01
-2.0169309138838368e-01
-1.9746892480032813e-01
-1.9308722926557975e-01
0.0000000000000000e+00
4.6896295199443538e-01
3.6212335590956962e-02
1.2841674284025993e+01
];
