%Vec Object:sol 1 MPI processes
%  type: mpi
sol = [
0.0000000000000000e+00
-1.2343352018481166e+00
-1.2087837157796735e+00
-1.1840378187484273e+00
-1.1601908867036799e+00
-1.1373672620085684e+00
-1.1150177360003792e+00
-1.0937102350852570e+00
-1.0728398396112981e+00
-1.0528113125408745e+00
-1.0332973103971379e+00
-1.0143602420387825e+00
-9.9594582520578678e-01
-9.7812615657573410e-01
-9.6068227033007048e-01
-9.4382083648768178e-01
-9.2727778852977383e-01
-9.1119492022334869e-01
-8.9553446886596455e-01
-8.8015284218413758e-01
-8.6519514529493347e-01
-8.5053112418246613e-01
-8.3617836684018143e-01
-8.2215014783925622e-01
-8.0837363482911784e-01
-7.9486355973608769e-01
-7.8165608147401300e-01
-7.6862143187768528e-01
-7.5584652318096557e-01
-7.4332203918805329e-01
-7.3093447870663919e-01
-7.1881059137037051e-01
-7.0683316924497375e-01
-6.9506196294417133e-01
-6.8341594588376686e-01
-6.7200154746649132e-01
-6.6064253983583032e-01
-6.4950609680982541e-01
-6.3846709427218840e-01
-6.2755578383156718e-01
-6.1679287452969578e-01
-6.0611571446851342e-01
-5.9558106690950119e-01
-5.8509574788351415e-01
-5.7475466973011335e-01
-5.6446448670719007e-01
-5.5426590200646886e-01
-5.4417047349114411e-01
-5.3401846404816600e-01
-5.2377148468696466e-01
-5.1284105366999866e-01
-4.9958364884267747e-01
-4.8048968439463452e-01
-4.5160330620065803e-01
-4.1447379391347411e-01
-3.7857090652123537e-01
-3.5168903651771261e-01
-3.3465670256443086e-01
-3.2434264193307222e-01
-3.1785627112873877e-01
-3.1339121077333310e-01
-3.0997523011684669e-01
-3.0707116703848070e-01
-3.0439362852467744e-01
-3.0179922022459665e-01
-2.9921351527333789e-01
-2.9659842395161590e-01
-2.9392533591827946e-01
-2.9118749827897333e-01
-2.8838852873772486e-01
-2.8552630830583059e-01
-2.8259087112986575e-01
-2.7960622692094311e-01
-2.7657082604023858e-01
-2.7347408604921075e-01
-2.7032743830628403e-01
-2.6713851793557747e-01
-2.6390524563043621e-01
-2.6062622197697688e-01
-2.5730621214215821e-01
-2.5395574494488160e-01
-2.5056983754711604e-01
-2.4714857948889529e-01
-2.4368870145933511e-01
-2.4019799262836750e-01
-2.3667518914471017e-01
-2.3311534484235419e-01
-2.2951597673268617e-01
-2.2587268756954776e-01
-2.2219463292418012e-01
-2.1847133659186146e-01
-2.1469461525226091e-01
-2.1086148317229272e-01
-2.0696870692067773e-01
-2.0299932395150630e-01
-1.9893436555399724e-01
-1.9478374363707929e-01
-1.9053005672417445e-01
-1.8616715362591754e-01
0.0000000000000000e+00
4.7560474234330241e-01
3.6085656413706396e-02
1.0797789412047210e+01
];
