%Vec Object:sol 1 MPI processes
%  type: mpi
sol = [
0.0000000000000000e+00
-2.3580727254229146e-06
-2.6543791741678023e-06
-2.7194497218355883e-06
-2.7660267125355046e-06
-2.7977776745587798e-06
-2.8111088245033535e-06
-2.5833079228514128e-05
-1.7750524349006729e+00
-1.6058886440763260e+00
-1.4400444471375606e+00
-1.2774431708602838e+00
-1.1135786574758988e+00
-9.4275589200209886e-01
-7.7953825975379110e-01
-6.1588284707984908e-01
-4.7870417205709292e-01
-3.5835275145645085e-01
-2.7426061488217079e-01
-2.1426202446689760e-01
-1.8176504830553375e-01
-1.6608974503795634e-01
-1.6323111227326403e-01
-1.6712595873291741e-01
-1.7415657008136529e-01
-1.8207930883154658e-01
-1.8941620801139492e-01
-1.9547133412189480e-01
-2.0029159102012806e-01
-2.0351570351485920e-01
-2.0571072229361462e-01
-2.0674218016334156e-01
-2.0699208420986037e-01
-2.0660187427059420e-01
-2.0566586018322200e-01
-2.0437579828049474e-01
-2.0278634498484893e-01
-2.0098496191467796e-01
-1.9902775415869711e-01
-1.9696114735339709e-01
-1.9482738069634717e-01
-1.9263990656326882e-01
-1.9038844198657248e-01
-1.8815622619440645e-01
-1.8593174264392889e-01
-1.8362695120858469e-01
-1.8137744192157756e-01
-1.7915182240903987e-01
-1.7693517946234852e-01
-1.7466240909995953e-01
-1.7246359984721571e-01
-1.7028310833048968e-01
-1.6812711684523535e-01
-1.6595536512079409e-01
-1.6378160925987939e-01
-1.6167830253299312e-01
-1.5958274327933178e-01
-1.5748809497921984e-01
-1.5542817630272171e-01
-1.5336742447324622e-01
-1.5130038171748345e-01
-1.4929066232692839e-01
-1.4730279193260057e-01
-1.4531760289046566e-01
-1.4333728286483144e-01
-1.4139292416445523e-01
-1.3946419285858938e-01
-1.3753172301695551e-01
-1.3561907995123709e-01
-1.3373349194259582e-01
-1.3184637124483836e-01
-1.2996375706140431e-01
-1.2811267623927355e-01
-1.2628444591121674e-01
-1.2445424242213556e-01
-1.2262843586718933e-01
-1.2082466444428655e-01
-1.1903597660804394e-01
-1.1724812560710843e-01
-1.1545455436691711e-01
-1.1368429693878690e-01
-1.1192998414989547e-01
-1.1017965166336095e-01
-1.0842753934675303e-01
-1.0668645791706102e-01
-1.0495789767824046e-01
-1.0323347614978355e-01
-1.0151084009926470e-01
-9.9784115936786502e-02
-9.8061883884492856e-02
-9.6332144591982430e-02
-9.4620427551789815e-02
-9.2909279975050829e-02
-9.1202394420093869e-02
-8.9490856287149326e-02
-8.7752730820420649e-02
-8.6023908097117810e-02
-8.4301837840709132e-02
-8.2580347338563245e-02
0.0000000000000000e+00
7.4789544253711959e-01
2.9325726073298482e-02
7.5205904005428492e-01
];
