%Vec Object:sol 1 MPI processes
%  type: mpi
sol = [
0.0000000000000000e+00
-1.3584241595643471e+00
-1.3271903902721947e+00
-1.2968250123318563e+00
-1.2678154845333587e+00
-1.2400355710746258e+00
-1.2129497397920219e+00
-1.1871384678677346e+00
-1.1619914296230092e+00
-1.1377420475908995e+00
-1.1144300787912045e+00
-1.0915563003804922e+00
-1.0696213079003578e+00
-1.0481849660627591e+00
-1.0273865988387019e+00
-1.0072465431134163e+00
-9.8750273637579911e-01
-9.6841104978662673e-01
-9.4969587903816799e-01
-9.3146526564325827e-01
-9.1364288311874431e-01
-8.9626060305251265e-01
-8.7921617877656444e-01
-8.6258060853681717e-01
-8.4626067812555494e-01
-8.3023453922723411e-01
-8.1461152095793965e-01
-7.9913935126856850e-01
-7.8405181009564395e-01
-7.6916095256124817e-01
-7.5454658543602549e-01
-7.4011332972627841e-01
-7.2598259174125845e-01
-7.1194903039398039e-01
-6.9820734923341643e-01
-6.8458215583007531e-01
-6.7116146890054340e-01
-6.5788137698932725e-01
-6.4477954528989390e-01
-6.3177710766368766e-01
-6.1888800283810508e-01
-6.0585622180813437e-01
-5.9140512643674814e-01
-5.7039269551016891e-01
-5.3097494298887604e-01
-4.7294476869347518e-01
-4.1721676853792949e-01
-3.7986610052055397e-01
-3.5979818406481795e-01
-3.4944034253031786e-01
-3.4362211088887640e-01
-3.3979143508580478e-01
-3.3679542144690672e-01
-3.3409831943153140e-01
-3.3146195606425877e-01
-3.2878707149157510e-01
-3.2603162636189281e-01
-3.2316850230997074e-01
-3.2019867057242762e-01
-3.1713492145940003e-01
-3.1396708147649549e-01
-3.1072159731781435e-01
-3.0739764163926897e-01
-3.0399737619136330e-01
-3.0053253914853623e-01
-2.9701452616437324e-01
-2.9345198723439114e-01
-2.8984228846129101e-01
-2.8619507890778811e-01
-2.8252258566674443e-01
-2.7882704197216385e-01
-2.7507966177189791e-01
-2.7130118695158978e-01
-2.6751322465625921e-01
-2.6370554269390262e-01
-2.5988976501271599e-01
-2.5607416126056193e-01
-2.5225672652406983e-01
-2.4843539209983606e-01
-2.4461405529181177e-01
-2.4080379891933662e-01
-2.3699920708570049e-01
-2.3319963031162566e-01
-2.2940118981570434e-01
-2.2561170264875988e-01
-2.2182958566247660e-01
-2.1804962439512202e-01
-2.1426895466450940e-01
-2.1048261079857225e-01
-2.0669959715389752e-01
-2.0290919569295041e-01
-1.9910450444455952e-01
-1.9528204303780292e-01
-1.9143904463274405e-01
-1.8756181477254941e-01
-1.8364303010582594e-01
-1.7967607611859704e-01
-1.7564439833091081e-01
-1.7154236435681045e-01
0.0000000000000000e+00
4.8258913904442391e-01
3.5934390758722387e-02
8.9795205043751114e+00
];
