%Vec Object:sol 1 MPI processes
%  type: mpi
sol = [
0.0000000000000000e+00
-1.0493394947957100e+00
-1.0306287626403081e+00
-1.0124009056125380e+00
-9.9483794598276931e-01
-9.7796500314960755e-01
-9.6141727117348064e-01
-9.4561249172334283e-01
-9.3010002296508643e-01
-9.1522379175575264e-01
-9.0065305780232685e-01
-8.8651794760404001e-01
-8.7275658992677940e-01
-8.5940868838647111e-01
-8.4637397831070715e-01
-8.3369683444445009e-01
-8.2135194418940716e-01
-8.0920736939863214e-01
-7.9750270751684882e-01
-7.8589226681063840e-01
-7.7465512881615683e-01
-7.6363930677243319e-01
-7.5280554044847237e-01
-7.4231756697243378e-01
-7.3188081029421603e-01
-7.2175105530454531e-01
-7.1179203200361973e-01
-7.0197503804918060e-01
-6.9239767027522880e-01
-6.8293481968846570e-01
-6.7366387343916889e-01
-6.6450737471058108e-01
-6.5552973987346386e-01
-6.4668433257815483e-01
-6.3794043182110649e-01
-6.2938188350025503e-01
-6.2087268459752987e-01
-6.1251618758262760e-01
-6.0429756419882819e-01
-5.9610372713322346e-01
-5.8807751385285056e-01
-5.8012363314252857e-01
-5.7223226606302147e-01
-5.6448537730229076e-01
-5.5676382937908664e-01
-5.4912701449059731e-01
-5.4160081353904421e-01
-5.3409635062674665e-01
-5.2667219599161275e-01
-5.1932112806943753e-01
-5.1200739911771875e-01
-5.0476115967915369e-01
-4.9755756975688670e-01
-4.9039410729009197e-01
-4.8329390765885122e-01
-4.7621123038044616e-01
-4.6916363995962956e-01
-4.6217581922439754e-01
-4.5518818781341053e-01
-4.4822369913569676e-01
-4.4130914533635102e-01
-4.3439714211247171e-01
-4.2748369634467848e-01
-4.2060641926235226e-01
-4.1374551756405092e-01
-4.0684870517753652e-01
-3.9997181073032950e-01
-3.9310561166371788e-01
-3.8619171981680989e-01
-3.7925067326705364e-01
-3.7228258820866106e-01
-3.6525198419811411e-01
-3.5810607625490759e-01
-3.5081810462909080e-01
-3.4324475018839257e-01
-3.3504549883492241e-01
-3.2574305224093170e-01
-3.1502258716343112e-01
-3.0314824969575921e-01
-2.9100334884013757e-01
-2.7960396355635836e-01
-2.6943221493758857e-01
-2.6061554735178927e-01
-2.5318593254547062e-01
-2.4689796753832949e-01
-2.4148931869258058e-01
-2.3672754547480782e-01
-2.3242533324674913e-01
-2.2843769253533691e-01
-2.2466745955934397e-01
-2.2102618021677264e-01
-2.1744590427898883e-01
-2.1388207178489821e-01
-2.1029964715293173e-01
-2.0666108283623053e-01
-2.0294284332527865e-01
-1.9912036149650258e-01
-1.9516561167058183e-01
-1.9106605446081887e-01
0.0000000000000000e+00
4.6326872278859099e-01
3.6277229521431274e-02
1.4139015560954961e+01
];
