%Vec Object:sol 1 MPI processes
%  type: mpi
sol = [
0.0000000000000000e+00
-1.0434975485925166e+00
-1.0249024236741915e+00
-1.0068725445593540e+00
-9.8941627664568255e-01
-9.7273228657381383e-01
-9.5628400013138559e-01
-9.4066111673133002e-01
-9.2524112314158902e-01
-9.1045467210806430e-01
-8.9605754717309971e-01
-8.8200746756179005e-01
-8.6841435766763597e-01
-8.5514681333026821e-01
-8.4227537640737937e-01
-8.2967492265335818e-01
-8.1744609047104411e-01
-8.0541792221111774e-01
-7.9378542786491113e-01
-7.8232836619889357e-01
-7.7116145010244985e-01
-7.6029513319568509e-01
-7.4953012715652334e-01
-7.3912797355850557e-01
-7.2881884947917153e-01
-7.1875552378533258e-01
-7.0893867761369700e-01
-6.9918736992958475e-01
-6.8972117901555496e-01
-6.8035101883427918e-01
-6.7114449011920219e-01
-6.6212438425934472e-01
-6.5321068677727889e-01
-6.4447328973424878e-01
-6.3581875268347166e-01
-6.2732362254988550e-01
-6.1894584845275902e-01
-6.1065280871619709e-01
-6.0251892417715724e-01
-5.9443309591667004e-01
-5.8647030005480649e-01
-5.7864338009367178e-01
-5.7081585112106292e-01
-5.6313362547221668e-01
-5.5553790118454027e-01
-5.4796637632319112e-01
-5.4051980834605329e-01
-5.3312577039813192e-01
-5.2576780973748349e-01
-5.1851664503995043e-01
-5.1129252138979675e-01
-5.0411396245446360e-01
-4.9702163310657477e-01
-4.8993726526237247e-01
-4.8290689483592619e-01
-4.7593944125947196e-01
-4.6896927347812811e-01
-4.6205404126904304e-01
-4.5517921180316950e-01
-4.4829793636785542e-01
-4.4145921644080688e-01
-4.3465223876804587e-01
-4.2783420676151335e-01
-4.2103675696982301e-01
-4.1426949714502681e-01
-4.0748722453072389e-01
-4.0069780550747958e-01
-3.9392498394927095e-01
-3.8715205606203573e-01
-3.8032569965433660e-01
-3.7349238231521487e-01
-3.6663980731604701e-01
-3.5972732832678889e-01
-3.5274314982654292e-01
-3.4568594205510678e-01
-3.3847744210308200e-01
-3.3089458053035442e-01
-3.2260474478507728e-01
-3.1323155491433841e-01
-3.0268838492229333e-01
-2.9143444402042540e-01
-2.8030017536287194e-01
-2.7002906602665933e-01
-2.6081443916238872e-01
-2.5277619443266003e-01
-2.4587875064925693e-01
-2.3991735116722740e-01
-2.3467692239439500e-01
-2.2996886284628237e-01
-2.2565305687690437e-01
-2.2160391438092664e-01
-2.1772324179973987e-01
-2.1394387656597275e-01
-2.1021274897835279e-01
-2.0647882004115928e-01
-2.0270860795809614e-01
-1.9886963632369464e-01
-1.9492861062083025e-01
-1.9086978138387281e-01
0.0000000000000000e+00
4.6258121963951149e-01
3.6281711437853130e-02
1.4236091182422120e+01
];
