%Vec Object:sol 1 MPI processes
%  type: mpi
sol = [
0.0000000000000000e+00
-1.3344200597044191e+00
-1.3042304065732968e+00
-1.2750713537549276e+00
-1.2472101113375562e+00
-1.2202953707210749e+00
-1.1942629114872112e+00
-1.1693059456758137e+00
-1.1450420545952249e+00
-1.1217201619874220e+00
-1.0990659785382324e+00
-1.0770568972687384e+00
-1.0557844123737894e+00
-1.0350914821257020e+00
-1.0150257028561074e+00
-9.9545851856009882e-01
-9.7644788434097507e-01
-9.5784796544383577e-01
-9.3982802702501300e-01
-9.2212069824023735e-01
-9.0489920624657882e-01
-8.8806899205589629e-01
-8.7154090536711315e-01
-8.5547357466371199e-01
-8.3960702701173218e-01
-8.2415532517653134e-01
-8.0894071159335879e-01
-7.9404045175399662e-01
-7.7933332228631680e-01
-7.6499853601873991e-01
-7.5075611390251273e-01
-7.3686540076614604e-01
-7.2310119366054948e-01
-7.0959354455845769e-01
-6.9621944169686456e-01
-6.8309431272645171e-01
-6.7005424578701822e-01
-6.5724583498701905e-01
-6.4454529975927988e-01
-6.3199072583143345e-01
-6.1957570961360320e-01
-6.0725051653162487e-01
-5.9491545561750969e-01
-5.8196474311738799e-01
-5.6595172019545747e-01
-5.3904948668093766e-01
-4.9334542295755657e-01
-4.3813428724411135e-01
-3.9284437086416557e-01
-3.6497337526289092e-01
-3.5008764578445478e-01
-3.4198876173967280e-01
-3.3709384572244250e-01
-3.3362610718994784e-01
-3.3075384943882102e-01
-3.2809657647911894e-01
-3.2547937760223955e-01
-3.2281079149701675e-01
-3.2005989106813204e-01
-3.1722359015313367e-01
-3.1428336909487364e-01
-3.1126099057216866e-01
-3.0815317368333944e-01
-3.0496066403840888e-01
-3.0169433334248474e-01
-2.9836483212691911e-01
-2.9498055606020984e-01
-2.9153876958568375e-01
-2.8804882982721774e-01
-2.8452302432149679e-01
-2.8096384373693856e-01
-2.7736503862887962e-01
-2.7375260153466030e-01
-2.7012591098225458e-01
-2.6645637553596641e-01
-2.6274489255610539e-01
-2.5902421234240702e-01
-2.5529247259653132e-01
-2.5154787984514637e-01
-2.4779463363108764e-01
-2.4404386195188146e-01
-2.4029039066074451e-01
-2.3653386761274747e-01
-2.3277068428591649e-01
-2.2900881563193487e-01
-2.2524690563685926e-01
-2.2147996760192304e-01
-2.1770538119694602e-01
-2.1391846018541910e-01
-2.1012840281290376e-01
-2.0632472117245620e-01
-2.0250047127374937e-01
-1.9865244245042388e-01
-1.9477797138177450e-01
-1.9086346068293925e-01
-1.8690177015138917e-01
-1.8288609529400771e-01
-1.7879981274328566e-01
-1.7463726548517561e-01
0.0000000000000000e+00
4.8117519246795598e-01
3.5964817049675524e-02
9.3019918243155004e+00
];
