%Vec Object:sol 1 MPI processes
%  type: mpi
sol = [
0.0000000000000000e+00
-1.4419101250188282e+00
-1.4060949489642005e+00
-1.3718467964696690e+00
-1.3390314678614621e+00
-1.3074650153751841e+00
-1.2770021071695441e+00
-1.2478581879552424e+00
-1.2195456392141506e+00
-1.1923158761395725e+00
-1.1660951517438665e+00
-1.1404635343201388e+00
-1.1158574249114690e+00
-1.0918930780798921e+00
-1.0685970362516850e+00
-1.0461402996284213e+00
-1.0240462578057616e+00
-1.0026781645807974e+00
-9.8187442587116947e-01
-9.6146729797353692e-01
-9.4170269136389684e-01
-9.2224377589511286e-01
-9.0328367936850407e-01
-8.8473692029343898e-01
-8.6653179402377167e-01
-8.4872216788315979e-01
-8.3124773569378296e-01
-8.1408841135781640e-01
-7.9718177012172686e-01
-7.8066297654851813e-01
-7.6427724833558397e-01
-7.4824805113875092e-01
-7.3239887595619668e-01
-7.1679239456725974e-01
-7.0137100916999218e-01
-6.8617800336572632e-01
-6.7100038538824969e-01
-6.5528441073573918e-01
-6.3432151943133330e-01
-5.9038965154237677e-01
-5.1448528213341171e-01
-4.4158666790565537e-01
-3.9632625452568931e-01
-3.7464399402145176e-01
-3.6457834273798378e-01
-3.5926693394035147e-01
-3.5578718680588112e-01
-3.5294992840533940e-01
-3.5025012842993858e-01
-3.4751881317890793e-01
-3.4467373273945551e-01
-3.4168281425545394e-01
-3.3855866409990837e-01
-3.3529723634476677e-01
-3.3190537548242771e-01
-3.2840149122467910e-01
-3.2479834062424090e-01
-3.2109654474760724e-01
-3.1731221018504346e-01
-3.1346540253073013e-01
-3.0955068001338765e-01
-3.0559793280362291e-01
-3.0158630820025972e-01
-2.9750495758588824e-01
-2.9339184715268585e-01
-2.8925909118988274e-01
-2.8511480740254896e-01
-2.8095589198548676e-01
-2.7679236159659770e-01
-2.7263585478123692e-01
-2.6848753113979645e-01
-2.6434111112712055e-01
-2.6022207991678836e-01
-2.5612882720126789e-01
-2.5204989869069583e-01
-2.4799587120830974e-01
-2.4397424295750930e-01
-2.3998188008873911e-01
-2.3601518329326041e-01
-2.3207648073883658e-01
-2.2817616221249448e-01
-2.2430746201116175e-01
-2.2046825415117907e-01
-2.1665330187795415e-01
-2.1286949052737411e-01
-2.0911408379520449e-01
-2.0538074525345137e-01
-2.0166547231301929e-01
-1.9796205844692971e-01
-1.9427862647990576e-01
-1.9060341617057827e-01
-1.8692938402536677e-01
-1.8325193926241709e-01
-1.7956774177622167e-01
-1.7586250060182104e-01
-1.7212807295095628e-01
-1.6835816274451534e-01
-1.6453610043430367e-01
-1.6065600716324888e-01
0.0000000000000000e+00
4.8776593158783432e-01
3.5825679806509206e-02
7.9694393718588410e+00
];
