%Vec Object:sol 1 MPI processes
%  type: mpi
sol = [
0.0000000000000000e+00
-9.6165413087144969e-01
-9.4547357374315255e-01
-9.2979286537009875e-01
-9.1452728107335657e-01
-9.0003798935550250e-01
-8.8567071207177306e-01
-8.7195406503248529e-01
-8.5867985431422600e-01
-8.4564360059168742e-01
-8.3321562015077666e-01
-8.2093906068951239e-01
-8.0908304271952391e-01
-7.9766813670105885e-01
-7.8634413219848831e-01
-7.7548645465180566e-01
-7.6486789181591175e-01
-7.5445313720630980e-01
-7.4442978340118515e-01
-7.3452988445306588e-01
-7.2490701132058377e-01
-7.1558811488790997e-01
-7.0634637744910322e-01
-6.9740909438716003e-01
-6.8868598719785457e-01
-6.8005355214635643e-01
-6.7171547898205564e-01
-6.6350380832961675e-01
-6.5543288323046878e-01
-6.4761136005541953e-01
-6.3987505526144683e-01
-6.3229981633598109e-01
-6.2493756927329702e-01
-6.1763359565038944e-01
-6.1049918691324589e-01
-6.0355106709619877e-01
-5.9663981195428251e-01
-5.8990032844628781e-01
-5.8332787911443140e-01
-5.7677609659273654e-01
-5.7039325202329638e-01
-5.6416407687395753e-01
-5.5794406914893713e-01
-5.5188604497545146e-01
-5.4597133300147138e-01
-5.4006181645170259e-01
-5.3430251650260652e-01
-5.2868243315034780e-01
-5.2306120894871322e-01
-5.1757863499438128e-01
-5.1222856299629860e-01
-5.0688521160175803e-01
-5.0166134310229993e-01
-4.9656156010883334e-01
-4.9148791185252960e-01
-4.8650903844633825e-01
-4.8164742082777889e-01
-4.7683469791114480e-01
-4.7209059371349632e-01
-4.6745836147984599e-01
-4.6289376934640963e-01
-4.5838425506874930e-01
-4.5397582577423751e-01
-4.4965205285918375e-01
-4.4537700041259481e-01
-4.4118972153929326e-01
-4.3710513471149576e-01
-4.3305401303919211e-01
-4.2909746418127276e-01
-4.2523240953884922e-01
-4.2142602117309408e-01
-4.1769761333603050e-01
-4.1406139562540484e-01
-4.1050376121813009e-01
-4.0700210580325985e-01
-4.0360085559592035e-01
-4.0029239034258235e-01
-3.9703428263148943e-01
-3.9386737241203740e-01
-3.9080177472400257e-01
-3.8781587874947709e-01
-3.8489203353499268e-01
-3.8207160515127814e-01
-3.7935449318742354e-01
-3.7670144193716654e-01
-3.7413568454383583e-01
-3.7167580326209615e-01
-3.6931277486060021e-01
-3.6701995969169515e-01
-3.6483082036730474e-01
-3.6274812423581154e-01
-3.6075051475086500e-01
-3.5884763648573065e-01
-3.5706118063557879e-01
-3.5539136320953346e-01
-3.5381342096170554e-01
-3.5238105189564350e-01
-3.5112344144096252e-01
-3.5007189342512895e-01
0.0000000000000000e+00
4.4180616125817535e-01
3.6295210385578758e-02
1.4534768391059000e+01
];
