%Vec Object:sol 1 MPI processes
%  type: mpi
sol = [
0.0000000000000000e+00
-1.8309319454593935e+00
-1.7701049656383667e+00
-1.7122501789442208e+00
-1.6571945581055159e+00
-1.6048905243081248e+00
-1.5546316541050431e+00
-1.5066391736121476e+00
-1.4605279880346986e+00
-1.4162142693656163e+00
-1.3737187870776495e+00
-1.3325310515857687e+00
-1.2929106466063736e+00
-1.2545729666617691e+00
-1.2172845708686373e+00
-1.1812280675902087e+00
-1.1460950694588392e+00
-1.1119720860093627e+00
-1.0787178459669906e+00
-1.0461173947670646e+00
-1.0143469641403624e+00
-9.8319566090359911e-01
-9.4871467669297960e-01
-8.0097735781423185e-01
-5.3426848798979343e-01
-4.3972552927818881e-01
-4.2217881700660020e-01
-4.1883871525590721e-01
-4.1751350011279936e-01
-4.1569516639229459e-01
-4.1317252054938125e-01
-4.0986128828991752e-01
-4.0589208735178067e-01
-4.0135417735422974e-01
-3.9630360202196108e-01
-3.9085956435417857e-01
-3.8504095051161358e-01
-3.7894519983180291e-01
-3.7266215124399921e-01
-3.6622122249132161e-01
-3.5967398835157494e-01
-3.5308122006809245e-01
-3.4645683487178869e-01
-3.3985555298205372e-01
-3.3330705906979718e-01
-3.2680584190973322e-01
-3.2040232819064046e-01
-3.1411593150488304e-01
-3.0793554210914242e-01
-3.0188801275486016e-01
-2.9598754640533648e-01
-2.9022586037702974e-01
-2.8462131428894771e-01
-2.7916494529899022e-01
-2.7385575589473532e-01
-2.6870678144842292e-01
-2.6371121302947065e-01
-2.5885613215565567e-01
-2.5414566771617247e-01
-2.4958004426256658e-01
-2.4514029565080372e-01
-2.4084609749165692e-01
-2.3668008830058346e-01
-2.3262984734231185e-01
-2.2869439288601667e-01
-2.2487555153062788e-01
-2.2116646054439892e-01
-2.1755126675413508e-01
-2.1403117255946000e-01
-2.1060634281381940e-01
-2.0726517240174938e-01
-2.0399312274368514e-01
-2.0080787988860563e-01
-1.9769841769068019e-01
-1.9464395068811657e-01
-1.9164791555323013e-01
-1.8871224695609132e-01
-1.8582740653146654e-01
-1.8298259662935548e-01
-1.8017334791608788e-01
-1.7740719393389326e-01
-1.7467196450629396e-01
-1.7196036821828148e-01
-1.6926208979407351e-01
-1.6658141554215197e-01
-1.6391164289237861e-01
-1.6124301075685335e-01
-1.5856773200846083e-01
-1.5587483540763294e-01
-1.5316965011790065e-01
-1.5043618466033734e-01
-1.4766601535000956e-01
-1.4484922697780381e-01
-1.4197827518403297e-01
-1.3903319746401044e-01
-1.3599945270997657e-01
-1.3286632652703415e-01
-1.2960926811825288e-01
-1.2621196397809686e-01
0.0000000000000000e+00
5.1896313399556504e-01
3.5269685218781557e-02
4.9117221030766682e+00
];
