%Vec Object:sol 1 MPI processes
%  type: mpi
sol = [
0.0000000000000000e+00
-9.2627197601670352e-01
-9.1158623791372140e-01
-8.9735492135053896e-01
-8.8346193279793572e-01
-8.7028111759724602e-01
-8.5727736280886924e-01
-8.4477286802410856e-01
-8.3275563314622059e-01
-8.2091924799461458e-01
-8.0957873103780953e-01
-7.9856709241702195e-01
-7.8773247988326411e-01
-7.7731158245413978e-01
-7.6719895751982747e-01
-7.5728023601909311e-01
-7.4766561382822760e-01
-7.3833364887684960e-01
-7.2918531047111579e-01
-7.2030148154688878e-01
-7.1165341219621470e-01
-7.0316057632308460e-01
-6.9493953971468747e-01
-6.8689581280748147e-01
-6.7898732137672169e-01
-6.7134772870724024e-01
-6.6384245074391646e-01
-6.5645764155090003e-01
-6.4933231863083263e-01
-6.4230011469335813e-01
-6.3539741389105542e-01
-6.2873039102763262e-01
-6.2212746079137582e-01
-6.1565961119265422e-01
-6.0940390673034361e-01
-6.0319573822580075e-01
-5.9711952407478308e-01
-5.9123553135685925e-01
-5.8539208039138324e-01
-5.7967101448003810e-01
-5.7412520170075343e-01
-5.6862024277145673e-01
-5.6322332800928165e-01
-5.5798715020705503e-01
-5.5279783854113851e-01
-5.4769873426089333e-01
-5.4274789930498468e-01
-5.3785435708893448e-01
-5.3303064700992420e-01
-5.2834447611797997e-01
-5.2372531916310028e-01
-5.1916211072130325e-01
-5.1472304885389630e-01
-5.1035911579718618e-01
-5.0604446147557558e-01
-5.0183759011324125e-01
-4.9771551636287936e-01
-4.9363615355578827e-01
-4.8964887102281029e-01
-4.8575732623334988e-01
-4.8189503334733169e-01
-4.7812372942152592e-01
-4.7444910157243825e-01
-4.7079396971060122e-01
-4.6723332165283260e-01
-4.6375367609825313e-01
-4.6031125531344802e-01
-4.5694336468751040e-01
-4.5366232610396429e-01
-4.5042595989171053e-01
-4.4724307144150793e-01
-4.4415009935879712e-01
-4.4112055923142340e-01
-4.3811780099090747e-01
-4.3520211008927101e-01
-4.3237138420920884e-01
-4.2955382606939779e-01
-4.2681151334032341e-01
-4.2415193425801440e-01
-4.2153361877263446e-01
-4.1896781212850470e-01
-4.1647685568951998e-01
-4.1404730686298902e-01
-4.1165428526669523e-01
-4.0933824713826733e-01
-4.0709165914558315e-01
-4.0486752979847285e-01
-4.0271725038443140e-01
-4.0064274725262827e-01
-3.9860634838640413e-01
-3.9661916000312997e-01
-3.9470667085038419e-01
-3.9285748440684332e-01
-3.9103963500175110e-01
-3.8928951590929123e-01
-3.8761116249381988e-01
-3.8596461199402904e-01
-3.8438116005227563e-01
-3.8287059830572284e-01
0.0000000000000000e+00
4.3090782534347016e-01
3.6295210385578758e-02
1.4534768391059000e+01
];
