%Vec Object:sol 1 MPI processes
%  type: mpi
sol = [
0.0000000000000000e+00
-1.4085924976755628e+00
-1.7381130679672661e+00
-1.7826986493069832e+00
-1.7308575927208605e+00
-1.6801132349907515e+00
-1.6267349226700019e+00
-1.5711525036135643e+00
-1.5142366527848432e+00
-1.4574611744826704e+00
-1.4021147346726477e+00
-1.3484888920836129e+00
-1.2972895002680052e+00
-1.2483570915433426e+00
-1.2013310928708725e+00
-1.1527823094676271e+00
-1.0383661147258929e+00
-7.3328555741715451e-01
-5.4360250077586281e-01
-4.6751220606219601e-01
-4.4410726842447001e-01
-4.3397979694434830e-01
-4.2833200377281694e-01
-4.2440798272768265e-01
-4.2082834818708847e-01
-4.1714498584318727e-01
-4.1293918452842893e-01
-4.0788570496827187e-01
-4.0228720769162679e-01
-3.9594751227331393e-01
-3.8914197689653968e-01
-3.8189198684085196e-01
-3.7437957295211055e-01
-3.6669800351960680e-01
-3.5890339274779059e-01
-3.5114035187024167e-01
-3.4342372154515799e-01
-3.3581365797813306e-01
-3.2837947292986525e-01
-3.2112546805971337e-01
-3.1407450814594806e-01
-3.0726020212327626e-01
-3.0066608860164590e-01
-2.9431851321937519e-01
-2.8821906488775101e-01
-2.8233318020046122e-01
-2.7668824626594513e-01
-2.7127918639570175e-01
-2.6607449303963859e-01
-2.6107620907867918e-01
-2.5628763045683833e-01
-2.5168371978918924e-01
-2.4726726259150728e-01
-2.4301709343415770e-01
-2.3892341720104909e-01
-2.3499275214297941e-01
-2.3120836335396949e-01
-2.2755173202473641e-01
-2.2402328387195661e-01
-2.2061724744526817e-01
-2.1731189820046876e-01
-2.1412644607908371e-01
-2.1104016175848453e-01
-2.0803874313374704e-01
-2.0512035938083689e-01
-2.0228733895040377e-01
-1.9953165628259104e-01
-1.9683696341323201e-01
-1.9420554458031403e-01
-1.9163770079121173e-01
-1.8912132683612681e-01
-1.8664274238633244e-01
-1.8422076527554512e-01
-1.8184461642871352e-01
-1.7949355162643338e-01
-1.7717167418649302e-01
-1.7488199727838075e-01
-1.7261551794857707e-01
-1.7036152145954742e-01
-1.6811551279606060e-01
-1.6588627299095082e-01
-1.6366173540262885e-01
-1.6143462347510865e-01
-1.5919435373629637e-01
-1.5694573075071308e-01
-1.5468182216927193e-01
-1.5239270878335937e-01
-1.5007007473480949e-01
-1.4770174901467739e-01
-1.4529234052244241e-01
-1.4282446466827900e-01
-1.4028906283992501e-01
-1.3767361523936472e-01
-1.3496791530775140e-01
-1.3214827241968766e-01
-1.2919557874433393e-01
-1.2609436006037691e-01
-1.2281270570607915e-01
-1.1932396656862727e-01
0.0000000000000000e+00
5.4873083353996865e-01
3.4955589269159128e-02
3.9859095057269984e+00
];
