%Vec Object:sol 1 MPI processes
%  type: mpi
sol = [
0.0000000000000000e+00
-1.0355589236700953e+00
-1.0171043390233325e+00
-9.9934083974986021e-01
-9.8201529112830477e-01
-9.6558565333349267e-01
-9.4926059050127443e-01
-9.3376737710940150e-01
-9.1857921154510758e-01
-9.0390332703818554e-01
-8.8974210719788849e-01
-8.7579756518870366e-01
-8.6243371019549331e-01
-8.4926654886006225e-01
-8.3655339185408639e-01
-8.2411437346732175e-01
-8.1198064858428742e-01
-8.0016857196138857e-01
-7.8862797162647580e-01
-7.7738219030668332e-01
-7.6630509388320511e-01
-7.5556199227619747e-01
-7.4496872623568466e-01
-7.3465378656160518e-01
-7.2454603100223169e-01
-7.1456899779040794e-01
-7.0490226420251234e-01
-6.9528337137055685e-01
-6.8590226355070316e-01
-6.7672524855443206e-01
-6.6760357430422257e-01
-6.5873167283029943e-01
-6.4994386967890228e-01
-6.4129114712301027e-01
-6.3282325257074379e-01
-6.2441291137720689e-01
-6.1616151123870277e-01
-6.0801145344161256e-01
-5.9996329270830018e-01
-5.9205417154734474e-01
-5.8418218634883901e-01
-5.7644538856437355e-01
-5.6879372405192352e-01
-5.6119903486920020e-01
-5.5372909600242315e-01
-5.4629752064791237e-01
-5.3894061146340466e-01
-5.3169658652720098e-01
-5.2445476369554833e-01
-5.1729576762560192e-01
-5.1023638643389790e-01
-5.0316078564078148e-01
-4.9616371376955515e-01
-4.8925091404642440e-01
-4.8231973593736283e-01
-4.7545144664162520e-01
-4.6865320803962118e-01
-4.6184151272255625e-01
-4.5507043329042246e-01
-4.4835585749351825e-01
-4.4163182873477513e-01
-4.3493383919211576e-01
-4.2827287000079872e-01
-4.2160760947878512e-01
-4.1495607587425615e-01
-4.0831897985070748e-01
-4.0168652429583612e-01
-3.9504078636894951e-01
-3.8840510809056628e-01
-3.8177074957896778e-01
-3.7509645494085248e-01
-3.6841674566667482e-01
-3.6172160120733798e-01
-3.5499529130424617e-01
-3.4822221362783595e-01
-3.4143046045991066e-01
-3.3460572183941317e-01
-3.2769746856552162e-01
-3.2058945713931064e-01
-3.1306264271554635e-01
-3.0481263040091006e-01
-2.9566416031359916e-01
-2.8578905304682067e-01
-2.7570282777903665e-01
-2.6599428390963087e-01
-2.5708387196424448e-01
-2.4899554826615369e-01
-2.4178344296527562e-01
-2.3542081481865790e-01
-2.2976631437299117e-01
-2.2466273427177472e-01
-2.1996892862401871e-01
-2.1557393364500038e-01
-2.1139111730101712e-01
-2.0734055240603513e-01
-2.0336608315302057e-01
-1.9941794509676891e-01
-1.9545071424509688e-01
-1.9143935744373966e-01
0.0000000000000000e+00
4.6153051570983950e-01
3.6287273141321318e-02
1.4357992998596089e+01
];
