%Vec Object:sol 1 MPI processes
%  type: mpi
sol = [
0.0000000000000000e+00
-9.5861565768652490e-01
-9.4250815953685840e-01
-9.2701217055230367e-01
-9.1181254538923406e-01
-8.9738744814782212e-01
-8.8319255742436531e-01
-8.6953517766329413e-01
-8.5640803260723497e-01
-8.4344361448536598e-01
-8.3106989265279940e-01
-8.1894839110629503e-01
-8.0714417677665229e-01
-7.9578154277582291e-01
-7.8460593029189241e-01
-7.7379865041337093e-01
-7.6331446693818006e-01
-7.5295742708876356e-01
-7.4298309774423543e-01
-7.3322122146050217e-01
-7.2364655193476246e-01
-7.1437690820691968e-01
-7.0526918472881639e-01
-6.9638060446924821e-01
-6.8773360643641601e-01
-6.7920425737209922e-01
-6.7091498521734461e-01
-6.6282118403861012e-01
-6.5480762848036111e-01
-6.4703550987373948e-01
-6.3942294487851881e-01
-6.3189749401741324e-01
-6.2458640855173420e-01
-6.1740423589201265e-01
-6.1032153385345678e-01
-6.0342653177990513e-01
-5.9663550172284618e-01
-5.8994983424479452e-01
-5.8343263786950539e-01
-5.7699979054645623e-01
-5.7067297372957437e-01
-5.6450116127016203e-01
-5.5839890447536822e-01
-5.5239911199930691e-01
-5.4654536928123887e-01
-5.4075076196942395e-01
-5.3505159946903613e-01
-5.2949309294983504e-01
-5.2398722654701790e-01
-5.1856701484537604e-01
-5.1328083835745197e-01
-5.0805246776609991e-01
-5.0289372377746688e-01
-4.9786056566672815e-01
-4.9290167101206273e-01
-4.8799057699534959e-01
-4.8319816752011513e-01
-4.7849989892217237e-01
-4.7382601259760132e-01
-4.6926532427932738e-01
-4.6481429907969507e-01
-4.6037733514150070e-01
-4.5604218901177662e-01
-4.5181292939178519e-01
-4.4762952689753210e-01
-4.4351607067182841e-01
-4.3950591679037454e-01
-4.3556470272229197e-01
-4.3168194909593333e-01
-4.2789094504364644e-01
-4.2419127541312002e-01
-4.2053566179624613e-01
-4.1697209567479149e-01
-4.1350195942323154e-01
-4.1008548044071119e-01
-4.0675358682051688e-01
-4.0351359805162107e-01
-4.0034976871838701e-01
-3.9724759471434767e-01
-3.9424526878096799e-01
-3.9133754793824649e-01
-3.8847972315474938e-01
-3.8571491981689293e-01
-3.8305101997411589e-01
-3.8047024271188967e-01
-3.7795068472902804e-01
-3.7553382781516720e-01
-3.7321951925905938e-01
-3.7097177147806298e-01
-3.6881270494786667e-01
-3.6675558495092220e-01
-3.6479570919168869e-01
-3.6290646684701988e-01
-3.6112687170559665e-01
-3.5945539156247597e-01
-3.5787918490055598e-01
-3.5641752579022379e-01
-3.5510913520787757e-01
-3.5398717480661929e-01
0.0000000000000000e+00
4.4085037478589811e-01
3.6295210385578758e-02
1.4534768391059000e+01
];
