%Vec Object:sol 1 MPI processes
%  type: mpi
sol = [
0.0000000000000000e+00
-9.2479497514898634e-01
-9.1014869741922944e-01
-8.9601067683887003e-01
-8.8215508204038284e-01
-8.6901095696121988e-01
-8.5609543198449412e-01
-8.4362504986492692e-01
-8.3164142718810374e-01
-8.1988780426227481e-01
-8.0857835390066868e-01
-7.9760211870438380e-01
-7.8683995559993347e-01
-7.7644701313701758e-01
-7.6640822450256629e-01
-7.5651564711985464e-01
-7.4692714854594799e-01
-7.3766510657419571e-01
-7.2854132904850510e-01
-7.1968212412231092e-01
-7.1110050971665695e-01
-7.0263098358607823e-01
-6.9443333022415799e-01
-6.8645297207828870e-01
-6.7856675092282537e-01
-6.7094951474476550e-01
-6.6350477660723184e-01
-6.5614134923865852e-01
-6.4903750739179833e-01
-6.4206318608671054e-01
-6.3518108085993064e-01
-6.2853477202619590e-01
-6.2198723342478035e-01
-6.1553927608805936e-01
-6.0930359397050793e-01
-6.0314845937429074e-01
-5.9709149339837042e-01
-5.9122688331208950e-01
-5.8543422288404645e-01
-5.7973180180553541e-01
-5.7420476769123929e-01
-5.6874847263701511e-01
-5.6336962580940486e-01
-5.5815164506030146e-01
-5.5300895940097006e-01
-5.4792735978070617e-01
-5.4299414971836812e-01
-5.3814524295684241e-01
-5.3333847187572003e-01
-5.2866934429216517e-01
-5.2409286152005363e-01
-5.1954600403420370e-01
-5.1512337292451205e-01
-5.1080018687150675e-01
-5.0650125197161033e-01
-5.0231014244005345e-01
-4.9822691679823644e-01
-4.9416255823535837e-01
-4.9019026238272756e-01
-4.8632701445994392e-01
-4.8248706689499526e-01
-4.7872937773298130e-01
-4.7506826235131522e-01
-4.7144680623370683e-01
-4.6789867791589423e-01
-4.6443137571568005e-01
-4.6102040179157605e-01
-4.5766377871066510e-01
-4.5439378025998478e-01
-4.5118645012148562e-01
-4.4801344592551140e-01
-4.4493010988755705e-01
-4.4192607471977219e-01
-4.3893255964591693e-01
-4.3602459324034848e-01
-4.3320123096782015e-01
-4.3040664116755400e-01
-4.2767023685853645e-01
-4.2501609888921488e-01
-4.2241792238828868e-01
-4.1985596357045746e-01
-4.1736830473046432e-01
-4.1495590526426340e-01
-4.1256448814438401e-01
-4.1024945065025725e-01
-4.0800321795258282e-01
-4.0579210726080517e-01
-4.0364037266575120e-01
-4.0156374757968272e-01
-3.9953717305189312e-01
-3.9754600156321490e-01
-3.9562883690423140e-01
-3.9378460958269879e-01
-3.9196162463811579e-01
-3.9020392865929671e-01
-3.8851722635311930e-01
-3.8687263305276370e-01
-3.8527868344648536e-01
-3.8375656872365438e-01
0.0000000000000000e+00
4.3045734674168606e-01
3.6295210385578758e-02
1.4534768391059000e+01
];
