%Vec Object:sol 1 MPI processes
%  type: mpi
sol = [
0.0000000000000000e+00
-1.3229896746425782e+00
-1.2933006135357568e+00
-1.2647131424943256e+00
-1.2373467638656734e+00
-1.2108881957900872e+00
-1.1853491819131108e+00
-1.1607542709036380e+00
-1.1369443378773076e+00
-1.1139829750001673e+00
-1.0917123348174198e+00
-1.0701072776748204e+00
-1.0491158571251096e+00
-1.0288013440820409e+00
-1.0089950223669488e+00
-9.8978460627515308e-01
-9.7106216804816281e-01
-9.5275119541934472e-01
-9.3505730104265872e-01
-9.1756706339252347e-01
-9.0065681451860680e-01
-8.8403222369392298e-01
-8.6780283487765653e-01
-8.5193181765612569e-01
-8.3635277564188126e-01
-8.2109011983742852e-01
-8.0615275215578552e-01
-7.9143515576557144e-01
-7.7699595789069720e-01
-7.6284330137923329e-01
-7.4885396202680266e-01
-7.3513839246833779e-01
-7.2162070622324337e-01
-7.0828056416852381e-01
-6.9515111464018264e-01
-6.8219193399358258e-01
-6.6939206333132339e-01
-6.5674923440638899e-01
-6.4428564529878951e-01
-6.3189814622969587e-01
-6.1971744548778851e-01
-6.0758228207233778e-01
-5.9555293896073835e-01
-5.8339720998899114e-01
-5.7027222390058763e-01
-5.5274668627629986e-01
-5.2240559197339143e-01
-4.7482077060760342e-01
-4.2239685176602726e-01
-3.8234235960015572e-01
-3.5849763054703276e-01
-3.4563734326503448e-01
-3.3844197684917315e-01
-3.3391780482314143e-01
-3.3059323292958642e-01
-3.2777531283938238e-01
-3.2513885352315469e-01
-3.2251981499246318e-01
-3.1985145348693889e-01
-3.1711292329142504e-01
-3.1427657703421463e-01
-3.1135932896270019e-01
-3.0835534175334645e-01
-3.0526394200493323e-01
-3.0209517322253698e-01
-2.9885908822496460e-01
-2.9556379837059554e-01
-2.9220641654074547e-01
-2.8879607941656543e-01
-2.8534504187376436e-01
-2.8185586734302159e-01
-2.7832227869950188e-01
-2.7477033131348977e-01
-2.7119953647371520e-01
-2.6759972687666705e-01
-2.6398241224925406e-01
-2.6031851160870390e-01
-2.5663234442167282e-01
-2.5292918945133008e-01
-2.4921333928760489e-01
-2.4549587832282013e-01
-2.4177169336561430e-01
-2.3804053567581424e-01
-2.3429889856710451e-01
-2.3055481121737614e-01
-2.2680700796643430e-01
-2.2305059377440459e-01
-2.1928304928868111e-01
-2.1549980678375813e-01
-2.1171014404441910e-01
-2.0790366767045895e-01
-2.0407339634930488e-01
-2.0021623633441057e-01
-1.9632956058317955e-01
-1.9239980338624588e-01
-1.8841990086686919e-01
-1.8438294062454066e-01
-1.8027224936471578e-01
-1.7608214369987657e-01
0.0000000000000000e+00
4.8051427567921851e-01
3.5979155776134232e-02
9.4608158218025693e+00
];
