%Vec Object:sol 1 MPI processes
%  type: mpi
sol = [
0.0000000000000000e+00
-1.2708415678578022e+00
-1.2435507009340170e+00
-1.2174441250905266e+00
-1.1920000080047055e+00
-1.1678159313544867e+00
-1.1441485894345493e+00
-1.1214849932441513e+00
-1.0995280750988510e+00
-1.0781864724094024e+00
-1.0577391566116814e+00
-1.0375715560432641e+00
-1.0182637376582369e+00
-9.9932942099478450e-01
-9.8099655876300340e-01
-9.6315028067257236e-01
-9.4573210304919775e-01
-9.2876473208289023e-01
-9.1225133584615081e-01
-8.9606297920403433e-01
-8.8027752383623792e-01
-8.6486749294096310e-01
-8.4971596658225479e-01
-8.3498605668625414e-01
-8.2044388641836952e-01
-8.0626178619674005e-01
-7.9232524547847383e-01
-7.7863701875039604e-01
-7.6517000906102117e-01
-7.5200209488185987e-01
-7.3896080821677668e-01
-7.2619413913584119e-01
-7.1360320100560715e-01
-7.0118256314610938e-01
-6.8896305951919112e-01
-6.7689875943678457e-01
-6.6499559925454632e-01
-6.5322837837810876e-01
-6.4165078038073597e-01
-6.3012430275880160e-01
-6.1880092702179035e-01
-6.0754605624608105e-01
-5.9641360186343140e-01
-5.8539658658190907e-01
-5.7445806247100228e-01
-5.6360466205718307e-01
-5.5266875750864419e-01
-5.4134236486325271e-01
-5.2810968871580721e-01
-5.0900819476149706e-01
-4.7823813327154163e-01
-4.3620998129015781e-01
-3.9421199740615886e-01
-3.6308039470343928e-01
-3.4403385859569030e-01
-3.3305194221126150e-01
-3.2644544259597236e-01
-3.2203786623253594e-01
-3.1869520186301459e-01
-3.1585122657240117e-01
-3.1319906202609071e-01
-3.1061114400135403e-01
-3.0800656987109587e-01
-3.0534488587398023e-01
-3.0261459583872419e-01
-2.9981331202618627e-01
-2.9694237483266228e-01
-2.9399511670452427e-01
-2.9097777367173411e-01
-2.8790123303329368e-01
-2.8476749895231646e-01
-2.8156946002877509e-01
-2.7833281011743433e-01
-2.7505700759486040e-01
-2.7173205048743682e-01
-2.6836971715658708e-01
-2.6497803995416075e-01
-2.6155510405196436e-01
-2.5809938275427385e-01
-2.5461538562169461e-01
-2.5111378551026242e-01
-2.4758942013226015e-01
-2.4404205521546093e-01
-2.4046809173626341e-01
-2.3686999481723969e-01
-2.3322165572243522e-01
-2.2954754978530470e-01
-2.2584547269290789e-01
-2.2211126158184982e-01
-2.1835443401581270e-01
-2.1456488670965460e-01
-2.1073530773457577e-01
-2.0686303032866982e-01
-2.0294547423113338e-01
-1.9896908957573917e-01
-1.9492706110757413e-01
-1.9081183193511717e-01
-1.8660635776120887e-01
-1.8230472129861811e-01
0.0000000000000000e+00
4.7758952406206617e-01
3.6042732360536685e-02
1.0223226497631780e+01
];
