%Vec Object:sol 1 MPI processes
%  type: mpi
sol = [
0.0000000000000000e+00
-9.3326981547237275e-01
-9.1838311251512494e-01
-9.0370131953490707e-01
-8.8962505985347373e-01
-8.7619365770940116e-01
-8.6284526842795650e-01
-8.5017802889323302e-01
-8.3783450955741579e-01
-8.2577651171511179e-01
-8.1428903991706914e-01
-8.0290473497257542e-01
-7.9193302222428519e-01
-7.8137617500610956e-01
-7.7091203511041362e-01
-7.6086590185493097e-01
-7.5110207735181667e-01
-7.4145993885266293e-01
-7.3219227005666809e-01
-7.2312452732696153e-01
-7.1422591445038519e-01
-7.0561996801645621e-01
-6.9719210905100049e-01
-6.8894219442332227e-01
-6.8092550310974431e-01
-6.7306527792550763e-01
-6.6538606825922053e-01
-6.5789695545412152e-01
-6.5054433162916880e-01
-6.4336084445252006e-01
-6.3635700876540990e-01
-6.2946176283138999e-01
-6.2272265740845878e-01
-6.1615627201467549e-01
-6.0967604631219519e-01
-6.0334087237229039e-01
-5.9716833881043829e-01
-5.9106726453160652e-01
-5.8510130728440701e-01
-5.7928593147731011e-01
-5.7353345872334094e-01
-5.6790683611237758e-01
-5.6241757038831108e-01
-5.5698765539680972e-01
-5.5167471687065128e-01
-5.4648530773484449e-01
-5.4135574468333514e-01
-5.3633449825050494e-01
-5.3142274314555371e-01
-5.2657461770206659e-01
-5.2182215051126091e-01
-5.1717348102455318e-01
-5.1259075981813662e-01
-5.0808689891370207e-01
-5.0368979606608344e-01
-4.9935886335098861e-01
-4.9508966891326278e-01
-4.9093140044129396e-01
-4.8684080233137372e-01
-4.8279465992577564e-01
-4.7885765446051032e-01
-4.7500482960091972e-01
-4.7117218669760275e-01
-4.6744367469976122e-01
-4.6381422510511883e-01
-4.6019739377307389e-01
-4.5666988621348786e-01
-4.5323934115798681e-01
-4.4984961874742097e-01
-4.4651750946606961e-01
-4.4327910112505109e-01
-4.4010650976816229e-01
-4.3697177704358958e-01
-4.3392164006915229e-01
-4.3095593731978621e-01
-4.2801595291734107e-01
-4.2515628009842904e-01
-4.2237826232029119e-01
-4.1963859031438627e-01
-4.1696835855285086e-01
-4.1437733548721872e-01
-4.1184008756903001e-01
-4.0935055629462702e-01
-4.0694380954069920e-01
-4.0461528669768759e-01
-4.0230539350788103e-01
-4.0007713089360980e-01
-3.9792928926099369e-01
-3.9582602632728159e-01
-3.9377842755741116e-01
-3.9180725812599643e-01
-3.8990220539247261e-01
-3.8803637785289408e-01
-3.8624882000016980e-01
-3.8453324973449476e-01
-3.8285339065886337e-01
-3.8124303546195987e-01
-3.7971131757335186e-01
-3.7824065135792057e-01
0.0000000000000000e+00
4.3303275250638484e-01
3.6295210385578758e-02
1.4534768391059000e+01
];
