%Vec Object:sol 1 MPI processes
%  type: mpi
sol = [
0.0000000000000000e+00
-1.2520333429930532e+00
-1.2256452171865699e+00
-1.2002451070247466e+00
-1.1756314292061183e+00
-1.1522289845587894e+00
-1.1291712000943117e+00
-1.1072405427150132e+00
-1.0858203934463528e+00
-1.0651616398572452e+00
-1.0451997228887515e+00
-1.0256714435310585e+00
-1.0068461404358422e+00
-9.8847072973951378e-01
-9.7064699897672269e-01
-9.5326031793418731e-01
-9.3636405484305996e-01
-9.1978182901339456e-01
-9.0378369383606127e-01
-8.8793513995834628e-01
-8.7264149297868254e-01
-8.5755195932345751e-01
-8.4287177216860931e-01
-8.2844634773815906e-01
-8.1435703855727115e-01
-8.0046665556344698e-01
-7.8696617396606783e-01
-7.7355913688654798e-01
-7.6051420866883435e-01
-7.4761857332712223e-01
-7.3498444271588559e-01
-7.2248538410582697e-01
-7.1026750149514362e-01
-6.9813055937430568e-01
-6.8624820349276527e-01
-6.7448795597540601e-01
-6.6288484194723263e-01
-6.5144630075287135e-01
-6.4013057580430521e-01
-6.2896077501124348e-01
-6.1788647056318391e-01
-6.0698089936930422e-01
-5.9611106248585544e-01
-5.8539676752477110e-01
-5.7476966951415753e-01
-5.6420023778470740e-01
-5.5374706957065156e-01
-5.4324354818017917e-01
-5.3250739046486972e-01
-5.2066319893409063e-01
-5.0517128560722691e-01
-4.8118492737921420e-01
-4.4581614595588859e-01
-4.0503052285482466e-01
-3.7055475452282566e-01
-3.4727621836250078e-01
-3.3339069412552830e-01
-3.2508346398334959e-01
-3.1974644392484158e-01
-3.1592724340308609e-01
-3.1283794621826783e-01
-3.1009645648145873e-01
-3.0748811179862928e-01
-3.0490162207935401e-01
-3.0228759887429629e-01
-2.9962291513531664e-01
-2.9689752214080972e-01
-2.9409842462443725e-01
-2.9122796299692028e-01
-2.8829488316889790e-01
-2.8529997740529706e-01
-2.8223520465704993e-01
-2.7912571495790495e-01
-2.7597065117594444e-01
-2.7275984294273797e-01
-2.6950497529907952e-01
-2.6621393944248467e-01
-2.6288478607309135e-01
-2.5951609420803462e-01
-2.5611253713767562e-01
-2.5268474673718339e-01
-2.4922768369202322e-01
-2.4574131003668875e-01
-2.4222222282193615e-01
-2.3867816028339695e-01
-2.3510775882178245e-01
-2.3150600443276298e-01
-2.2787037463911131e-01
-2.2419636244270752e-01
-2.2046633295721599e-01
-2.1669404643889315e-01
-2.1287569208064916e-01
-2.0900858470942521e-01
-2.0509005100817398e-01
-2.0110647820977667e-01
-1.9705109909528498e-01
-1.9291606523278348e-01
-1.8868414518612842e-01
-1.8434929888470639e-01
0.0000000000000000e+00
4.7656488108810457e-01
3.6065000510892779e-02
1.0514809149177779e+01
];
