%Vec Object:sol 1 MPI processes
%  type: mpi
sol = [
0.0000000000000000e+00
-9.4717219616727411e-01
-9.3143158013619576e-01
-9.1631540258758770e-01
-9.0175323354727410e-01
-8.8760111613300041e-01
-8.7391905513713253e-01
-8.6067894963267200e-01
-8.4779780503311031e-01
-8.3543885653473060e-01
-8.2331947793234439e-01
-8.1153475897329397e-01
-8.0021280751086210e-01
-7.8906096072169085e-01
-7.7830016459317530e-01
-7.6784953820798130e-01
-7.5756533871283938e-01
-7.4767955665272801e-01
-7.3796863385989508e-01
-7.2846535880198671e-01
-7.1933405124385619e-01
-7.1025916490004870e-01
-7.0145978403340992e-01
-6.9294865594947019e-01
-6.8448521519666428e-01
-6.7630140005012662e-01
-6.6833465879189480e-01
-6.6042489770064672e-01
-6.5278314334051979e-01
-6.4529440209456812e-01
-6.3789148617136604e-01
-6.3073082247249956e-01
-6.2367578638443244e-01
-6.1672820006330831e-01
-6.0999779000784937e-01
-6.0334190495611328e-01
-5.9680313842779276e-01
-5.9046045136938552e-01
-5.8417386106557312e-01
-5.7800490550855144e-01
-5.7201420523668289e-01
-5.6607118233945075e-01
-5.6023934006383391e-01
-5.5457065362488156e-01
-5.4894914342584167e-01
-5.4342704150884258e-01
-5.3805528735175068e-01
-5.3273648728570988e-01
-5.2750128900176130e-01
-5.2240559013201771e-01
-5.1736952103137035e-01
-5.1240645835277787e-01
-5.0756962943609352e-01
-5.0279890983839803e-01
-4.9809668050401085e-01
-4.9350471488565339e-01
-4.8898809620621952e-01
-4.8453461923505931e-01
-4.8017633554644240e-01
-4.7590486622593930e-01
-4.7168373824418081e-01
-4.6755736329401304e-01
-4.6352428829693698e-01
-4.5952434706059525e-01
-4.5562735951347899e-01
-4.5181645422627775e-01
-4.4804351932035730e-01
-4.4436070550079376e-01
-4.4077073060954808e-01
-4.3722925519253786e-01
-4.3375633017627191e-01
-4.3038038968844150e-01
-4.2707501470359055e-01
-4.2381089121987298e-01
-4.2064222358464010e-01
-4.1756741258166119e-01
-4.1452266566306711e-01
-4.1156142104128351e-01
-4.0869321843821343e-01
-4.0588683151402499e-01
-4.0314014826706290e-01
-4.0048025846785384e-01
-3.9790628555003843e-01
-3.9537464349460422e-01
-3.9293319783108671e-01
-3.9057513879032468e-01
-3.8827381484647566e-01
-3.8604579130717048e-01
-3.8390849837811658e-01
-3.8184760022075653e-01
-3.7983406410536519e-01
-3.7791149234353111e-01
-3.7607945295975587e-01
-3.7430551511914634e-01
-3.7260328556323330e-01
-3.7099366334020445e-01
-3.6947253721263140e-01
-3.6801658123765157e-01
-3.6667413757505091e-01
0.0000000000000000e+00
4.3725797409493927e-01
3.6295210385578758e-02
1.4534768391059000e+01
];
