%Vec Object:sol 1 MPI processes
%  type: mpi
sol = [
0.0000000000000000e+00
-1.3012622162885528e+00
-1.2724873585954959e+00
-1.2449522833801654e+00
-1.2183936676387956e+00
-1.1928984732216521e+00
-1.1682453486252804e+00
-1.1443707864818300e+00
-1.1214137290460997e+00
-1.0990673123757075e+00
-1.0775896043658726e+00
-1.0566107445948982e+00
-1.0362938292791417e+00
-1.0166618916024059e+00
-9.9737797927013760e-01
-9.7883948591740588e-01
-9.6057182262378404e-01
-9.4289851254153112e-01
-9.2564234743385077e-01
-9.0874511531049340e-01
-8.9229779289084199e-01
-8.7618607000022564e-01
-8.6043306332164393e-01
-8.4501538313245783e-01
-8.2991588235272107e-01
-8.1506484086080655e-01
-8.0060164008471379e-01
-7.8626822586281109e-01
-7.7229198884969408e-01
-7.5850749432066311e-01
-7.4496426581622011e-01
-7.3161170023498157e-01
-7.1851812230574497e-01
-7.0554449738730562e-01
-6.9281370526871844e-01
-6.8023149132971450e-01
-6.6780203667914351e-01
-6.5555281773032947e-01
-6.4342880912795519e-01
-6.3145657917828046e-01
-6.1958747560402627e-01
-6.0789052759352846e-01
-5.9622417021054286e-01
-5.8469763482005421e-01
-5.7312983448980603e-01
-5.6106227311058143e-01
-5.4673974174419926e-01
-5.2469866989661518e-01
-4.8781222077422881e-01
-4.3943255097710343e-01
-3.9497006339131563e-01
-3.6447358161102217e-01
-3.4709807826837585e-01
-3.3742045647900953e-01
-3.3163336745967376e-01
-3.2770306012730177e-01
-3.2462236169375464e-01
-3.2188965121057722e-01
-3.1927157736029038e-01
-3.1666430115491451e-01
-3.1399808700347609e-01
-3.1126797318506627e-01
-3.0845677616802603e-01
-3.0555770209714267e-01
-3.0257740094851443e-01
-2.9952378423190174e-01
-2.9640384584126372e-01
-2.9321407933954574e-01
-2.8996297970144996e-01
-2.8666257981527027e-01
-2.8331543903330386e-01
-2.7991508328011871e-01
-2.7648752107019170e-01
-2.7303232310795933e-01
-2.6953946506718895e-01
-2.6602065721277784e-01
-2.6248397034630161e-01
-2.5892737232539464e-01
-2.5534901605835386e-01
-2.5172996451291690e-01
-2.4808418231851947e-01
-2.4442397039441444e-01
-2.4074928431302298e-01
-2.3705678901064259e-01
-2.3335457518934369e-01
-2.2964150099550332e-01
-2.2591279572549017e-01
-2.2216608750333908e-01
-2.1839699494800124e-01
-2.1461491451499340e-01
-2.1080959923651266e-01
-2.0697396090000023e-01
-2.0310510597663828e-01
-1.9920045187525567e-01
-1.9524646646954769e-01
-1.9123621111910219e-01
-1.8716253537119551e-01
-1.8300863978026902e-01
-1.7876876532769093e-01
0.0000000000000000e+00
4.7927391646784989e-01
3.6006021048226484e-02
9.7709742445375767e+00
];
