%Vec Object:sol 1 MPI processes
%  type: mpi
sol = [
0.0000000000000000e+00
-1.2097302966655652e+00
-1.1853027014384716e+00
-1.1614368824830685e+00
-1.1386266711791821e+00
-1.1165864957771043e+00
-1.0951996002858042e+00
-1.0745984810156100e+00
-1.0546239697362765e+00
-1.0352652750344731e+00
-1.0165597441815573e+00
-9.9829621799272805e-01
-9.8058124377133171e-01
-9.6342645956945350e-01
-9.4659793020820604e-01
-9.3038595218644049e-01
-9.1439394100516214e-01
-8.9894031892020065e-01
-8.8378229454681656e-01
-8.6900479935623109e-01
-8.5451650731675999e-01
-8.4042621925205241e-01
-8.2652187499874596e-01
-8.1303416365184111e-01
-7.9969433131102319e-01
-7.8668990761425228e-01
-7.7391496944307003e-01
-7.6134905858967794e-01
-7.4901057051477582e-01
-7.3691560016981761e-01
-7.2497410614077984e-01
-7.1324031410003796e-01
-7.0172268772279056e-01
-6.9030153746404943e-01
-6.7913366805768705e-01
-6.6804009693829436e-01
-6.5714325936858176e-01
-6.4635038701188829e-01
-6.3572218914576872e-01
-6.2519170233607391e-01
-6.1478964749818255e-01
-6.0453169064690948e-01
-5.9430961976143759e-01
-5.8425238528992374e-01
-5.7425296148809135e-01
-5.6433760923792176e-01
-5.5453390396050561e-01
-5.4477594915684469e-01
-5.3510042329419016e-01
-5.2545731894114889e-01
-5.1582629381828771e-01
-5.0603856037823869e-01
-4.9553673195707376e-01
-4.8303266829870567e-01
-4.6564892466129559e-01
-4.4013594147708546e-01
-4.0711273332587433e-01
-3.7392540445342981e-01
-3.4789227808788853e-01
-3.3056083639258166e-01
-3.1970285265867460e-01
-3.1274125810399067e-01
-3.0794312252362688e-01
-3.0430014354033502e-01
-3.0125707200854268e-01
-2.9850975861832540e-01
-2.9589276725767222e-01
-2.9330668083974126e-01
-2.9070420259402979e-01
-2.8806593479659715e-01
-2.8537649661336151e-01
-2.8261789244592744e-01
-2.7980935659357931e-01
-2.7694643543324921e-01
-2.7401676803348390e-01
-2.7103067359619770e-01
-2.6799493331602203e-01
-2.6490694004139342e-01
-2.6176508149857591e-01
-2.5857407530240628e-01
-2.5534415483124046e-01
-2.5207028911828100e-01
-2.4875262986274763e-01
-2.4538799691386676e-01
-2.4198414406755850e-01
-2.3853986647859191e-01
-2.3505026869585208e-01
-2.3151297022438111e-01
-2.2792373662009907e-01
-2.2429181619919702e-01
-2.2060682108139476e-01
-2.1686034093067863e-01
-2.1304960366858500e-01
-2.0917140961550143e-01
-2.0521150013521852e-01
-2.0116264705534659e-01
-1.9701566064188009e-01
-1.9275215991822725e-01
-1.8836507576295403e-01
0.0000000000000000e+00
4.7426475601213353e-01
3.6113996394229818e-02
1.1206934260047170e+01
];
