%Vec Object:sol 1 MPI processes
%  type: mpi
sol = [
0.0000000000000000e+00
-1.0006393651550716e+00
-9.8308209548488501e-01
-9.6594849739218025e-01
-9.4943756355243836e-01
-9.3363765798964493e-01
-9.1805792571489708e-01
-9.0326674501319038e-01
-8.8869439956864837e-01
-8.7467101782742951e-01
-8.6113118583860138e-01
-8.4779883969832737e-01
-8.3506606677546624e-01
-8.2247425599660862e-01
-8.1031845899934396e-01
-7.9851077559124450e-01
-7.8691044091513562e-01
-7.7574229492245805e-01
-7.6471332320880114e-01
-7.5398946193122551e-01
-7.4354478190987039e-01
-7.3329215343082421e-01
-7.2334181540775677e-01
-7.1352611300786939e-01
-7.0394692482548182e-01
-6.9458976412869589e-01
-6.8539451893064562e-01
-6.7640226476988963e-01
-6.6754885259778118e-01
-6.5889412669763159e-01
-6.5041571647792018e-01
-6.4201594906990189e-01
-6.3383066007502520e-01
-6.2575951698112353e-01
-6.1780233507358362e-01
-6.1002791949081980e-01
-6.0231708691023778e-01
-5.9474369151494444e-01
-5.8732930110172155e-01
-5.7993827146685728e-01
-5.7269822188287112e-01
-5.6559250836308517e-01
-5.5849413082335519e-01
-5.5154479208100660e-01
-5.4470140618130547e-01
-5.3787350436303571e-01
-5.3117717659615316e-01
-5.2457018376616482e-01
-5.1797782788678215e-01
-5.1150190301423659e-01
-5.0510435766347805e-01
-4.9872155353551295e-01
-4.9243803522251361e-01
-4.8622599042661407e-01
-4.8003107361230479e-01
-4.7391613711679292e-01
-4.6787232525515582e-01
-4.6184395062409034e-01
-4.5587780181236992e-01
-4.4998813961228490e-01
-4.4410233886065464e-01
-4.3827583354032168e-01
-4.3251337654999217e-01
-4.2676909254997464e-01
-4.2107360606111915e-01
-4.1542705275158237e-01
-4.0981989068826646e-01
-4.0423925310926723e-01
-3.9871366622875803e-01
-3.9323902995407162e-01
-3.8777460472263914e-01
-3.8236641012514361e-01
-3.7701057454956927e-01
-3.7169345832907902e-01
-3.6640647830214407e-01
-3.6118238263662533e-01
-3.5601580459585136e-01
-3.5088593757420394e-01
-3.4580915946126684e-01
-3.4080539529815551e-01
-3.3587394003312243e-01
-3.3099321519641300e-01
-3.2619030529038268e-01
-3.2148348886819450e-01
-3.1688061007142210e-01
-3.1236816864334649e-01
-3.0797724706403823e-01
-3.0373940742245498e-01
-2.9967794487109667e-01
-2.9580757690188186e-01
-2.9215400604707537e-01
-2.8876958121114321e-01
-2.8567883111099746e-01
-2.8289045349837072e-01
-2.8036265790420761e-01
-2.7807279910425953e-01
-2.7594141354917578e-01
-2.7386866062112841e-01
-2.7176020697552977e-01
0.0000000000000000e+00
4.5339624004047285e-01
3.6295210385578758e-02
1.4534768391059000e+01
];
