%Vec Object:sol 1 MPI processes
%  type: mpi
sol = [
0.0000000000000000e+00
-9.5961995267953226e-01
-9.4348708458948505e-01
-9.2792880377949682e-01
-9.1270623666970696e-01
-8.9825883198844081e-01
-8.8400588809064617e-01
-8.7032795460209422e-01
-8.5716267585416861e-01
-8.4416276242471922e-01
-8.3177097236617326e-01
-8.1959809924530180e-01
-8.0777666816382332e-01
-7.9639666233322970e-01
-7.8517186609116374e-01
-7.7434781503001315e-01
-7.6382532707079320e-01
-7.5344332165848893e-01
-7.4345321619067184e-01
-7.3364610076681358e-01
-7.2405584701974601e-01
-7.1477023192360434e-01
-7.0561845799221701e-01
-6.9671402066073562e-01
-6.8805073104714787e-01
-6.7947840787962799e-01
-6.7117286202660165e-01
-6.6304603763226622e-01
-6.5500767765785384e-01
-6.4721955582068735e-01
-6.3956636379227383e-01
-6.3202472368096130e-01
-6.2469697125612322e-01
-6.1747478792012334e-01
-6.1037521698730901e-01
-6.0346287630325579e-01
-5.9663235262412395e-01
-5.8992913148703485e-01
-5.8339391737546731e-01
-5.7692199554434953e-01
-5.7057691854331438e-01
-5.6438638108504879e-01
-5.5824543214574029e-01
-5.5222663694794794e-01
-5.4635342184931612e-01
-5.4052043586914322e-01
-5.3480149234112517e-01
-5.2922273210311921e-01
-5.2367873004828436e-01
-5.1823793678937757e-01
-5.1293070688815423e-01
-5.0766442188726191e-01
-5.0248429665945726e-01
-4.9742929914196249e-01
-4.9243272012512768e-01
-4.8749948731973536e-01
-4.8268450977634014e-01
-4.7794876007746218e-01
-4.7325206371730222e-01
-4.6866816679924123e-01
-4.6418029558599239e-01
-4.5971972929083876e-01
-4.5536103862100175e-01
-4.5110794500638540e-01
-4.4688808080301040e-01
-4.4275087510417166e-01
-4.3871679337031755e-01
-4.3473993070356004e-01
-4.3083352035508166e-01
-4.2701881031596206e-01
-4.2328464868483129e-01
-4.1960583043606092e-01
-4.1601914807961832e-01
-4.1252603523104420e-01
-4.0907712238190541e-01
-4.0572315225536415e-01
-4.0246140060327446e-01
-3.9926727464816270e-01
-3.9614459747220843e-01
-3.9312225377970389e-01
-3.9019499971407856e-01
-3.8731097598458764e-01
-3.8452891249491039e-01
-3.8184853457544954e-01
-3.7924492048124475e-01
-3.7671116429698059e-01
-3.7428113808012997e-01
-3.7195478089027684e-01
-3.6968990945687341e-01
-3.6752176050116409e-01
-3.6545699752686683e-01
-3.6348532160253910e-01
-3.6159222571473348e-01
-3.5981088862034905e-01
-3.5814030123279816e-01
-3.5656351517652624e-01
-3.5511125662119919e-01
-3.5381889460397642e-01
-3.5272055642910977e-01
0.0000000000000000e+00
4.4116663858349564e-01
3.6295210385578758e-02
1.4534768391059000e+01
];
