%Vec Object:sol 1 MPI processes
%  type: mpi
sol = [
0.0000000000000000e+00
-1.6649850785555693e+00
-1.6159416205606276e+00
-1.5691594653387917e+00
-1.5245335227531189e+00
-1.4820277210635289e+00
-1.4409014423877344e+00
-1.4016806563382580e+00
-1.3639594953098964e+00
-1.3276800010165808e+00
-1.2927618438023343e+00
-1.2588185552857569e+00
-1.2261855285327343e+00
-1.1946251502615954e+00
-1.1639042555046424e+00
-1.1341830519275253e+00
-1.1052451487784041e+00
-1.0771527336849813e+00
-1.0497491022320902e+00
-1.0229834045141413e+00
-9.9696989490093724e-01
-9.7142600132535317e-01
-9.4646319666795686e-01
-9.2209667257331940e-01
-8.9807665353841282e-01
-8.7457095922934092e-01
-8.5148126404098456e-01
-8.2818630208504740e-01
-7.9461679208670255e-01
-6.7689221625682816e-01
-5.1824932341981578e-01
-4.3705164810770808e-01
-4.1038858159267999e-01
-4.0188198256062596e-01
-3.9815389928863060e-01
-3.9548807743322673e-01
-3.9279653814716731e-01
-3.8980891876783391e-01
-3.8650043482959795e-01
-3.8285628348270478e-01
-3.7890571781488930e-01
-3.7469977681858407e-01
-3.7024960136791429e-01
-3.6560640335837896e-01
-3.6080265990851518e-01
-3.5579294477049356e-01
-3.5065387829345923e-01
-3.4542161554630701e-01
-3.4009386474271319e-01
-3.3471287466038108e-01
-3.2929860948271056e-01
-3.2385695200894660e-01
-3.1842108991610635e-01
-3.1299575808023811e-01
-3.0759201497098698e-01
-3.0223373709873741e-01
-2.9692923372420671e-01
-2.9167702174891647e-01
-2.8649137394689728e-01
-2.8138523370467172e-01
-2.7634895372251617e-01
-2.7140938890589800e-01
-2.6655902412180249e-01
-2.6179355219407069e-01
-2.5711870076936783e-01
-2.5254146039316749e-01
-2.4806149871335234e-01
-2.4366827437001626e-01
-2.3936641808659589e-01
-2.3516019705000071e-01
-2.3104235824587963e-01
-2.2700093800458321e-01
-2.2305563845971946e-01
-2.1919806084311516e-01
-2.1540995793613896e-01
-2.1169634256788958e-01
-2.0806010312301879e-01
-2.0449296426192226e-01
-2.0098567128142131e-01
-1.9753519055705429e-01
-1.9414899867407259e-01
-1.9081591725864119e-01
-1.8752954319512882e-01
-1.8428060892064693e-01
-1.8107345207753694e-01
-1.7790211657913393e-01
-1.7475737007115325e-01
-1.7163224343742214e-01
-1.6851714562861234e-01
-1.6541805009799110e-01
-1.6232029978437953e-01
-1.5921590054986162e-01
-1.5609704552546191e-01
-1.5295812685578689e-01
-1.4978198265646431e-01
-1.4655727338970023e-01
-1.4327627016819156e-01
-1.3991923658943514e-01
-1.3647637526149994e-01
0.0000000000000000e+00
5.0427083450795618e-01
3.5512999696311900e-02
5.9390234837820222e+00
];
