%Vec Object:sol 1 MPI processes
%  type: mpi
sol = [
0.0000000000000000e+00
-9.4350588833945559e-01
-9.2800514617701402e-01
-9.1298702733300341e-01
-8.9864187491100456e-01
-8.8458762689615267e-01
-8.7099246012880505e-01
-8.5796251312302807e-01
-8.4516126918872814e-01
-8.3288112440168782e-01
-8.2095894944008008e-01
-8.0924787143924548e-01
-7.9807256065127286e-01
-7.8703122920256730e-01
-7.7633825979128235e-01
-7.6606538651774903e-01
-7.5584544897879014e-01
-7.4602396195385046e-01
-7.3648247176321835e-01
-7.2704076339968204e-01
-7.1797127883096545e-01
-7.0905860136350418e-01
-7.0031893717300320e-01
-6.9190426934089710e-01
-6.8355921824827637e-01
-6.7543328104833489e-01
-6.6759358696025239e-01
-6.5976342478754213e-01
-6.5217842376494772e-01
-6.4483456266963834e-01
-6.3748753130191693e-01
-6.3038374075714754e-01
-6.2346934653352060e-01
-6.1657798820366927e-01
-6.0990483831684883e-01
-6.0338574406713419e-01
-5.9690373123326956e-01
-5.9061884127296838e-01
-5.8446550795317109e-01
-5.7835392562161159e-01
-5.7242163175666183e-01
-5.6660854351664691e-01
-5.6083472614994290e-01
-5.5522507182111602e-01
-5.4973032957137613e-01
-5.4426688697766890e-01
-5.3895475907803370e-01
-5.3375966506481443e-01
-5.2858369349356604e-01
-5.2354813089268415e-01
-5.1863274472639720e-01
-5.1372935265932784e-01
-5.0895301393511361e-01
-5.0429990342473263e-01
-4.9965758154751427e-01
-4.9512620315946759e-01
-4.9071335231085200e-01
-4.8632986981722337e-01
-4.8203135606936798e-01
-4.7784544122109035e-01
-4.7370756586229806e-01
-4.6963966428187920e-01
-4.6567256712315908e-01
-4.6176945828084831e-01
-4.5792901943941083e-01
-4.5417455739261475e-01
-4.5050099084194506e-01
-4.4687247735168956e-01
-4.4333646166964896e-01
-4.3988823893035900e-01
-4.3646687694481828e-01
-4.3314121321289922e-01
-4.2990205066046833e-01
-4.2670564866668731e-01
-4.2358231001226448e-01
-4.2055162206865410e-01
-4.1758387674294328e-01
-4.1466230216741629e-01
-4.1183219049947806e-01
-4.0909217174868889e-01
-4.0638010219525139e-01
-4.0375079182056184e-01
-4.0121086183051141e-01
-3.9872816032129454e-01
-3.9630868316049239e-01
-3.9396998779841702e-01
-3.9171211901874481e-01
-3.8949656752549044e-01
-3.8736880687600561e-01
-3.8532325264179412e-01
-3.8332743256232060e-01
-3.8140303696518285e-01
-3.7956559310549287e-01
-3.7780457771506420e-01
-3.7608745107337987e-01
-3.7445785607900989e-01
-3.7291831300783473e-01
-3.7143885890691974e-01
-3.7004767732540933e-01
0.0000000000000000e+00
4.3614355578991254e-01
3.6295210385578758e-02
1.4534768391059000e+01
];
