%Vec Object:sol 1 MPI processes
%  type: mpi
sol = [
0.0000000000000000e+00
-1.0286295510544854e+00
-1.0102697433259353e+00
-9.9272760437942831e-01
-9.7549644163440252e-01
-9.5915432981011484e-01
-9.4304793017175048e-01
-9.2763842061078394e-01
-9.1266234178517869e-01
-8.9806712404476352e-01
-8.8411201642443427e-01
-8.7024574997674975e-01
-8.5700398155661717e-01
-8.4399215739672251e-01
-8.3135375170933201e-01
-8.1911110394973963e-01
-8.0705077963144844e-01
-7.9543142611058426e-01
-7.8396274015238776e-01
-7.7280650804302820e-01
-7.6190105364721306e-01
-7.5122906137066781e-01
-7.4082118614214532e-01
-7.3057688781180130e-01
-7.2059116491720610e-01
-7.1074504384733261e-01
-7.0114887248398472e-01
-6.9170919163574662e-01
-6.8239904366164206e-01
-6.7334558742090200e-01
-6.6434797089315956e-01
-6.5554770710251431e-01
-6.4693371277143763e-01
-6.3835347168901346e-01
-6.2999016138323105e-01
-6.2172016889379189e-01
-6.1354259140435530e-01
-6.0555293553197032e-01
-5.9758795015263866e-01
-5.8975426112327811e-01
-5.8205004064725685e-01
-5.7438982013359741e-01
-5.6684971269303885e-01
-5.5938755289771669e-01
-5.5199639447239768e-01
-5.4470468429249541e-01
-5.3745289079779190e-01
-5.3029039232122310e-01
-5.2320686283313955e-01
-5.1613672585274972e-01
-5.0916206484683757e-01
-5.0225032643660006e-01
-4.9534026126628644e-01
-4.8851641367943222e-01
-4.8174955798176455e-01
-4.7497257909685903e-01
-4.6826772127697380e-01
-4.6162127119761820e-01
-4.5494658141066124e-01
-4.4833091196555908e-01
-4.4176785287439896e-01
-4.3517864499045933e-01
-4.2862289190942182e-01
-4.2210767518834980e-01
-4.1558651189382373e-01
-4.0906274897678119e-01
-4.0256773730131323e-01
-3.9608022079249611e-01
-3.8956940828458181e-01
-3.8306606977271151e-01
-3.7657345353919375e-01
-3.7004964310370714e-01
-3.6351073681867824e-01
-3.5696405897186639e-01
-3.5040683949650625e-01
-3.4380544952174896e-01
-3.3719390796070325e-01
-3.3058112690817165e-01
-3.2397042677157584e-01
-3.1732795030684069e-01
-3.1061682308094618e-01
-3.0369307082183272e-01
-2.9634967798349748e-01
-2.8838309432328429e-01
-2.7982018628883526e-01
-2.7089551171022408e-01
-2.6199834348741646e-01
-2.5349206137834990e-01
-2.4561164020624121e-01
-2.3841659813373067e-01
-2.3180926869448321e-01
-2.2584060998276970e-01
-2.2041126067111835e-01
-2.1541595404869260e-01
-2.1075678423573765e-01
-2.0635473761101208e-01
-2.0213879907960375e-01
-1.9804787362234053e-01
-1.9404567254373833e-01
0.0000000000000000e+00
4.6045130313754912e-01
3.6291389070092134e-02
1.4449245776611768e+01
];
