%Vec Object:sol 1 MPI processes
%  type: mpi
sol = [
0.0000000000000000e+00
-1.0192711285124301e+00
-1.0010609802410351e+00
-9.8357888994501053e-01
-9.6663516885282885e-01
-9.5035248157819496e-01
-9.3453006453210630e-01
-9.1918183132415554e-01
-9.0444396708623986e-01
-8.8995395676302202e-01
-8.7610383892461963e-01
-8.6247534202229725e-01
-8.4930045519139430e-01
-8.3656356095213791e-01
-8.2399501827214605e-01
-8.1195031736898649e-01
-8.0003657481532842e-01
-7.8849865312285716e-01
-7.7729258278686542e-01
-7.6621255367359364e-01
-7.5554301962927017e-01
-7.4498061611785760e-01
-7.3469680882535182e-01
-7.2467401817553723e-01
-7.1477077981606774e-01
-7.0516372518006576e-01
-6.9567595509640290e-01
-6.8636960500526645e-01
-6.7727422122216441e-01
-6.6830957191875384e-01
-6.5953139723996268e-01
-6.5086243256027654e-01
-6.4236825326855518e-01
-6.3401911094617769e-01
-6.2575157891332556e-01
-6.1766580009733274e-01
-6.0965826311150839e-01
-6.0176951988804750e-01
-5.9403714105880001e-01
-5.8632899092897950e-01
-5.7876447279706367e-01
-5.7132370611002448e-01
-5.6389254953907098e-01
-5.5660556365821146e-01
-5.4940396139267378e-01
-5.4222743768042359e-01
-5.3517593920691120e-01
-5.2818485290271378e-01
-5.2122336718658135e-01
-5.1436990456919507e-01
-5.0755872449971229e-01
-5.0078096339922185e-01
-4.9409187928842280e-01
-4.8743199498717721e-01
-4.8080984039063052e-01
-4.7425441068558338e-01
-4.6772241190153946e-01
-4.6122652769190953e-01
-4.5477642927618667e-01
-4.4835016145057527e-01
-4.4194662122234785e-01
-4.3558205816329559e-01
-4.2924026689641726e-01
-4.2289989823025276e-01
-4.1659960099396126e-01
-4.1032129612451307e-01
-4.0402068319600937e-01
-3.9775119258938946e-01
-3.9150292882640675e-01
-3.8524184397343808e-01
-3.7897912581710247e-01
-3.7273418906880795e-01
-3.6649587364058078e-01
-3.6022104392068777e-01
-3.5395306445860170e-01
-3.4769113214623248e-01
-3.4142075769485691e-01
-3.3511958437157807e-01
-3.2882788721977441e-01
-3.2255248006027093e-01
-3.1629686873405560e-01
-3.1005538255081561e-01
-3.0387498731041618e-01
-2.9775308113306642e-01
-2.9165542995622618e-01
-2.8548003822224710e-01
-2.7914487355829731e-01
-2.7255430339139503e-01
-2.6567107185946148e-01
-2.5856653452942596e-01
-2.5139198643943172e-01
-2.4435495938654059e-01
-2.3762685670710365e-01
-2.3132403481295466e-01
-2.2549685553832294e-01
-2.2015034262724750e-01
-2.1522209234212927e-01
-2.1066690125496096e-01
-2.0651654592597443e-01
0.0000000000000000e+00
4.5857096330934000e-01
3.6294914506735332e-02
1.4528118735392633e+01
];
