%Vec Object:sol 1 MPI processes
%  type: mpi
sol = [
0.0000000000000000e+00
-1.4914948123300964e+00
-1.4531818361729509e+00
-1.4161736326131689e+00
-1.3808220939037410e+00
-1.3471549646206009e+00
-1.3144044589192581e+00
-1.2830879761530731e+00
-1.2529461984091277e+00
-1.2237601253762282e+00
-1.1956767152243599e+00
-1.1684203467798751e+00
-1.1420699322128138e+00
-1.1165074541182807e+00
-1.0917450528478234e+00
-1.0676787837790496e+00
-1.0442139666759755e+00
-1.0214917212011483e+00
-9.9926339734401837e-01
-9.7758271227624483e-01
-9.5647744543915281e-01
-9.3580538782948730e-01
-9.1564712946763627e-01
-8.9586837374627948e-01
-8.7651009188496909e-01
-8.5752492110480794e-01
-8.3893448855265929e-01
-8.2064444472791376e-01
-8.0264939389085310e-01
-7.8504821416650772e-01
-7.6758263958886164e-01
-7.5049012813368543e-01
-7.3358245743876938e-01
-7.1690289481408409e-01
-7.0018493519882585e-01
-6.8150142278796944e-01
-6.4746617641362980e-01
-5.7002537967028777e-01
-4.7827945339160510e-01
-4.1688998093986951e-01
-3.8786817422926484e-01
-3.7544651237551641e-01
-3.6949905950770173e-01
-3.6588251909135916e-01
-3.6301863592896166e-01
-3.6029102731165646e-01
-3.5749848517261512e-01
-3.5456908105415641e-01
-3.5145670753309793e-01
-3.4818471806304713e-01
-3.4475561116623304e-01
-3.4117298348967179e-01
-3.3746738525838199e-01
-3.3364337895864571e-01
-3.2971239772293570e-01
-3.2569687120277563e-01
-3.2161058031655776e-01
-3.1745520868325722e-01
-3.1319819279449551e-01
-3.0889439649892408e-01
-3.0454230583067254e-01
-3.0017213674349197e-01
-2.9578363191620199e-01
-2.9137909785628874e-01
-2.8697030153456521e-01
-2.8256931606059477e-01
-2.7818338739756865e-01
-2.7380862825598867e-01
-2.6945466816346475e-01
-2.6513217335806538e-01
-2.6084098947758522e-01
-2.5657409248798080e-01
-2.5235604226932423e-01
-2.4818402774083997e-01
-2.4404532219616190e-01
-2.3994941003550502e-01
-2.3590287216642122e-01
-2.3190148187476631e-01
-2.2794036786942795e-01
-2.2402061441595364e-01
-2.2015190410178290e-01
-2.1632640468346209e-01
-2.1254090787157487e-01
-2.0878917668316635e-01
-2.0507739299968844e-01
-2.0140199142343970e-01
-1.9775585682420815e-01
-1.9413421309367376e-01
-1.9053002016513298e-01
-1.8695082418272838e-01
-1.8338416362588750e-01
-1.7982279381006938e-01
-1.7626140121029812e-01
-1.7269620520600748e-01
-1.6911241500687452e-01
-1.6550129944001374e-01
-1.6185653175158354e-01
-1.5816112397184487e-01
-1.5440878546226150e-01
0.0000000000000000e+00
4.9109402466271157e-01
3.5758726870467994e-02
7.4405180464102330e+00
];
