%Vec Object:sol 1 MPI processes
%  type: mpi
sol = [
0.0000000000000000e+00
-1.2020553524618534e+00
-1.1779570443620373e+00
-1.1543693263189541e+00
-1.1318746446676811e+00
-1.1100720624728979e+00
-1.0889792775376288e+00
-1.0685931092078624e+00
-1.0488929962093019e+00
-1.0297301818283284e+00
-1.0112817551537392e+00
-9.9319785491943291e-01
-9.7572547931797882e-01
-9.5873565526291182e-01
-9.4213680494032448e-01
-9.2607749984362731e-01
-9.1030346906627568e-01
-8.9499245435454389e-01
-8.8004160066513570e-01
-8.6539812862401855e-01
-8.5110785267252453e-01
-8.3714389390500754e-01
-8.2342953349097459e-01
-8.1006170595311189e-01
-7.9690457052944796e-01
-7.8401486951874810e-01
-7.7141588920215121e-01
-7.5896040693567690e-01
-7.4679220762427345e-01
-7.3480391606418116e-01
-7.2302780656772880e-01
-7.1139803419289704e-01
-7.0003513090853153e-01
-6.8872117088549756e-01
-6.7766595556124698e-01
-6.6671423692652676e-01
-6.5591533773474164e-01
-6.4527365082919597e-01
-6.3474246328295236e-01
-6.2436028856831183e-01
-6.1405472046982179e-01
-6.0391222312266346e-01
-5.9381618451931539e-01
-5.8385475780419482e-01
-5.7399820713953875e-01
-5.6417917767032166e-01
-5.5449736593063403e-01
-5.4485573919776820e-01
-5.3528011842285439e-01
-5.2578868400498124e-01
-5.1630271202804967e-01
-5.0678407724490271e-01
-4.9696937649703776e-01
-4.8617663580126741e-01
-4.7270870573503948e-01
-4.5350514274193859e-01
-4.2619851253843938e-01
-3.9323349587642442e-01
-3.6274467410837963e-01
-3.3981092673588797e-01
-3.2488781881823997e-01
-3.1544225863773961e-01
-3.0922543778983463e-01
-3.0480045331973948e-01
-3.0134085158825941e-01
-2.9838383264168211e-01
-2.9567425727268010e-01
-2.9306192244242096e-01
-2.9047079095110845e-01
-2.8786499889037909e-01
-2.8521970553800258e-01
-2.8251127047958169e-01
-2.7975562358540401e-01
-2.7694630614559745e-01
-2.7406973366398829e-01
-2.7113546526705734e-01
-2.6814974560462501e-01
-2.6510962779657377e-01
-2.6201331207475792e-01
-2.5886541667511653e-01
-2.5567601493022413e-01
-2.5244000764542457e-01
-2.4915752196657356e-01
-2.4582537054508186e-01
-2.4245126119312246e-01
-2.3903397852064054e-01
-2.3556861344870542e-01
-2.3205279374231227e-01
-2.2848231718407452e-01
-2.2486644312394988e-01
-2.2119479371650075e-01
-2.1745886710790957e-01
-2.1365594435580923e-01
-2.0978281789984010e-01
-2.0582521427897790e-01
-2.0177593890798859e-01
-1.9762567981193263e-01
-1.9335598893918673e-01
-1.8895977745601061e-01
0.0000000000000000e+00
4.7383862730641652e-01
3.6122758444340174e-02
1.1338587038177026e+01
];
