%Vec Object:sol 1 MPI processes
%  type: mpi
sol = [
0.0000000000000000e+00
-9.8653511909424019e-01
-9.6922945553670425e-01
-9.5267790489794402e-01
-9.3655323481552466e-01
-9.2109569827524473e-01
-9.0606868228502302e-01
-8.9146236340278318e-01
-8.7742777121676307e-01
-8.6368011778501386e-01
-8.5046733203338343e-01
-8.3757090490410580e-01
-8.2498319115748775e-01
-8.1286344849030079e-01
-8.0094476438736162e-01
-7.8942513107112444e-01
-7.7821166720702795e-01
-7.6717015632043450e-01
-7.5653712300525178e-01
-7.4605616231354599e-01
-7.3585047759065358e-01
-7.2595981686698197e-01
-7.1614504608762142e-01
-7.0665602544915629e-01
-6.9735406525858012e-01
-6.8818484666297242e-01
-6.7931524427262413e-01
-6.7052428665063679e-01
-6.6193079926250542e-01
-6.5358829911580718e-01
-6.4526750461591098e-01
-6.3717508698754266e-01
-6.2926816130668251e-01
-6.2139696331376204e-01
-6.1374366610088560e-01
-6.0621487981698263e-01
-5.9875473236716137e-01
-5.9148746076623615e-01
-5.8430242608212535e-01
-5.7720464522496662e-01
-5.7027852581538163e-01
-5.6340742493846674e-01
-5.5663092119646085e-01
-5.5000805959851740e-01
-5.4342528723008210e-01
-5.3693546265641312e-01
-5.3058398077258029e-01
-5.2426768073595231e-01
-5.1803558847278786e-01
-5.1192890993762930e-01
-5.0585667671593360e-01
-4.9986250753252764e-01
-4.9397890291977947e-01
-4.8813177353239423e-01
-4.8236035987346881e-01
-4.7668259549495889e-01
-4.7104881494648859e-01
-4.6548576586715168e-01
-4.6000110262972083e-01
-4.5457272133549970e-01
-4.4920148135255755e-01
-4.4390838831942142e-01
-4.3868141974181762e-01
-4.3349308418150484e-01
-4.2839177455473726e-01
-4.2336196853603769e-01
-4.1836049394555169e-01
-4.1344207549943968e-01
-4.0860411560139703e-01
-4.0381409082895925e-01
-3.9908410613886386e-01
-3.9444236657690473e-01
-3.8988123279854631e-01
-3.8535277470891827e-01
-3.8091668680407137e-01
-3.7657371275932117e-01
-3.7229942795642973e-01
-3.6809027130414779e-01
-3.6398165983736569e-01
-3.5997562370974273e-01
-3.5604025537487788e-01
-3.5219665211066109e-01
-3.4846647366160355e-01
-3.4485309312173595e-01
-3.4132446441815051e-01
-3.3791128209891302e-01
-3.3463030844345859e-01
-3.3148735608752922e-01
-3.2845486049794986e-01
-3.2557256067117835e-01
-3.2285581764289562e-01
-3.2032318696248840e-01
-3.1796491540104144e-01
-3.1584061384813894e-01
-3.1398474673993648e-01
-3.1244580012486667e-01
-3.1124102046948887e-01
-3.1041823631729348e-01
-3.0995987804991337e-01
0.0000000000000000e+00
4.4913982405858660e-01
3.6295210385578758e-02
1.4534768391059000e+01
];
