%Vec Object:sol 1 MPI processes
%  type: mpi
sol = [
0.0000000000000000e+00
-1.1303935703279613e+00
-1.1087981395838507e+00
-1.0881838351904913e+00
-1.0680071836840115e+00
-1.0488807665939834e+00
-1.0299489667152040e+00
-1.0119949888145112e+00
-9.9430420654077212e-01
-9.7735969107555398e-01
-9.6079636769861276e-01
-9.4474344051703152e-01
-9.2906015635635386e-01
-9.1393359141625452e-01
-8.9904008052950701e-01
-8.8470236642431732e-01
-8.7055813048966924e-01
-8.5685079295541333e-01
-8.4345928525656511e-01
-8.3031772459588582e-01
-8.1752862708842666e-01
-8.0497493185842839e-01
-7.9271115914953949e-01
-7.8067499750919878e-01
-7.6892198165130943e-01
-7.5729843433763189e-01
-7.4602889780159243e-01
-7.3481320663077720e-01
-7.2388898051711537e-01
-7.1313677788811491e-01
-7.0252439913752029e-01
-6.9213515237810508e-01
-6.8186490845469949e-01
-6.7179363370767342e-01
-6.6179985495840132e-01
-6.5200974311533877e-01
-6.4230120941764413e-01
-6.3274581102361016e-01
-6.2333482089029912e-01
-6.1396917712670629e-01
-6.0478466488754068e-01
-5.9565395756100359e-01
-5.8662466563710747e-01
-5.7772036879137723e-01
-5.6886271953424028e-01
-5.6011283312629467e-01
-5.5142104606560116e-01
-5.4281578705782274e-01
-5.3428869158615067e-01
-5.2578066786803812e-01
-5.1737664513570580e-01
-5.0900993513177872e-01
-5.0067368818756508e-01
-4.9242158690053484e-01
-4.8418505632871506e-01
-4.7597018556669329e-01
-4.6780748306673686e-01
-4.5961244694785092e-01
-4.5132507177347736e-01
-4.4282583086791644e-01
-4.3371836665223668e-01
-4.2330689097352281e-01
-4.1039045059912932e-01
-3.9336421381731074e-01
-3.7181354517251364e-01
-3.4863671365576243e-01
-3.2815595690534821e-01
-3.1211121565541378e-01
-3.0063516196116363e-01
-2.9251487192731429e-01
-2.8660080332017240e-01
-2.8205153587528464e-01
-2.7834517718065810e-01
-2.7513635394147062e-01
-2.7219957647510623e-01
-2.6941215832054977e-01
-2.6669690996557982e-01
-2.6399868282393329e-01
-2.6128262381318068e-01
-2.5853235783950768e-01
-2.5574339201252927e-01
-2.5290138878777146e-01
-2.5000055975794411e-01
-2.4703385674130995e-01
-2.4400587057416182e-01
-2.4091347229843982e-01
-2.3775026067282287e-01
-2.3451302759364259e-01
-2.3119727563575956e-01
-2.2781191250008564e-01
-2.2434629283038107e-01
-2.2079071170556014e-01
-2.1714286247392306e-01
-2.1339940116351233e-01
-2.0954592137826059e-01
-2.0557558687106120e-01
-2.0147791186653863e-01
-1.9723388277626408e-01
-1.9283644129370509e-01
0.0000000000000000e+00
4.6965659168773555e-01
3.6201174924841678e-02
1.2637484368271997e+01
];
