%Vec Object:sol 1 MPI processes
%  type: mpi
sol = [
0.0000000000000000e+00
-1.0590199172197174e+00
-1.0400973198018195e+00
-1.0215359006573534e+00
-1.0037783043055948e+00
-9.8658841607805703e-01
-9.6986024342479604e-01
-9.5375146750072104e-01
-9.3807136326256513e-01
-9.2290882803072793e-01
-9.0817513049450804e-01
-8.9385983498351163e-01
-8.7984731507357639e-01
-8.6635558548733893e-01
-8.5305037391590210e-01
-8.4023619765622448e-01
-8.2762887019409070e-01
-8.1535258486955831e-01
-8.0344741319167190e-01
-7.9165626798379385e-01
-7.8029505816009304e-01
-7.6903358659806920e-01
-7.5807942028533504e-01
-7.4735238591431341e-01
-7.3679863626018705e-01
-7.2650563154176195e-01
-7.1636264925248061e-01
-7.0643281337113484e-01
-6.9662891190872389e-01
-6.8705574965836891e-01
-6.7760438719293625e-01
-6.6829831340241630e-01
-6.5921282447398566e-01
-6.5015134499576999e-01
-6.4130076045112960e-01
-6.3257127088508069e-01
-6.2391567806363113e-01
-6.1545359628077412e-01
-6.0702766430015098e-01
-5.9872839397252853e-01
-5.9055846836583614e-01
-5.8243896944413553e-01
-5.7444196264078939e-01
-5.6651144487595939e-01
-5.5866774526831997e-01
-5.5092456617939645e-01
-5.4320088432400149e-01
-5.3558936664810697e-01
-5.2803436826523387e-01
-5.2051074736256253e-01
-5.1308807991618355e-01
-5.0569403158657100e-01
-4.9833451713927723e-01
-4.9105937097448160e-01
-4.8380263740758545e-01
-4.7657091333564072e-01
-4.6940818616625862e-01
-4.6226203455196541e-01
-4.5512370301361693e-01
-4.4803978715673293e-01
-4.4097067163664849e-01
-4.3389859899439015e-01
-4.2685975741105592e-01
-4.1983436427823340e-01
-4.1279385256336165e-01
-4.0575682814150077e-01
-3.9872622911021643e-01
-3.9163493556897377e-01
-3.8450573899314328e-01
-3.7730015320581628e-01
-3.6994691831197951e-01
-3.6235018824541110e-01
-3.5430681451099255e-01
-3.4537652504534372e-01
-3.3491471032786763e-01
-3.2264699354949189e-01
-3.0918623777086252e-01
-2.9586936235068545e-01
-2.8386109338161103e-01
-2.7339452072776871e-01
-2.6477536628701037e-01
-2.5770991477089550e-01
-2.5184158387055522e-01
-2.4684310875439172e-01
-2.4246774877503841e-01
-2.3852021452383715e-01
-2.3485394435819351e-01
-2.3136342251393244e-01
-2.2797044644901912e-01
-2.2463109746889701e-01
-2.2129667753505877e-01
-2.1792836109437150e-01
-2.1450404996732808e-01
-2.1100544568473417e-01
-2.0740713762982807e-01
-2.0369497293067071e-01
-1.9985126878773629e-01
-1.9585243279750511e-01
-1.9168899884310614e-01
0.0000000000000000e+00
4.6428151287399633e-01
3.6269294429958930e-02
1.3969641633372571e+01
];
