%Vec Object:sol 1 MPI processes
%  type: mpi
sol = [
0.0000000000000000e+00
-1.0463639743993618e+00
-1.0277133192602201e+00
-1.0095864602132405e+00
-9.9207874338813262e-01
-9.7530209834811743e-01
-9.5880579343482575e-01
-9.4309362483603898e-01
-9.2762889547184613e-01
-9.1279894113799798e-01
-8.9831642034338222e-01
-8.8422503072398451e-01
-8.7054906899055340e-01
-8.5724241878737240e-01
-8.4429054906556145e-01
-8.3165283697874282e-01
-8.1938749902204222e-01
-8.0728183116377816e-01
-7.9561450439128678e-01
-7.8408223690640988e-01
-7.7288151733711519e-01
-7.6194191730517480e-01
-7.5114379677923016e-01
-7.4070864050092300e-01
-7.3032777008100869e-01
-7.2023186737908229e-01
-7.1034479875907897e-01
-7.0056120855466164e-01
-6.9105441711969851e-01
-6.8162443566878450e-01
-6.7238662073654343e-01
-6.6329941633230138e-01
-6.5435455131307130e-01
-6.4557723236221543e-01
-6.3686592498727901e-01
-6.2834026184569236e-01
-6.1989818352903847e-01
-6.1157454273905132e-01
-6.0340967836117265e-01
-5.9526024832975566e-01
-5.8726637658234904e-01
-5.7937677587130976e-01
-5.7151798515746133e-01
-5.6380409348774341e-01
-5.5614633387692836e-01
-5.4854283384541769e-01
-5.4106381232021650e-01
-5.3360808609385213e-01
-5.2621716575344857e-01
-5.1892778711866805e-01
-5.1164774352254938e-01
-5.0443578454955462e-01
-4.9729360950548934e-01
-4.9016500213786607e-01
-4.8310028562851626e-01
-4.7607897611516908e-01
-4.6906758498163298e-01
-4.6211664627909910e-01
-4.5519050059466853e-01
-4.4826380086937878e-01
-4.4138782109857227e-01
-4.3453775046713705e-01
-4.2766410618088102e-01
-4.2082767117196390e-01
-4.1402022915804093e-01
-4.0717561977674888e-01
-4.0034327709703854e-01
-3.9352498880892561e-01
-3.8668367233581419e-01
-3.7980311630955155e-01
-3.7290751432388569e-01
-3.6598093151385053e-01
-3.5895952255537023e-01
-3.5185324367257775e-01
-3.4460379150244241e-01
-3.3703495525908833e-01
-3.2877512911479390e-01
-3.1941560733678342e-01
-3.0875156967111556e-01
-2.9716522119689009e-01
-2.8552209652127031e-01
-2.7470793694195117e-01
-2.6504120020102906e-01
-2.5663784540677298e-01
-2.4949753206811062e-01
-2.4338877602877809e-01
-2.3807591403091038e-01
-2.3334949811254341e-01
-2.2904005511040446e-01
-2.2502881847153933e-01
-2.2120874913561497e-01
-2.1749841049560720e-01
-2.1384250643076577e-01
-2.1019775288618861e-01
-2.0652047159939493e-01
-2.0278271426906758e-01
-1.9895605670019023e-01
-1.9501041133359681e-01
-1.9093167791571625e-01
0.0000000000000000e+00
4.6292614713620123e-01
3.6279547730030115e-02
1.4189098324760693e+01
];
