%Vec Object:sol 1 MPI processes
%  type: mpi
sol = [
0.0000000000000000e+00
-9.2854505997773484e-01
-9.1379428930440953e-01
-8.9941697214489158e-01
-8.8546470105537411e-01
-8.7222639015545389e-01
-8.5908664224482700e-01
-8.4652929401704835e-01
-8.3445386981952197e-01
-8.2249755248722323e-01
-8.1110989689985635e-01
-7.9997769259956486e-01
-7.8909914793934066e-01
-7.7863469325335510e-01
-7.6840840391343146e-01
-7.5844891492185262e-01
-7.4879356253386975e-01
-7.3935390033857229e-01
-7.3016721811243002e-01
-7.2124494359452829e-01
-7.1249439113273283e-01
-7.0396509140405827e-01
-6.9570745622092001e-01
-6.8756598454303397e-01
-6.7962251735777957e-01
-6.7194776123711786e-01
-6.6434899715354201e-01
-6.5693035724973603e-01
-6.4976528317023663e-01
-6.4264977911690591e-01
-6.3571475212216377e-01
-6.2899976849923223e-01
-6.2232726051693954e-01
-6.1582826801518142e-01
-6.0952144999178026e-01
-6.0325164085273397e-01
-5.9714523263248920e-01
-5.9121104937275859e-01
-5.8530931317496615e-01
-5.7955888202709482e-01
-5.7396711873860096e-01
-5.6840362212445594e-01
-5.6297816294449377e-01
-5.5770301682747492e-01
-5.5245212034103430e-01
-5.4732537652289293e-01
-5.4234482349449853e-01
-5.3738449192384263e-01
-5.3253419056352091e-01
-5.2782118312043913e-01
-5.2313614822873822e-01
-5.1854703907210842e-01
-5.1408191545878923e-01
-5.0965491165532739e-01
-5.0531523745571372e-01
-5.0108327034657085e-01
-4.9690107003089629e-01
-4.9279774274955657e-01
-4.8878650295064024e-01
-4.8483785753102698e-01
-4.8095283322610388e-01
-4.7715888535021372e-01
-4.7343425129414707e-01
-4.6975421577120047e-01
-4.6617287778239369e-01
-4.6266425951289103e-01
-4.5918156921448372e-01
-4.5579523970981578e-01
-4.5249609751363201e-01
-4.4921440753754899e-01
-4.4601521831160523e-01
-4.4290638341015098e-01
-4.3983536220100289e-01
-4.3681874567522644e-01
-4.3388974183902435e-01
-4.3102569420192111e-01
-4.2819315819232984e-01
-4.2544074658779257e-01
-4.2277178051171754e-01
-4.2012225336390446e-01
-4.1754972767714921e-01
-4.1505289238583293e-01
-4.1259671101549122e-01
-4.1020039625835625e-01
-4.0788198953076804e-01
-4.0561667766333814e-01
-4.0339008559185108e-01
-4.0124153850176419e-01
-3.9916982813878371e-01
-3.9711845982295951e-01
-3.9513705009841887e-01
-3.9323148449947343e-01
-3.9137251214470609e-01
-3.8956467910644144e-01
-3.8782583605151155e-01
-3.8615296690728096e-01
-3.8451131843925102e-01
-3.8294431488848640e-01
-3.8145204404807342e-01
0.0000000000000000e+00
4.3159785277610341e-01
3.6295210385578758e-02
1.4534768391059000e+01
];
