%Vec Object:sol 1 MPI processes
%  type: mpi
sol = [
0.0000000000000000e+00
-1.9244606253217873e+00
-1.8556124325277614e+00
-1.7902346373109788e+00
-1.7280992244391273e+00
-1.6691164286565612e+00
-1.6125088857039760e+00
-1.5585828526511640e+00
-1.5068130049274073e+00
-1.4570830045751053e+00
-1.4093941908088263e+00
-1.3631983722068435e+00
-1.3186972619235517e+00
-1.2756112239515232e+00
-1.2338202456416303e+00
-1.1933878891219631e+00
-1.1539928992108481e+00
-1.1157247839630466e+00
-1.0784150074379781e+00
-1.0407105857242565e+00
-9.2766081929725019e-01
-5.8542474242030562e-01
-4.4973247510709896e-01
-4.2702329232980263e-01
-4.2320160429634540e-01
-4.2187393797456069e-01
-4.2035263217831409e-01
-4.1792158831442894e-01
-4.1479021490335072e-01
-4.1072721269797224e-01
-4.0598451964368282e-01
-4.0052760827141848e-01
-3.9456151737845546e-01
-3.8818515025213340e-01
-3.8146124805565712e-01
-3.7454259874300155e-01
-3.6745865609747436e-01
-3.6028560009167432e-01
-3.5310935294605889e-01
-3.4595250114845572e-01
-3.3885709944458625e-01
-3.3187397424046128e-01
-3.2500469985711194e-01
-3.1829159724785638e-01
-3.1175137501427186e-01
-3.0536447295674984e-01
-2.9916934703631765e-01
-2.9317249880551521e-01
-2.8735162647653767e-01
-2.8171986305903407e-01
-2.7628425399869605e-01
-2.7102667755659532e-01
-2.6595602833848092e-01
-2.6105562294835888e-01
-2.5631848170855681e-01
-2.5175275974840278e-01
-2.4734533437614006e-01
-2.4307918224029229e-01
-2.3895531516750287e-01
-2.3496989158340897e-01
-2.3110156841665663e-01
-2.2736883286538992e-01
-2.2375189370494730e-01
-2.2023671811241147e-01
-2.1682131015851633e-01
-2.1350718245124753e-01
-2.1028648468927208e-01
-2.0714276386836147e-01
-2.0407743488198074e-01
-2.0109047878062009e-01
-1.9816988469071997e-01
-1.9530137950439061e-01
-1.9250309638655808e-01
-1.8976407690196029e-01
-1.8706354461201646e-01
-1.8440527085168668e-01
-1.8179173740401888e-01
-1.7921373197537160e-01
-1.7666058334434614e-01
-1.7412790787685467e-01
-1.7162394500885081e-01
-1.6913669907138040e-01
-1.6665903656612008e-01
-1.6418065228801476e-01
-1.6170624766101338e-01
-1.5922916701950990e-01
-1.5673975858065309e-01
-1.5423015715385952e-01
-1.5168899296568505e-01
-1.4912145968183396e-01
-1.4651110401886108e-01
-1.4384940210632993e-01
-1.4112544454489617e-01
-1.3833068341373622e-01
-1.3544366535541569e-01
-1.3244803706804581e-01
-1.2933121119462773e-01
-1.2606564952677837e-01
-1.2263082698809623e-01
0.0000000000000000e+00
5.2823868859994105e-01
3.5135641856869113e-02
4.4733452481937883e+00
];
