%Vec Object:sol 1 MPI processes
%  type: mpi
sol = [
0.0000000000000000e+00
-9.4624312438791747e-01
-9.3056309622032907e-01
-9.1547156451940614e-01
-9.0096658598750912e-01
-8.8683680044547275e-01
-8.7317673031387522e-01
-8.5998984246901367e-01
-8.4712886369897578e-01
-8.3478978004042104e-01
-8.2272022077398033e-01
-8.1095402500588609e-01
-7.9967969205258771e-01
-7.8854512386920561e-01
-7.7780156043640114e-01
-7.6739595654244319e-01
-7.5712804502723152e-01
-7.4725853288300947e-01
-7.3759047662496846e-01
-7.2810272830608824e-01
-7.1898698458640997e-01
-7.0995302492108048e-01
-7.0116862865036012e-01
-6.9269707284179305e-01
-6.8424812822655467e-01
-6.7607899132140781e-01
-6.6815033615477626e-01
-6.6025492886101811e-01
-6.5262775338067636e-01
-6.4517585965572066e-01
-6.3778731164601921e-01
-6.3064127054999097e-01
-6.2362207375405609e-01
-6.1668895719810157e-01
-6.0997327969711901e-01
-6.0335226562481503e-01
-5.9682810829964694e-01
-5.9050029440926866e-01
-5.8424767118660625e-01
-5.7809348280487349e-01
-5.7211780990043537e-01
-5.6620790475772642e-01
-5.6039099357969402e-01
-5.5473749236117709e-01
-5.4914829569465307e-01
-5.4364128743384899e-01
-5.3828487299957495e-01
-5.3299761902511655e-01
-5.2777766733934228e-01
-5.2269744982256050e-01
-5.1769218235643366e-01
-5.1274449820807577e-01
-5.0792326385415221e-01
-5.0318257871662808e-01
-4.9849581809899607e-01
-4.9391950517454025e-01
-4.8943210559366834e-01
-4.8499412365135530e-01
-4.8065148503890265e-01
-4.7640844250522407e-01
-4.7220276663177868e-01
-4.6809195627890565e-01
-4.6408181432772527e-01
-4.6010131340664506e-01
-4.5621916029978704e-01
-4.5242310207556563e-01
-4.4867585892026057e-01
-4.4500741303383240e-01
-4.4143172811497200e-01
-4.3791458102548336e-01
-4.3445524256411694e-01
-4.3109270714051567e-01
-4.2781002103642474e-01
-4.2455838720623040e-01
-4.2140192413328847e-01
-4.1833899375173556e-01
-4.1531434610991552e-01
-4.1236381359020585e-01
-4.0950590571329265e-01
-4.0671737027791111e-01
-4.0397966485256620e-01
-4.0132824553651952e-01
-3.9876778669119106e-01
-3.9624470832081143e-01
-3.9380930248560381e-01
-3.9145662908554485e-01
-3.8916669996510972e-01
-3.8694229650981948e-01
-3.8480785338637447e-01
-3.8275519460034779e-01
-3.8074248090234597e-01
-3.7881983157103610e-01
-3.7698675111926172e-01
-3.7521623892297873e-01
-3.7351040808546637e-01
-3.7189578463934164e-01
-3.7037299882294317e-01
-3.6890755015894178e-01
-3.6755211256990533e-01
0.0000000000000000e+00
4.3697559625855342e-01
3.6295210385578758e-02
1.4534768391059000e+01
];
