%Vec Object:sol 1 MPI processes
%  type: mpi
sol = [
0.0000000000000000e+00
-1.2806478275936479e+00
-1.2528825336721230e+00
-1.2263298731657994e+00
-1.2005286208030281e+00
-1.1759289614037796e+00
-1.1519485083070711e+00
-1.1288991430671524e+00
-1.1066603797782057e+00
-1.0849588048015724e+00
-1.0642134336644167e+00
-1.0437532518847430e+00
-1.0241223055730080e+00
-1.0049643644673254e+00
-9.8632660402676697e-01
-9.6827348376288858e-01
-9.5056639757336525e-01
-9.3340572383164477e-01
-9.1661790496243400e-01
-9.0024764226573262e-01
-8.8420028000055373e-01
-8.6861860311763983e-01
-8.5321630773547230e-01
-8.3830914548315505e-01
-8.2354199774616033e-01
-8.0918312760273214e-01
-7.9503919754231556e-01
-7.8118148049724490e-01
-7.6751452324960523e-01
-7.5419059227039154e-01
-7.4094882627169489e-01
-7.2804388300969136e-01
-7.1524560750314869e-01
-7.0268975267891765e-01
-6.9026761534219283e-01
-6.7806961119845588e-01
-6.6596769224436470e-01
-6.5406758378241070e-01
-6.4229474575535295e-01
-6.3063570785095868e-01
-6.1914560203874003e-01
-6.0773366901020265e-01
-5.9646871359829134e-01
-5.8526089610310950e-01
-5.7417762578462417e-01
-5.6307938029550331e-01
-5.5174606889810351e-01
-5.3919849114544638e-01
-5.2207832952778632e-01
-4.9418622403892387e-01
-4.5304841010967978e-01
-4.0798957958907034e-01
-3.7249421593098103e-01
-3.5015778344790432e-01
-3.3741173851951900e-01
-3.2995832453269203e-01
-3.2517500879896960e-01
-3.2167027015968752e-01
-3.1875201777835438e-01
-3.1608520376238436e-01
-3.1348206579736398e-01
-3.1087683807671945e-01
-3.0822073019069385e-01
-3.0549027213826002e-01
-3.0268304784238348e-01
-2.9980175006928272e-01
-2.9685050528548723e-01
-2.9382420238678231e-01
-2.9073010815262007e-01
-2.8757965575893291e-01
-2.8437513496960248e-01
-2.8110970633448679e-01
-2.7780920826475680e-01
-2.7447316707344882e-01
-2.7109159770149893e-01
-2.6767627421238005e-01
-2.6423525758778371e-01
-2.6076661031022169e-01
-2.5726871538802587e-01
-2.5374596660445453e-01
-2.5020902757978142e-01
-2.4665264449977886e-01
-2.4307485052767011e-01
-2.3943818422880941e-01
-2.3578475481205216e-01
-2.3211352475806704e-01
-2.2841982451277157e-01
-2.2470140478514411e-01
-2.2095404038934760e-01
-2.1718721757794698e-01
-2.1339079568638236e-01
-2.0955754569541943e-01
-2.0568473453045696e-01
-2.0176978907227844e-01
-1.9779917357650478e-01
-1.9376603954475979e-01
-1.8966297133223531e-01
-1.8547301262793570e-01
-1.8119030371563377e-01
0.0000000000000000e+00
4.7813040946538382e-01
3.6031020780942016e-02
1.0075218450217349e+01
];
