%Vec Object:sol 1 MPI processes
%  type: mpi
sol = [
0.0000000000000000e+00
-9.7537885338374297e-01
-9.5867050340878479e-01
-9.4235529250276617e-01
-9.2677604841479233e-01
-9.1159455009570889e-01
-8.9686071359171116e-01
-8.8272697301596503e-01
-8.6887413255623591e-01
-8.5558172447763703e-01
-8.4261192013190045e-01
-8.2995331594126620e-01
-8.1778784987820496e-01
-8.0581690061985112e-01
-7.9425990880214570e-01
-7.8299479838547736e-01
-7.7195510582117177e-01
-7.6133008407969915e-01
-7.5082807949044950e-01
-7.4061881632041637e-01
-7.3070519294896485e-01
-7.2094300914858789e-01
-7.1147445770894990e-01
-7.0218500772132808e-01
-6.9307201163171772e-01
-6.8424400356234472e-01
-6.7550652635629116e-01
-6.6696594475906912e-01
-6.5864986859046160e-01
-6.5044076352324898e-01
-6.4241860305468446e-01
-6.3455633936895051e-01
-6.2681740121580554e-01
-6.1925488956499097e-01
-6.1180052364886506e-01
-6.0448164065871168e-01
-5.9732608058258574e-01
-5.9024110297955501e-01
-5.8329966756780527e-01
-5.7650697486297964e-01
-5.6975894314639108e-01
-5.6315868948878367e-01
-5.5668599033150878e-01
-5.5025423155852093e-01
-5.4396510708515367e-01
-5.3778378989864783e-01
-5.3164377631978421e-01
-5.2563990124304227e-01
-5.1972996191594301e-01
-5.1385745068833055e-01
-5.0811361661334653e-01
-5.0246324703680090e-01
-4.9683895828035973e-01
-4.9133433429218931e-01
-4.8592939213206088e-01
-4.8054391825723153e-01
-4.7526478916941567e-01
-4.7008980490475227e-01
-4.6493903607044568e-01
-4.5987646682532246e-01
-4.5491730057262147e-01
-4.5000385368187940e-01
-4.4515294519386189e-01
-4.4040233214969354e-01
-4.3572924845311695e-01
-4.3108906256358209e-01
-4.2654766683885692e-01
-4.2210328135328812e-01
-4.1769080252438406e-01
-4.1336267100237151e-01
-4.0913218390843176e-01
-4.0496923089203424e-01
-4.0086878528226216e-01
-3.9686221197872046e-01
-3.9295418631588436e-01
-3.8909436965882144e-01
-3.8533017875180681e-01
-3.8166494278222629e-01
-3.7808154271674416e-01
-3.7457791882945279e-01
-3.7117797143650894e-01
-3.6788275077091748e-01
-3.6466166351422996e-01
-3.6154680485416796e-01
-3.5854687459040957e-01
-3.5565345683545807e-01
-3.5284350723774555e-01
-3.5015776906585622e-01
-3.4759872899509753e-01
-3.4515182432774738e-01
-3.4281118278695000e-01
-3.4061208744880422e-01
-3.3856292609554733e-01
-3.3665731886673012e-01
-3.3491114380781506e-01
-3.3337648901707811e-01
-3.3209563184242036e-01
-3.3110089456507008e-01
-3.3046664931940745e-01
0.0000000000000000e+00
4.4585232082298665e-01
3.6295210385578758e-02
1.4534768391059000e+01
];
