%Vec Object:sol 1 MPI processes
%  type: mpi
sol = [
0.0000000000000000e+00
-1.9663298978178372e+00
-1.8345318075622741e+00
-1.6506277911525975e+00
-1.4455391295874958e+00
-1.2909493978626425e+00
-1.1785219635803375e+00
-1.1122518413017510e+00
-1.0648352450762206e+00
-1.0259697022680458e+00
-9.8335593875730587e-01
-9.3491347793081847e-01
-8.8087488679132908e-01
-8.1864323361142100e-01
-7.5614809003532135e-01
-6.9074136081205872e-01
-6.3363856480772440e-01
-5.8069749991306441e-01
-5.3900289690189851e-01
-5.0317444036011061e-01
-4.7507666640037416e-01
-4.5134514850774221e-01
-4.3141893926872921e-01
-4.1416335715400443e-01
-3.9867534278958744e-01
-3.8470936385418564e-01
-3.7189652515053012e-01
-3.5989613837454371e-01
-3.4884207731088929e-01
-3.3839160484518827e-01
-3.2866968594389873e-01
-3.1950760567251613e-01
-3.1094997449221556e-01
-3.0294575793744000e-01
-2.9541713871316905e-01
-2.8840460968390258e-01
-2.8182676811851165e-01
-2.7565552746079064e-01
-2.6989333795456349e-01
-2.6448646677100351e-01
-2.5940291873099319e-01
-2.5463784116759430e-01
-2.5014155326004411e-01
-2.4591053968969775e-01
-2.4192518780417488e-01
-2.3813291013458621e-01
-2.3454725639479254e-01
-2.3115213039791316e-01
-2.2791038717673870e-01
-2.2481240124024096e-01
-2.2186230548784611e-01
-2.1903284403781012e-01
-2.1632274633664236e-01
-2.1370948466576650e-01
-2.1118527601125803e-01
-2.0875848179821843e-01
-2.0641111688998889e-01
-2.0412671722597203e-01
-2.0190855933749582e-01
-1.9975083570066721e-01
-1.9763412789743179e-01
-1.9558153933446842e-01
-1.9357307334987736e-01
-1.9159604771999472e-01
-1.8965084967910079e-01
-1.8774277512319390e-01
-1.8586492341356259e-01
-1.8400269085461426e-01
-1.8216086159841050e-01
-1.8034155192947179e-01
-1.7853371705882637e-01
-1.7672567638505379e-01
-1.7493827751147006e-01
-1.7316207002084155e-01
-1.7137742440171116e-01
-1.6958992260233005e-01
-1.6780426436652082e-01
-1.6601267017195526e-01
-1.6420538321756142e-01
-1.6237880361874282e-01
-1.6054327903923526e-01
-1.5868762423369603e-01
-1.5680527944819386e-01
-1.5488632641015573e-01
-1.5293649829562334e-01
-1.5094945229008727e-01
-1.4891574325082196e-01
-1.4682738571814155e-01
-1.4467218113847047e-01
-1.4245475097310412e-01
-1.4015740470117694e-01
-1.3777120535019971e-01
-1.3528241629133467e-01
-1.3267950829367484e-01
-1.2993682383931307e-01
-1.2703240530221280e-01
-1.2394777098677613e-01
-1.2064602140421136e-01
-1.1709298094668638e-01
0.0000000000000000e+00
5.8331077435068357e-01
3.4179789725946694e-02
2.6695481998979447e+00
];
