%Vec Object:sol 1 MPI processes
%  type: mpi
sol = [
0.0000000000000000e+00
-1.0162125206604771e+00
-9.9809426844441484e-01
-9.8060928804406577e-01
-9.6375689531314257e-01
-9.4747315166505564e-01
-9.3174189488220915e-01
-9.1639495437231333e-01
-9.0166069802032855e-01
-8.8726264600731830e-01
-8.7341794763986258e-01
-8.5988125959176187e-01
-8.4671411977738187e-01
-8.3403936096820064e-01
-8.2150947412966746e-01
-8.0947550801201651e-01
-7.9765345332881177e-01
-7.8612848069449082e-01
-7.7501360773327732e-01
-7.6394865700687331e-01
-7.5329582759714342e-01
-7.4282573403758112e-01
-7.3256057714424849e-01
-7.2262964134119978e-01
-7.1274682297648018e-01
-7.0316181462317895e-01
-6.9376674481526623e-01
-6.8448434932822744e-01
-6.7547985611819061e-01
-6.6654188355865429e-01
-6.5779043386451386e-01
-6.4921440273806141e-01
-6.4074863579699892e-01
-6.3245614849668164e-01
-6.2425433770815131e-01
-6.1619922768041790e-01
-6.0828420051496179e-01
-6.0042783784323417e-01
-5.9272938190036961e-01
-5.8511470718423408e-01
-5.7758589331431842e-01
-5.7019581699775879e-01
-5.6284459809537501e-01
-5.5559585419427870e-01
-5.4847141702258484e-01
-5.4135094468665124e-01
-5.3434047385955186e-01
-5.2744344406062604e-01
-5.2052526622520101e-01
-5.1371676777604303e-01
-5.0700143148287713e-01
-5.0027112017652042e-01
-4.9363133064338593e-01
-4.8706947932904071e-01
-4.8049947062408593e-01
-4.7399827399091626e-01
-4.6756719978866906e-01
-4.6112899967667048e-01
-4.5473902859892029e-01
-4.4841151456977946e-01
-4.4207771836141729e-01
-4.3577962504962470e-01
-4.2952677206616158e-01
-4.2327805661438272e-01
-4.1705212854873047e-01
-4.1085169310774838e-01
-4.0466966665157922e-01
-3.9848490366507749e-01
-3.9232586772205713e-01
-3.8618620378994079e-01
-3.8002860150315437e-01
-3.7388728718182501e-01
-3.6775890192635369e-01
-3.6163241673445601e-01
-3.5548782946627494e-01
-3.4935719897433110e-01
-3.4323225388216061e-01
-3.3709904077763742e-01
-3.3095760933905388e-01
-3.2483449230806216e-01
-3.1873333847290464e-01
-3.1265488509182282e-01
-3.0661384628608945e-01
-3.0064900542986189e-01
-2.9477140315723582e-01
-2.8896950139597904e-01
-2.8319101871951585e-01
-2.7739267434628684e-01
-2.7148394521902930e-01
-2.6539868628910018e-01
-2.5912514714767332e-01
-2.5272910368737123e-01
-2.4635211074094629e-01
-2.4014502537539048e-01
-2.3423808273284821e-01
-2.2873070334466014e-01
-2.2366692185948892e-01
-2.1907184793851975e-01
-2.1494835713838797e-01
0.0000000000000000e+00
4.5778628910949842e-01
3.6295210385675444e-02
1.4534768393232717e+01
];
