%Vec Object:sol 1 MPI processes
%  type: mpi
sol = [
0.0000000000000000e+00
-1.6388428664265329e+00
-1.5915587620807108e+00
-1.5464288451049981e+00
-1.5032064031930239e+00
-1.4619731000811262e+00
-1.4222509945366426e+00
-1.3843613797651175e+00
-1.3478751867703198e+00
-1.3125942589118829e+00
-1.2787662822933661e+00
-1.2459487804330465e+00
-1.2143495979035512e+00
-1.1836429253223115e+00
-1.1538826499891448e+00
-1.1251482445269987e+00
-1.0970379997462052e+00
-1.0697456901613625e+00
-1.0432617306003125e+00
-1.0173019974905426e+00
-9.9201463169905135e-01
-9.6734005711759241e-01
-9.4313173126850580e-01
-9.1947900781728875e-01
-8.9629352743161428e-01
-8.7347687412663222e-01
-8.5115292149300203e-01
-8.2910982414700185e-01
-8.0691337337664426e-01
-7.7578668964367392e-01
-6.7373230455178512e-01
-5.2440110780815863e-01
-4.3952898042934507e-01
-4.0894438776352054e-01
-3.9872842398235403e-01
-3.9441615600197100e-01
-3.9155100635836587e-01
-3.8884494648803425e-01
-3.8595759141422731e-01
-3.8277149782902786e-01
-3.7927922343555470e-01
-3.7551797868955933e-01
-3.7149281231008230e-01
-3.6725058003670097e-01
-3.6282171351660725e-01
-3.5820719877681834e-01
-3.5345416913421901e-01
-3.4854325723650548e-01
-3.4350977953831457e-01
-3.3839622600838626e-01
-3.3322153321305836e-01
-3.2799221608749113e-01
-3.2274214381190758e-01
-3.1747687749685921e-01
-3.1220828982367876e-01
-3.0696095060608847e-01
-3.0174483060841178e-01
-2.9655970034188478e-01
-2.9142103416406268e-01
-2.8634356993880089e-01
-2.8131901283799643e-01
-2.7637535270376601e-01
-2.7150674789108598e-01
-2.6671036695425593e-01
-2.6199324347962338e-01
-2.5736346805013677e-01
-2.5282210098751878e-01
-2.4835979518355059e-01
-2.4398207976484068e-01
-2.3969426125043086e-01
-2.3549017895126284e-01
-2.3135862988176567e-01
-2.2732000134034647e-01
-2.2336667082324696e-01
-2.1948113809812630e-01
-2.1566898329089781e-01
-2.1193353912292101e-01
-2.0826701512099169e-01
-2.0466067815612507e-01
-2.0111197600628675e-01
-1.9762858902802904e-01
-1.9419971142745104e-01
-1.9081928389726233e-01
-1.8747838033016057e-01
-1.8418149932958466e-01
-1.8092294455954000e-01
-1.7769370065237547e-01
-1.7448704372087911e-01
-1.7129370148749570e-01
-1.6811982338436313e-01
-1.6495103767911373e-01
-1.6177945124593138e-01
-1.5859762301120767e-01
-1.5540024552610565e-01
-1.5217057175469922e-01
-1.4889771777155489e-01
-1.4557430155202294e-01
-1.4218117720238257e-01
-1.3870931452950250e-01
0.0000000000000000e+00
5.0212540846221998e-01
3.5551085232601011e-02
6.1350871736226580e+00
];
