%Vec Object:sol 1 MPI processes
%  type: mpi
sol = [
0.0000000000000000e+00
-2.5889414122961572e-06
-2.8779221503845446e-06
-2.9504231517298573e-06
-3.0015479378795968e-06
-3.0349814724732444e-06
-3.0476553817065109e-06
-3.0599458703941163e-06
-3.0651221681197514e-06
-6.6799587916718632e-03
-1.5184018550444012e+00
-1.3478084387307274e+00
-1.1760286188822155e+00
-9.9731651735357829e-01
-8.2684218070991655e-01
-6.5613779023174557e-01
-5.1319782759960864e-01
-3.8787584653930862e-01
-3.0032286840655026e-01
-2.3784218369007509e-01
-2.0393070940294961e-01
-1.8746923721393211e-01
-1.8430248237055880e-01
-1.8811405489904220e-01
-1.9516240230980142e-01
-2.0311889350172221e-01
-2.1045566694159834e-01
-2.1645924202859429e-01
-2.2116725707910126e-01
-2.2423346294929752e-01
-2.2622107292990173e-01
-2.2701058407762426e-01
-2.2699654007454775e-01
-2.2631047045290725e-01
-2.2507433829634571e-01
-2.2347028389150089e-01
-2.2155484584876001e-01
-2.1943265692453912e-01
-2.1714732430193542e-01
-2.1474758275103950e-01
-2.1228951499121029e-01
-2.0977606265088630e-01
-2.0719301936868631e-01
-2.0463978384527645e-01
-2.0209781890221182e-01
-1.9946540614350627e-01
-1.9690029427932010e-01
-1.9436346794304832e-01
-1.9183473692044281e-01
-1.8924440726356434e-01
-1.8674058368359100e-01
-1.8425398847827654e-01
-1.8179486987848259e-01
-1.7932033986227464e-01
-1.7684103457724251e-01
-1.7444013767814137e-01
-1.7204844771209329e-01
-1.6965776243517083e-01
-1.6730383863921014e-01
-1.6494806768241219e-01
-1.6258675091403210e-01
-1.6028517323299468e-01
-1.5800714240548966e-01
-1.5573276473443215e-01
-1.5346251881635814e-01
-1.5122934117081599e-01
-1.4901247490817310e-01
-1.4679062618184602e-01
-1.4458969794206833e-01
-1.4241624331134978e-01
-1.4023937263974198e-01
-1.3806802662728204e-01
-1.3592761227922209e-01
-1.3380963482211153e-01
-1.3168940612884630e-01
-1.2957190222276263e-01
-1.2747581115044082e-01
-1.2539457295756334e-01
-1.2331298254813967e-01
-1.2122253728913590e-01
-1.1915439278372968e-01
-1.1710158815456342e-01
-1.1505113559067170e-01
-1.1299648167924094e-01
-1.1095093890509777e-01
-1.0891585965312552e-01
-1.0688313374912001e-01
-1.0485016063928207e-01
-1.0281003262679383e-01
-1.0076981665758905e-01
-9.8717457785099050e-02
-9.6683507210413452e-02
-9.4647082761462664e-02
-9.2611415663280419e-02
-9.0567073750941640e-02
-8.8488706832568709e-02
-8.6417321920344736e-02
-8.4351177594298984e-02
-8.2280907441136808e-02
0.0000000000000000e+00
7.7764292343355035e-01
2.8771570819855791e-02
6.8477667901441874e-01
];
