%Vec Object:sol 1 MPI processes
%  type: mpi
sol = [
0.0000000000000000e+00
-1.5910640583966504e+00
-1.5467098325754887e+00
-1.5042639360857024e+00
-1.4637433930723021e+00
-1.4251637995533599e+00
-1.3878162689023241e+00
-1.3520679134567035e+00
-1.3176732728503089e+00
-1.2845846196950346e+00
-1.2526704620547915e+00
-1.2216533690242508e+00
-1.1918431346903826e+00
-1.1629487174204809e+00
-1.1348008829877487e+00
-1.1076371651967307e+00
-1.0811697958559809e+00
-1.0553546818406494e+00
-1.0303196106036285e+00
-1.0058478816373131e+00
-9.8194360391818947e-01
-9.5863408649841186e-01
-9.3580649933612003e-01
-9.1347394024345052e-01
-8.9159865175436803e-01
-8.7009372506963079e-01
-8.4905467196007511e-01
-8.2831927846570008e-01
-8.0791867879428958e-01
-7.8788277588687816e-01
-7.6736482394427985e-01
-7.3838653557849721e-01
-6.5345381460477692e-01
-5.2387845373165998e-01
-4.3980983607267132e-01
-4.0508039875635127e-01
-3.9246148017800647e-01
-3.8708467288492687e-01
-3.8385874397258485e-01
-3.8110810738785211e-01
-3.7830463038858753e-01
-3.7530614027250059e-01
-3.7205239964918957e-01
-3.6856206358079813e-01
-3.6485389815548303e-01
-3.6092362324510113e-01
-3.5681763260098670e-01
-3.5256292985275955e-01
-3.4815621652369633e-01
-3.4364059069658343e-01
-3.3899187344508874e-01
-3.3423289569891995e-01
-3.2940933908282244e-01
-3.2452716436492068e-01
-3.1959870866319373e-01
-3.1464869743918300e-01
-3.0968915786671647e-01
-3.0472127868477539e-01
-2.9976192643392746e-01
-2.9482840738456723e-01
-2.8991429052310219e-01
-2.8504913820752847e-01
-2.8022974597657690e-01
-2.7545565968740754e-01
-2.7073606215054069e-01
-2.6608088189967971e-01
-2.6149363679572468e-01
-2.5696712023723367e-01
-2.5250850285195564e-01
-2.4812504921660367e-01
-2.4381269527439450e-01
-2.3956172404330983e-01
-2.3539391807741825e-01
-2.3130322750280424e-01
-2.2727367945689941e-01
-2.2331206033049517e-01
-2.1942268166852233e-01
-2.1559881043076828e-01
-2.1183284266855762e-01
-2.0812327420144738e-01
-2.0447830893695923e-01
-2.0088797261661576e-01
-1.9734698382674892e-01
-1.9384716641539135e-01
-1.9039343424904065e-01
-1.8698067084489120e-01
-1.8360036058005288e-01
-1.8024631375727873e-01
-1.7690990828122188e-01
-1.7359767300795415e-01
-1.7029580413970799e-01
-1.6699660799732216e-01
-1.6369332238885234e-01
-1.6038116678233741e-01
-1.5704410240420313e-01
-1.5367201824420226e-01
-1.5025804095606110e-01
-1.4678393927862257e-01
-1.4324185555319627e-01
0.0000000000000000e+00
4.9835240518654766e-01
3.5619791980489132e-02
6.5193160120456817e+00
];
