%Vec Object:sol 1 MPI processes
%  type: mpi
sol = [
0.0000000000000000e+00
-9.9668385189461561e-01
-9.7918234128722492e-01
-9.6224330387238965e-01
-9.4578226549179667e-01
-9.3016357347749734e-01
-9.1463085256229681e-01
-8.9988308169488562e-01
-8.8548343918450256e-01
-8.7149972757573457e-01
-8.5812416210274389e-01
-8.4482815231082919e-01
-8.3213132901175813e-01
-8.1969514415624334e-01
-8.0757238558161715e-01
-7.9591354237795975e-01
-7.8434408477033268e-01
-7.7321000074483315e-01
-7.6232005147252802e-01
-7.5162539615856805e-01
-7.4131768884382943e-01
-7.3109325932288038e-01
-7.2117238977461184e-01
-7.1148956229379567e-01
-7.0193962125458742e-01
-6.9268120338336381e-01
-6.8354561121618196e-01
-6.7458352955557677e-01
-6.6585647921157998e-01
-6.5723269395806283e-01
-6.4879621035523705e-01
-6.4051167969959677e-01
-6.3235986451409054e-01
-6.2438230805283701e-01
-6.1648978493815265e-01
-6.0875232502870713e-01
-6.0116456204641999e-01
-5.9363085640370061e-01
-5.8625877498771850e-01
-5.7899268997289932e-01
-5.7179838153475360e-01
-5.6474832879067538e-01
-5.5776998716266646e-01
-5.5087266208612207e-01
-5.4410698770968680e-01
-5.3738703130946897e-01
-5.3075029913578065e-01
-5.2423635863066353e-01
-5.1774951454700036e-01
-5.1134224208172085e-01
-5.0504783196173908e-01
-4.9877665374843777e-01
-4.9257248781792123e-01
-4.8646964911112955e-01
-4.8040011013177303e-01
-4.7437708024837122e-01
-4.6844568112366020e-01
-4.6256336062738074e-01
-4.5670380187112081e-01
-4.5092798432568892e-01
-4.4521532088847149e-01
-4.3951260695857780e-01
-4.3388109004457859e-01
-4.2832374693275693e-01
-4.2277595552161690e-01
-4.1728144472208450e-01
-4.1185784707681439e-01
-4.0647048085906773e-01
-4.0112118604925712e-01
-3.9583237683982281e-01
-3.9060820600070090e-01
-3.8540458492531571e-01
-3.8026404705932043e-01
-3.7518902862863496e-01
-3.7016353182219380e-01
-3.6518714420487558e-01
-3.6028050868494010e-01
-3.5544809246571751e-01
-3.5066596456484478e-01
-3.4595808313349252e-01
-3.4133526779821827e-01
-3.3680152568723853e-01
-3.3233513911456219e-01
-3.2796945395963883e-01
-3.2371634352852352e-01
-3.1957961697819148e-01
-3.1555026231525191e-01
-3.1166351511366208e-01
-3.0794350770592510e-01
-3.0440849665250236e-01
-3.0106990080035012e-01
-2.9796817160676953e-01
-2.9515008718975766e-01
-2.9264703435788297e-01
-2.9046860935489371e-01
-2.8860202283624214e-01
-2.8702248731489977e-01
-2.8563466126040038e-01
-2.8430102379992300e-01
0.0000000000000000e+00
4.5221678772331603e-01
3.6295210385578758e-02
1.4534768391059000e+01
];
