%Vec Object:sol 1 MPI processes
%  type: mpi
sol = [
0.0000000000000000e+00
-9.6832042153023723e-01
-9.5197104960667678e-01
-9.3588986613042369e-01
-9.2046939490662194e-01
-9.0568084891986400e-01
-8.9109086193649356e-01
-8.7723566600592617e-01
-8.6360662860609150e-01
-8.5044149518508427e-01
-8.3781790639079001e-01
-8.2527727271058571e-01
-8.1330295283385001e-01
-8.0158218199458653e-01
-7.9013386112068118e-01
-7.7916555438084079e-01
-7.6824393026495119e-01
-7.5772330400574717e-01
-7.4751643754079433e-01
-7.3740537685552254e-01
-7.2768040462389250e-01
-7.1811274913201162e-01
-7.0874056953289455e-01
-6.9970294731310545e-01
-6.9070963329728552e-01
-6.8197804531955530e-01
-6.7350939256204634e-01
-6.6506519257079122e-01
-6.5689410165422635e-01
-6.4890121743127560e-01
-6.4097840301691966e-01
-6.3330057480790025e-01
-6.2573725560674753e-01
-6.1827869998520824e-01
-6.1103805245754406e-01
-6.0386801158784587e-01
-5.9682242480509085e-01
-5.8997201821944412e-01
-5.8316408934011243e-01
-5.7648862976568971e-01
-5.6998920255596619e-01
-5.6351668213285167e-01
-5.5717555729301438e-01
-5.5099400728585102e-01
-5.4483521536571755e-01
-5.3879939296907275e-01
-5.3290829236312864e-01
-5.2704513524083219e-01
-5.2129021470365000e-01
-5.1567033847992994e-01
-5.1007977287294215e-01
-5.0458960098118544e-01
-4.9922103728263256e-01
-4.9388823047262548e-01
-4.8865132751677876e-01
-4.8352024856480635e-01
-4.7843545042606733e-01
-4.7344054004191066e-01
-4.6853705322449135e-01
-4.6369389307838260e-01
-4.5892668995605829e-01
-4.5425130639412559e-01
-4.4964649671908608e-01
-4.4509911945596714e-01
-4.4065278538783509e-01
-4.3628598423824533e-01
-4.3195786281107729e-01
-4.2773106273783146e-01
-4.2359783779285359e-01
-4.1950815418168558e-01
-4.1550255010695386e-01
-4.1159690970332430e-01
-4.0776354541796350e-01
-4.0398605376665103e-01
-4.0030995724279761e-01
-3.9673479497570852e-01
-3.9320691473014613e-01
-3.8977047954888877e-01
-3.8643779030439346e-01
-3.8319202431348265e-01
-3.8001348811417845e-01
-3.7693681341375362e-01
-3.7396787264614306e-01
-3.7107197799717034e-01
-3.6827345846129561e-01
-3.6557951077447726e-01
-3.6299368612411537e-01
-3.6048282355694838e-01
-3.5808841410174347e-01
-3.5580740055258797e-01
-3.5362630258803501e-01
-3.5154457480741730e-01
-3.4959107642423348e-01
-3.4777227870940686e-01
-3.4606647941875379e-01
-3.4451124057109794e-01
-3.4314731147272176e-01
-3.4201622451486136e-01
-3.4114203609665511e-01
0.0000000000000000e+00
4.4377924422453013e-01
3.6295210385578758e-02
1.4534768391059000e+01
];
