%Vec Object:sol 1 MPI processes
%  type: mpi
sol = [
0.0000000000000000e+00
-1.5282347863801231e+00
-1.4877130981172328e+00
-1.4489812640334878e+00
-1.4116487535651365e+00
-1.3760919449705544e+00
-1.3417935604747500e+00
-1.3089282629179113e+00
-1.2771421133873717e+00
-1.2465668626727606e+00
-1.2172017384867029e+00
-1.1884875371211565e+00
-1.1609047205094276e+00
-1.1342148385313717e+00
-1.1081398764120252e+00
-1.0829924952465408e+00
-1.0584786863110804e+00
-1.0345654914113294e+00
-1.0113906521536176e+00
-9.8868896843707044e-01
-9.6656017838086861e-01
-9.4499671053796042e-01
-9.2380799327334873e-01
-9.0316036263423805e-01
-8.8289938230966103e-01
-8.6299390315148117e-01
-8.4357608243512683e-01
-8.2435325521042357e-01
-8.0555033058904713e-01
-7.8704674997249258e-01
-7.6878377812358090e-01
-7.5082315441777880e-01
-7.3298762941169371e-01
-7.1412307619084237e-01
-6.8389015602684866e-01
-6.0617778259611088e-01
-5.0099623641931723e-01
-4.2899487744448178e-01
-3.9588804256380056e-01
-3.8250853449927047e-01
-3.7645205834673784e-01
-3.7288113575690707e-01
-3.7002926340443099e-01
-3.6729020967793496e-01
-3.6444998707775178e-01
-3.6141465886900115e-01
-3.5818976819938214e-01
-3.5478571436287287e-01
-3.5119083314173610e-01
-3.4744387115486391e-01
-3.4355635178123034e-01
-3.3953507487046136e-01
-3.3541323984234889e-01
-3.3119683240840819e-01
-3.2689838187673731e-01
-3.2248722301605115e-01
-3.1801845606074830e-01
-3.1349414772636874e-01
-3.0893138515025431e-01
-3.0434931471219767e-01
-2.9974258246920915e-01
-2.9514158168096399e-01
-2.9054540448197197e-01
-2.8595572809814962e-01
-2.8138371346295254e-01
-2.7684096728244101e-01
-2.7233364735869242e-01
-2.6785688845936045e-01
-2.6341963918144079e-01
-2.5903149203113685e-01
-2.5469099645892496e-01
-2.5039027097533995e-01
-2.4615294034175028e-01
-2.4197507061897461e-01
-2.3784278868052028e-01
-2.3376460941970600e-01
-2.2974629179698328e-01
-2.2578268290741829e-01
-2.2186788355522252e-01
-2.1800199371033971e-01
-2.1419412084477663e-01
-2.1043560491977018e-01
-2.0672242342385855e-01
-2.0304758323652178e-01
-1.9941675024666405e-01
-1.9582574550312878e-01
-1.9226689072839059e-01
-1.8873484855342154e-01
-1.8522196512496389e-01
-1.8173537804039963e-01
-1.7826210849829527e-01
-1.7479474453437610e-01
-1.7132743112106966e-01
-1.6785603243264044e-01
-1.6436533133427481e-01
-1.6084611766219342e-01
-1.5729193967097799e-01
-1.5368544712485796e-01
-1.5001989403783975e-01
0.0000000000000000e+00
4.9370062821067678e-01
3.5707869264049570e-02
7.0781784583373337e+00
];
