%Vec Object:sol 1 MPI processes
%  type: mpi
sol = [
0.0000000000000000e+00
-4.3344720732960740e-06
-4.2991919913436672e-06
-4.4381644352408097e-06
-4.5272523192061240e-06
-4.5638799762860327e-06
-4.5604580331464312e-06
-4.5559167957506320e-06
-4.5389229073839974e-06
-4.5171838176319999e-06
-4.4935266271148581e-06
-4.4634558706086160e-06
-4.4332451008306597e-06
-4.4008178579626844e-06
-4.3666061004799013e-06
-4.3320011595120440e-06
-4.2955515655799317e-06
-4.2586529263643607e-06
-4.2212166175602072e-06
-4.1826247936193607e-06
-4.1438289095725271e-06
-4.1043758853388459e-06
-4.0643390517241061e-06
-4.0240435832289227e-06
-3.9830912787000735e-06
-3.9417757462340987e-06
-3.9001671076344054e-06
-3.8579303827328472e-06
-3.8153998376592543e-06
-3.7725091521039763e-06
-3.7290845233305325e-06
-3.6853321912780577e-06
-3.6411676131398177e-06
-3.5965123087494285e-06
-3.5514796801842375e-06
-3.5059969004255440e-06
-3.4600598193482332e-06
-3.4141390881796815e-06
-3.3723714591910729e-06
-3.3756231799374197e-06
-3.8129935202873826e-06
-8.8074543765997599e-06
-5.7416613179844181e-05
-4.4215630822471298e-04
-3.2153814273320038e-03
-2.0271599703332067e-02
-8.3935133094059894e-02
-1.7352607494520336e-01
-2.2387664821401809e-01
-2.4261106669762311e-01
-2.4784295398954678e-01
-2.4764471832729187e-01
-2.4530118706532941e-01
-2.4205016787086092e-01
-2.3840793403812174e-01
-2.3472289425476589e-01
-2.3098531230748781e-01
-2.2721896362609906e-01
-2.2348547260977328e-01
-2.1973918855867433e-01
-2.1598804131097710e-01
-2.1230672707254708e-01
-2.0865635662551468e-01
-2.0501392965089058e-01
-2.0137199459952179e-01
-1.9777229023246423e-01
-1.9419209563235013e-01
-1.9060101319243106e-01
-1.8703601622912822e-01
-1.8350046801189820e-01
-1.7995258945683090e-01
-1.7641505158721771e-01
-1.7290559748947140e-01
-1.6941662276850719e-01
-1.6592408078149815e-01
-1.6242635132942365e-01
-1.5894709009173744e-01
-1.5548159004221396e-01
-1.5201011150393023e-01
-1.4851494605187809e-01
-1.4503728784591138e-01
-1.4157210794650588e-01
-1.3810157577023804e-01
-1.3461538433938794e-01
-1.3112922035393648e-01
-1.2764378360729112e-01
-1.2415225239791816e-01
-1.2065085592066492e-01
-1.1712779339267561e-01
-1.1358297138392148e-01
-1.1000407188345153e-01
-1.0644540732387940e-01
-1.0286986870998120e-01
-9.9278504373263701e-02
-9.5659433183320861e-02
-9.1971144116085174e-02
-8.8278855997388703e-02
-8.4584654674514440e-02
-8.0864062087004668e-02
0.0000000000000000e+00
9.2936049597654879e-01
2.6870974199983719e-02
5.1282204543381937e-01
];
