%Vec Object:sol 1 MPI processes
%  type: mpi
sol = [
0.0000000000000000e+00
-2.1510938521653302e+00
-2.0361299187204707e+00
-1.8478671233093380e+00
-1.6161222540253777e+00
-1.4409657805434648e+00
-1.2933029654306063e+00
-1.1698345115187758e+00
-1.0611246420237630e+00
-9.7830689755538625e-01
-9.1325365358121746e-01
-8.5732102105712960e-01
-8.0135163760348482e-01
-7.3728965195834750e-01
-6.7240217307665850e-01
-6.0256559930938614e-01
-5.4086432950329966e-01
-4.8261864223250378e-01
-4.3623696715243032e-01
-3.9642847119095664e-01
-3.6576120674420992e-01
-3.4105670166815011e-01
-3.2191097441324579e-01
-3.0701041956021619e-01
-2.9520601263602886e-01
-2.8587778184525198e-01
-2.7828384575284992e-01
-2.7182679246419245e-01
-2.6637479884690812e-01
-2.6142300826026355e-01
-2.5701861716434687e-01
-2.5289861644705336e-01
-2.4908938226292351e-01
-2.4553284136635575e-01
-2.4213940292342556e-01
-2.3896684609306859e-01
-2.3594962520118118e-01
-2.3306935629238676e-01
-2.3035024169803026e-01
-2.2775823584617003e-01
-2.2527371626858342e-01
-2.2291077353806921e-01
-2.2063644926968951e-01
-2.1845949994896061e-01
-2.1637470512587995e-01
-2.1434192947800629e-01
-2.1238585965415674e-01
-2.1050073579927397e-01
-2.0866071258122493e-01
-2.0686115357194348e-01
-2.0511712527691409e-01
-2.0340919402191240e-01
-2.0174115992268399e-01
-2.0009605902982772e-01
-1.9847294800509632e-01
-1.9688593910340657e-01
-1.9532029841547438e-01
-1.9376424440714651e-01
-1.9222571360500981e-01
-1.9070136501159726e-01
-1.8917534487035542e-01
-1.8767489414495506e-01
-1.8618204281798578e-01
-1.8468644758924074e-01
-1.8319097506027063e-01
-1.8170368485532354e-01
-1.8021917568548337e-01
-1.7872466504160769e-01
-1.7722700447740322e-01
-1.7572994172806217e-01
-1.7422351359764368e-01
-1.7269766048692797e-01
-1.7117469029989893e-01
-1.6964622531322698e-01
-1.6809355864339426e-01
-1.6652331712818824e-01
-1.6494133748816348e-01
-1.6334067201388433e-01
-1.6171223942211338e-01
-1.6005307527091775e-01
-1.5837448058203465e-01
-1.5666586161769960e-01
-1.5492109638655818e-01
-1.5313075309644028e-01
-1.5130108779193541e-01
-1.4942617199620953e-01
-1.4749683269748259e-01
-1.4550534555108907e-01
-1.4343963750160152e-01
-1.4130438073495655e-01
-1.3908183440542349e-01
-1.3676330534674494e-01
-1.3433454469010284e-01
-1.3178352523548784e-01
-1.2908385482800336e-01
-1.2621230150100737e-01
-1.2314928143733801e-01
-1.1985579977350035e-01
-1.1629432203086584e-01
0.0000000000000000e+00
5.9378065544405545e-01
3.3721354397102353e-02
2.2141766041412585e+00
];
