%Vec Object:sol 1 MPI processes
%  type: mpi
sol = [
0.0000000000000000e+00
-9.2274412849962628e-01
-9.0814592970096242e-01
-8.9413472540359773e-01
-8.8032311409044195e-01
-8.6722222811039451e-01
-8.5442639382911068e-01
-8.4199672696640493e-01
-8.3005391380622962e-01
-8.1841433711912859e-01
-8.0714354221060691e-01
-7.9620639299820961e-01
-7.8555319618932629e-01
-7.7519746093568165e-01
-7.6520836064841602e-01
-7.5540696080035519e-01
-7.4585367897051380e-01
-7.3667848668787228e-01
-7.2760116057428925e-01
-7.1877533290921403e-01
-7.1028907548745823e-01
-7.0185153809327505e-01
-6.9368620836773898e-01
-6.8579727456461848e-01
-6.7794210105916553e-01
-6.7035618794046858e-01
-6.6299909492356146e-01
-6.5566579331775388e-01
-6.4859231968346232e-01
-6.4170206971114707e-01
-6.3484918295119486e-01
-6.2823232975164656e-01
-6.2176542817229274e-01
-6.1534582153946593e-01
-6.0913872626532206e-01
-6.0306092215773166e-01
-5.9703148061038336e-01
-5.9119462648753229e-01
-5.8547611199571226e-01
-5.7980041902210488e-01
-5.7430033485181431e-01
-5.6891513443143527e-01
-5.6356223239025560e-01
-5.5837040253955172e-01
-5.5329585327760800e-01
-5.4823940782760017e-01
-5.4333153470397666e-01
-5.3854789923128465e-01
-5.3376545930590524e-01
-5.2912081392056298e-01
-5.2460679306966151e-01
-5.2008338106567431e-01
-5.1568429872379129e-01
-5.1140804696197550e-01
-5.0714390912327134e-01
-5.0297481302994629e-01
-4.9892113495443391e-01
-4.9490415190508785e-01
-4.9095220028039410e-01
-4.8710923900694353e-01
-4.8332129107085381e-01
-4.7958257653934494e-01
-4.7594029332328164e-01
-4.7236770719422883e-01
-4.6883700075768614e-01
-4.6538688137185075e-01
-4.6202149873568088e-01
-4.5868052810010396e-01
-4.5542586934786100e-01
-4.5225231155834578e-01
-4.4910107557187096e-01
-4.4603054383680579e-01
-4.4303882157575991e-01
-4.4008232144354364e-01
-4.3718469185215725e-01
-4.3437110096492321e-01
-4.3160964398307194e-01
-4.2888092861205174e-01
-4.2623385694131644e-01
-4.2366484432954316e-01
-4.2110776240547881e-01
-4.1862425565419403e-01
-4.1621867678626673e-01
-4.1384715746249284e-01
-4.1153282553856374e-01
-4.0928644439917095e-01
-4.0709434480955359e-01
-4.0493996838797031e-01
-4.0285978982867310e-01
-4.0084767485005213e-01
-3.9885035648489681e-01
-3.9692598345238245e-01
-3.9507352834670117e-01
-3.9325891608483765e-01
-3.9149020393287648e-01
-3.8979138553440174e-01
-3.8815034244439200e-01
-3.8654126910049419e-01
-3.8500263484594216e-01
0.0000000000000000e+00
4.2979099642799456e-01
3.6295210385578758e-02
1.4534768391059000e+01
];
