%Vec Object:sol 1 MPI processes
%  type: mpi
sol = [
0.0000000000000000e+00
-1.3462304913816794e+00
-1.3155279282978867e+00
-1.2857773870758704e+00
-1.2573530880844375e+00
-1.2300133876272226e+00
-1.2034647499060303e+00
-1.1781294183571367e+00
-1.1533906868455068e+00
-1.1296139678865478e+00
-1.1066369890940961e+00
-1.0842044773920763e+00
-1.0626377184647917e+00
-1.0415490972823507e+00
-1.0211471129325045e+00
-1.0012760873414273e+00
-9.8190699754994093e-01
-9.6306668734026668e-01
-9.4470675758434985e-01
-9.2677287584408696e-01
-9.0922655221718229e-01
-8.9217184461543131e-01
-8.7534382322029125e-01
-8.5902271132878272e-01
-8.4291058182936751e-01
-8.2718800445591378e-01
-8.1176558179179914e-01
-7.9658731914517533e-01
-7.8169492711047062e-01
-7.6708899776820672e-01
-7.5266540376051405e-01
-7.3850940186558134e-01
-7.2456591047389196e-01
-7.1080305564425939e-01
-6.9724650535100818e-01
-6.8388657066209324e-01
-6.7065027743194428e-01
-6.5763142867970892e-01
-6.4471506113092192e-01
-6.3197625748276942e-01
-6.1931076944895225e-01
-6.0674253276748702e-01
-5.9378863724074549e-01
-5.7876173496684979e-01
-5.5506413010288058e-01
-5.1214000866418596e-01
-4.5502856748342180e-01
-4.0451233251112240e-01
-3.7206484454188271e-01
-3.5479109481106341e-01
-3.4565370260312334e-01
-3.4032209647591949e-01
-3.3668906516700148e-01
-3.3375999175021898e-01
-3.3108207543037793e-01
-3.2845506442475592e-01
-3.2578942741308459e-01
-3.2303500975546673e-01
-3.2018129919856936e-01
-3.1723536240906042e-01
-3.1418396259478032e-01
-3.1105177055835548e-01
-3.0783703395173440e-01
-3.0454136839754686e-01
-3.0117616814024795e-01
-2.9775250694661037e-01
-2.9427894469495813e-01
-2.9075282008091968e-01
-2.8718365597332413e-01
-2.8358373412299437e-01
-2.7995545878103495e-01
-2.7629266046791551e-01
-2.7262157222547140e-01
-2.6889596467011456e-01
-2.6514438093064280e-01
-2.6137995968692523e-01
-2.5761092706059713e-01
-2.5383533796634711e-01
-2.5005126877488593e-01
-2.4626278157983356e-01
-2.4248099606099402e-01
-2.3870063321111992e-01
-2.3492120736147110e-01
-2.3113898850175321e-01
-2.2736188420033848e-01
-2.2358843585256055e-01
-2.1981355284851464e-01
-2.1603450173501554e-01
-2.1224646479840947e-01
-2.0845854968509844e-01
-2.0466016052043165e-01
-2.0084437976685229e-01
-1.9700786783907590e-01
-1.9314791476087648e-01
-1.8925088027440587e-01
-1.8530953771927924e-01
-1.8131718203073610e-01
-1.7725722970884999e-01
-1.7312404108319535e-01
0.0000000000000000e+00
4.8186583175290360e-01
3.5949901742768117e-02
9.1415038277848222e+00
];
