%Vec Object:sol 1 MPI processes
%  type: mpi
sol = [
0.0000000000000000e+00
-1.0147839412046604e+00
-9.9671667885096904e-01
-9.7923298631123878e-01
-9.6242819601054541e-01
-9.4614438120818745e-01
-9.3042734573352592e-01
-9.1511109398043322e-01
-9.0037640160329990e-01
-8.8602207121472465e-01
-8.7217743586782137e-01
-8.5868400881114193e-01
-8.4551791887378880e-01
-8.3284526474642961e-01
-8.2035897184221940e-01
-8.0832814489882687e-01
-7.9654960794754104e-01
-7.8502903314602379e-01
-7.7393179207423035e-01
-7.6289776128593056e-01
-7.5225059745901868e-01
-7.4182395111069765e-01
-7.3156581769398188e-01
-7.2165990348203424e-01
-7.1180322957747322e-01
-7.0222652172527322e-01
-6.9287490950456565e-01
-6.8360194253625317e-01
-6.7460761088148158e-01
-6.6571353346598650e-01
-6.5697310202252557e-01
-6.4844083782405182e-01
-6.3998703241417776e-01
-6.3170745988199528e-01
-6.2355023191105574e-01
-6.1550911901387717e-01
-6.0762479100141031e-01
-5.9979682602595508e-01
-5.9211343685672069e-01
-5.8454333575789041e-01
-5.7703071962999564e-01
-5.6965773253119800e-01
-5.6235199010411985e-01
-5.5512150125550752e-01
-5.4801622207834588e-01
-5.4094218151161655e-01
-5.3395215401842888e-01
-5.2707656019137872e-01
-5.2020508454581882e-01
-5.1341864831335815e-01
-5.0673453498869281e-01
-5.0004348564164203e-01
-4.9342776577566966e-01
-4.8690026553055948e-01
-4.8036963909314867e-01
-4.7389491399224304e-01
-4.6749565697588963e-01
-4.6110340546307271e-01
-4.5474264048050850e-01
-4.4844576617215881e-01
-4.4216468816634108e-01
-4.3589980011737683e-01
-4.2968179059103423e-01
-4.2348905581558965e-01
-4.1730106949344226e-01
-4.1114053471841577e-01
-4.0501865319334707e-01
-3.9887770884004425e-01
-3.9276486772877578e-01
-3.8667401882018554e-01
-3.8058488715951566e-01
-3.7449790215608031e-01
-3.6842723723840382e-01
-3.6237214296099679e-01
-3.5629742808313902e-01
-3.5023539971299861e-01
-3.4418357578528208e-01
-3.3814190334947680e-01
-3.3208177652291648e-01
-3.2604315392443661e-01
-3.2002799230988788e-01
-3.1404662813547668e-01
-3.0808788303371692e-01
-3.0220319982540755e-01
-2.9641093006607638e-01
-2.9071752282937591e-01
-2.8510518222663739e-01
-2.7954650080619275e-01
-2.7398206883542814e-01
-2.6833523545538512e-01
-2.6255392786976905e-01
-2.5662301689569389e-01
-2.5062816701370844e-01
-2.4468752184763923e-01
-2.3893203419418627e-01
-2.3348755231702337e-01
-2.2843163723166315e-01
-2.2382221075246642e-01
-2.1969135835536061e-01
0.0000000000000000e+00
4.5738780961183967e-01
3.6295210385578758e-02
1.4534768391059000e+01
];
