%Vec Object:sol 1 MPI processes
%  type: mpi
sol = [
0.0000000000000000e+00
-9.5663253279344584e-01
-9.4057672054070707e-01
-9.2520530812885771e-01
-9.1005234614007002e-01
-8.9567249689896078e-01
-8.8159323924738975e-01
-8.6797722057952675e-01
-8.5489084286952755e-01
-8.4203440288817866e-01
-8.2969824101550671e-01
-8.1767981277124469e-01
-8.0591074322558121e-01
-7.9458319260625043e-01
-7.8350517067335079e-01
-7.7273104581753005e-01
-7.6228030887998610e-01
-7.5201629444446405e-01
-7.4207398456470319e-01
-7.3240211498510221e-01
-7.2285850748315794e-01
-7.1362046341503371e-01
-7.0459950638027136e-01
-6.9574191196025714e-01
-6.8712659839138102e-01
-6.7868155768571137e-01
-6.7042362638350761e-01
-6.6236196220464660e-01
-6.5443055994387134e-01
-6.4669047509707001e-01
-6.3913426312447807e-01
-6.3166468125367214e-01
-6.2438581088325051e-01
-6.1728196579751327e-01
-6.1023183031728589e-01
-6.0337028479252364e-01
-5.9665652148787107e-01
-5.9000477204156598e-01
-5.8352244565311551e-01
-5.7716601039350512e-01
-5.7087460471099538e-01
-5.6473915615985393e-01
-5.5871263466640397e-01
-5.5274979331151930e-01
-5.4693394445363930e-01
-5.4121450041511032e-01
-5.3555384281453289e-01
-5.3003477175363067e-01
-5.2460356004444009e-01
-5.1922339719532251e-01
-5.1397818033768816e-01
-5.0882402143186833e-01
-5.0370682578472348e-01
-4.9871609368389125e-01
-4.9383099281741893e-01
-4.8896284904534298e-01
-4.8421420794317205e-01
-4.7957670495550375e-01
-4.7495903017199670e-01
-4.7044262416808724e-01
-4.6603642753195501e-01
-4.6167088914127880e-01
-4.5738034548965290e-01
-4.5319620140562555e-01
-4.4908292460712623e-01
-4.4501437333785943e-01
-4.4104946356176722e-01
-4.3717664254355765e-01
-4.3333855321375753e-01
-4.2959228503411651e-01
-4.2594590402563953e-01
-4.2234646623851135e-01
-4.1882589821976179e-01
-4.1539844546312582e-01
-4.1204342708537828e-01
-4.0875234803827742e-01
-4.0555250282980693e-01
-4.0244579961551669e-01
-3.9938116478990254e-01
-3.9641535708878622e-01
-3.9354296705190134e-01
-3.9073488873074508e-01
-3.8800176365569594e-01
-3.8536796734390688e-01
-3.8283005508592022e-01
-3.8033610512418847e-01
-3.7794286028238822e-01
-3.7565001252549896e-01
-3.7343406783895389e-01
-3.7129081567168110e-01
-3.6924681296026990e-01
-3.6730518942746998e-01
-3.6542524122141984e-01
-3.6364755614314831e-01
-3.6197320501405933e-01
-3.6039785724277257e-01
-3.5891798379127576e-01
-3.5757946131687063e-01
-3.5641025098144807e-01
0.0000000000000000e+00
4.4022544180044515e-01
3.6295210385578758e-02
1.4534768391059000e+01
];
