%Vec Object:sol 1 MPI processes
%  type: mpi
sol = [
0.0000000000000000e+00
-9.4532232153281892e-01
-9.2970236076243473e-01
-9.1463527561151470e-01
-9.0018700813407404e-01
-8.8607938038723688e-01
-8.7244113282605329e-01
-8.5930699283391754e-01
-8.4646603029658773e-01
-8.3414666398309922e-01
-8.2212652619444981e-01
-8.1037871503241776e-01
-7.9915162636404458e-01
-7.8803421209130209e-01
-7.7730776588397255e-01
-7.6694686378332011e-01
-7.5669517155195509e-01
-7.4684189431831804e-01
-7.3721650247111392e-01
-7.2774433950834927e-01
-7.1864427157044641e-01
-7.0965121152305843e-01
-7.0088202788452969e-01
-6.9243759924843362e-01
-6.8401537038859794e-01
-6.7586050055374813e-01
-6.6796940016778572e-01
-6.6008802414651513e-01
-6.5247513174988347e-01
-6.4505964985808972e-01
-6.3768520278005392e-01
-6.3055351991522146e-01
-6.2356968335949492e-01
-6.1665077206869334e-01
-6.0994955902977344e-01
-6.0336296766766984e-01
-5.9685314355627361e-01
-5.9053992106228803e-01
-5.8432085001795386e-01
-5.7818114154024258e-01
-5.7222020603609813e-01
-5.6634301245091867e-01
-5.6054074304869772e-01
-5.5490213739730276e-01
-5.4934486006506922e-01
-5.4385265833032970e-01
-5.3851129606171266e-01
-5.3325519310055658e-01
-5.2805019824557364e-01
-5.2298516712795229e-01
-5.1801026676231843e-01
-5.1307765297716368e-01
-5.0827169312447962e-01
-5.0356058455190655e-01
-4.9888894827796915e-01
-4.9432792635111439e-01
-4.8986929628892012e-01
-4.8544639693576702e-01
-4.8111895217151901e-01
-4.7690368222534268e-01
-4.7271294144412246e-01
-4.6861701948057621e-01
-4.6462181299759225e-01
-4.6066769723246714e-01
-4.5679998881334033e-01
-4.5301832113123464e-01
-4.4929621525356539e-01
-4.4564157934341364e-01
-4.4207960967422466e-01
-4.3858616865148392e-01
-4.3513988676575299e-01
-4.3179027822540444e-01
-4.2852760636205112e-01
-4.2528994589141045e-01
-4.2214498490647373e-01
-4.1909329958257541e-01
-4.1608816449290936e-01
-4.1314780713667570e-01
-4.1029967809567375e-01
-4.0752847304102696e-01
-4.0479921440077477e-01
-4.0215569831317072e-01
-3.9960258446523439e-01
-3.9709340459926856e-01
-3.9466373052538328e-01
-3.9231610787669141e-01
-3.9003722058558787e-01
-3.8781611821328626e-01
-3.8568424455949868e-01
-3.8363610559675720e-01
-3.8162730448696974e-01
-3.7970420156887985e-01
-3.7786978773494639e-01
-3.7610252533099181e-01
-3.7439300706193429e-01
-3.7277342688355619e-01
-3.7124688443387188e-01
-3.6977450608937917e-01
-3.6840659977791385e-01
0.0000000000000000e+00
4.3669574628964397e-01
3.6295210385578758e-02
1.4534768391059000e+01
];
