%Vec Object:sol 1 MPI processes
%  type: mpi
sol = [
0.0000000000000000e+00
-1.0407412925316479e+00
-1.0221976956756103e+00
-1.0042609807746046e+00
-9.8685254658280985e-01
-9.7025776022498789e-01
-9.5385422594738756e-01
-9.3828647963067346e-01
-9.2293865875510162e-01
-9.0819191191753323e-01
-8.9387634041966157e-01
-8.7986407167092873e-01
-8.6635010924647093e-01
-8.5311844612983478e-01
-8.4032408142515891e-01
-8.2775798322954885e-01
-8.1556335137569447e-01
-8.0360994456104651e-01
-7.9201045468669606e-01
-7.8062647113668060e-01
-7.6949182391345561e-01
-7.5869108343893921e-01
-7.4796283061957325e-01
-7.3759140295231818e-01
-7.2735145617923658e-01
-7.1731851664570179e-01
-7.0756935609938976e-01
-6.9784809700446249e-01
-6.8841202893643794e-01
-6.7910829966790343e-01
-6.6993162288313257e-01
-6.6097668619886440e-01
-6.5209252312060251e-01
-6.4338497106084036e-01
-6.3479456874670848e-01
-6.2632914515776006e-01
-6.1801450241610911e-01
-6.0975118529360617e-01
-6.0164741365907826e-01
-5.9362400322730791e-01
-5.8569149011294241e-01
-5.7789815233363928e-01
-5.7012857559658070e-01
-5.6247641651933322e-01
-5.5494086176164259e-01
-5.4739982935204867e-01
-5.3998426816844869e-01
-5.3265007868106784e-01
-5.2532361149105777e-01
-5.1810446575632474e-01
-5.1094001462951322e-01
-5.0379396111638830e-01
-4.9673465601531380e-01
-4.8970965401672373e-01
-4.8271278662330491e-01
-4.7577937506406132e-01
-4.6886831337680324e-01
-4.6198770188028498e-01
-4.5514812443771496e-01
-4.4832598791266925e-01
-4.4152338398319868e-01
-4.3475332457325805e-01
-4.2799493348020179e-01
-4.2123572576930152e-01
-4.1450779771395285e-01
-4.0778653815213817e-01
-4.0103881922059043e-01
-3.9430979056505028e-01
-3.8758644515702706e-01
-3.8082591133550642e-01
-3.7404783212453302e-01
-3.6725851043380420e-01
-3.6043742388377253e-01
-3.5354344845280139e-01
-3.4660961108492555e-01
-3.3960513645354118e-01
-3.3242468086878280e-01
-3.2484533449122599e-01
-3.1654579714327630e-01
-3.0720257486199870e-01
-2.9683886453308439e-01
-2.8595332257048922e-01
-2.7531754181437129e-01
-2.6554040020340963e-01
-2.5674010421003290e-01
-2.4901493561173532e-01
-2.4232549883119933e-01
-2.3648372287522804e-01
-2.3129572286738634e-01
-2.2660509664336481e-01
-2.2226893769191958e-01
-2.1817085418228013e-01
-2.1423079211423635e-01
-2.1038442917895239e-01
-2.0657209842283450e-01
-2.0275374169672758e-01
-1.9889211521369668e-01
-1.9494991558794855e-01
-1.9090948319716361e-01
0.0000000000000000e+00
4.6223376848849501e-01
3.6283721017351937e-02
1.4279952324929928e+01
];
