%Vec Object:sol 1 MPI processes
%  type: mpi
sol = [
0.0000000000000000e+00
-9.2778103734550299e-01
-9.1305225498273601e-01
-8.9872416996641413e-01
-8.8479198247820190e-01
-8.7157317630555142e-01
-8.5847934072075704e-01
-8.4593999058369518e-01
-8.3388853763178927e-01
-8.2196807893691470e-01
-8.1059607694448588e-01
-7.9950423482670996e-01
-7.8864034952026307e-01
-7.7819046410776238e-01
-7.6800232121146605e-01
-7.5805652260824619e-01
-7.4841486950616631e-01
-7.3901144624174442e-01
-7.2983769008374677e-01
-7.2092838338730725e-01
-7.1221230802916802e-01
-7.0369531614330993e-01
-6.9545003352126389e-01
-6.8734143891148269e-01
-6.7940977853968409e-01
-6.7174689451614289e-01
-6.6417958415442369e-01
-6.5677239407814136e-01
-6.4962455485529702e-01
-6.4253293545783108e-01
-6.3560858198371906e-01
-6.2891977452801240e-01
-6.2225991103841327e-01
-6.1577104076167388e-01
-6.0949172920893802e-01
-6.0323192333412701e-01
-5.9713571951581690e-01
-5.9122822948640830e-01
-5.8533651491458949e-01
-5.7959628640220096e-01
-5.7403041275514455e-01
-5.6847695786018015e-01
-5.6306172280190081e-01
-5.5780701014536760e-01
-5.5257038282430604e-01
-5.4745331914016415e-01
-5.4248435344168500e-01
-5.3754534886687555e-01
-5.3270412147047097e-01
-5.2800029104627211e-01
-5.2333751629661618e-01
-5.1875728765254292e-01
-5.1430109906752453e-01
-5.0989541999046606e-01
-5.0556432380683847e-01
-5.0134095389470257e-01
-4.9717909003589805e-01
-4.9308396413233146e-01
-4.8908091334961801e-01
-4.8515153349095269e-01
-4.8127426519478067e-01
-4.7748803676037160e-01
-4.7378161207363273e-01
-4.7010884962663096e-01
-4.6653476181031361e-01
-4.6304188051719403e-01
-4.5956705241836016e-01
-4.5618705791637398e-01
-4.5289417441410978e-01
-4.4962784881280299e-01
-4.4643433657047971e-01
-4.4333102977945632e-01
-4.4027410196268935e-01
-4.3726232822889988e-01
-4.3433797655563139e-01
-4.3148663552650429e-01
-4.2865800422989603e-01
-4.2590925562147280e-01
-4.2324370157241109e-01
-4.2060468863232520e-01
-4.1803450175236717e-01
-4.1553971037087750e-01
-4.1309249207163190e-01
-4.1069733600651664e-01
-4.0837976789686292e-01
-4.0612177107685382e-01
-4.0389505742436188e-01
-4.0174602915164226e-01
-3.9967346157501055e-01
-3.9762711390708888e-01
-3.9564380065469856e-01
-3.9373592489930087e-01
-3.9188017235433953e-01
-3.9006894576762741e-01
-3.8832626388317704e-01
-3.8665474856828247e-01
-3.8500808372029938e-01
-3.8343551576732982e-01
-3.8193702133410773e-01
0.0000000000000000e+00
4.3136587219555983e-01
3.6295210385578758e-02
1.4534768391059000e+01
];
