%Vec Object:sol 1 MPI processes
%  type: mpi
sol = [
0.0000000000000000e+00
-9.2552682245988216e-01
-9.1086231640084214e-01
-8.9667877511259497e-01
-8.8280515608854948e-01
-8.6964314152940558e-01
-8.5668394766949862e-01
-8.4419677416118366e-01
-8.3219658561825538e-01
-8.2040191816610863e-01
-8.0907718027553832e-01
-7.9808578223852100e-01
-7.8728508120108354e-01
-7.7687809252029605e-01
-7.6680243393320346e-01
-7.5689677452016890e-01
-7.4729523154133193e-01
-7.3799834870278080e-01
-7.2886235079471962e-01
-7.1999091160996576e-01
-7.1137623499662128e-01
-7.0289515453217910e-01
-6.9468591805317348e-01
-6.8667408466640367e-01
-6.7877684350420620e-01
-6.7114854619253295e-01
-6.6367372056264073e-01
-6.5629971786465158e-01
-6.4918525022795870e-01
-6.4218215869785689e-01
-6.3528986496248774e-01
-6.2863330615189394e-01
-6.2205822914673448e-01
-6.1560042574774443e-01
-6.0935482990828982e-01
-6.0317332114588140e-01
-5.9710682138037896e-01
-5.9123260777476461e-01
-5.8541468087336246e-01
-5.7970301878833408e-01
-5.7416667483177553e-01
-5.6868616472322098e-01
-5.6329835869077471e-01
-5.5807135321784840e-01
-5.5290546270382679e-01
-5.4781518199480483e-01
-5.4287323080299743e-01
-5.3800212218479471e-01
-5.3318695317556641e-01
-5.2850937727788405e-01
-5.2391167779657499e-01
-5.1935671838304920e-01
-5.1492594517855494e-01
-5.1058248153354402e-01
-5.0627575551215531e-01
-5.0207682969471801e-01
-4.9797425899909048e-01
-4.9390244681168333e-01
-4.8992269430443919e-01
-4.8604963091683051e-01
-4.8219441441318706e-01
-4.7843013194968703e-01
-4.7476245459104760e-01
-4.7112434261197839e-01
-4.6757010513376918e-01
-4.6409676828021484e-01
-4.6067020643874518e-01
-4.5730806253515083e-01
-4.5403264754974515e-01
-4.5081089865157753e-01
-4.4763302725999393e-01
-4.4454492276807228e-01
-4.4152875765239730e-01
-4.3853019813974103e-01
-4.3561851678938968e-01
-4.3279158940732371e-01
-4.2998561611344210e-01
-4.2724634210113366e-01
-4.2458955983355384e-01
-4.2198140086303054e-01
-4.1941758336308421e-01
-4.1692833648879690e-01
-4.1450741469718472e-01
-4.1211524568025482e-01
-4.0979975226510357e-01
-4.0755337724297097e-01
-4.0533577780070124e-01
-4.0318478534725249e-01
-4.0110922370272134e-01
-3.9907772705564792e-01
-3.9708851666034317e-01
-3.9517364068048755e-01
-3.9332769736126427e-01
-3.9150647886027118e-01
-3.8975259814113999e-01
-3.8807007790626996e-01
-3.8642448142229435e-01
-3.8483574903702805e-01
-3.8331935826953567e-01
0.0000000000000000e+00
4.3068167809964453e-01
3.6295210385578758e-02
1.4534768391059000e+01
];
