%Vec Object:sol 1 MPI processes
%  type: mpi
sol = [
0.0000000000000000e+00
-1.7234594661611697e+00
-1.6705673288384406e+00
-1.6201517578534064e+00
-1.5719139961010047e+00
-1.5260414465267385e+00
-1.4818961408683649e+00
-1.4398011490431257e+00
-1.3993279231871611e+00
-1.3603614954872765e+00
-1.3228700972770167e+00
-1.2865134865496468e+00
-1.2515510237085952e+00
-1.2177337467277525e+00
-1.1848280232367399e+00
-1.1529976446486099e+00
-1.1219993408922340e+00
-1.0919282212154613e+00
-1.0625826275937005e+00
-1.0338978215200592e+00
-1.0060070062712565e+00
-9.7867747629276491e-01
-9.5189299864773858e-01
-9.2575299775619713e-01
-8.9999839429121420e-01
-8.7407961765743680e-01
-8.2947245716723816e-01
-6.5705336232883760e-01
-4.9184595814979709e-01
-4.2952610259829693e-01
-4.1319294737463375e-01
-4.0829069694193820e-01
-4.0574013861277913e-01
-4.0334219511399305e-01
-4.0054584214452510e-01
-3.9732435076101480e-01
-3.9364996818644921e-01
-3.8957418212740730e-01
-3.8517530072946388e-01
-3.8047612193386110e-01
-3.7552366687118621e-01
-3.7035106122486144e-01
-3.6495928853089826e-01
-3.5942581134190188e-01
-3.5378400365415552e-01
-3.4803517329872047e-01
-3.4223471801805949e-01
-3.3641086777584372e-01
-3.3056097290038250e-01
-3.2472466550213958e-01
-3.1892229599646432e-01
-3.1315666035096895e-01
-3.0745754585216245e-01
-3.0182624264324037e-01
-2.9627059428105651e-01
-2.9081153515401553e-01
-2.8545255004666553e-01
-2.8018842366312569e-01
-2.7502996477449820e-01
-2.6998552268245962e-01
-2.6504197297397375e-01
-2.6022332899714251e-01
-2.5551816999670290e-01
-2.5091883888984290e-01
-2.4642817937229036e-01
-2.4205082460419422e-01
-2.3778353589581669e-01
-2.3361333166960727e-01
-2.2954308827238162e-01
-2.2557506086863832e-01
-2.2169989874294280e-01
-2.1790424280204845e-01
-2.1420660190940349e-01
-2.1059718233190997e-01
-2.0705640013998819e-01
-2.0358831611509248e-01
-2.0019512131530551e-01
-1.9686774833660839e-01
-1.9359606473478480e-01
-1.9037622779822358e-01
-1.8721548532718621e-01
-1.8410205486848411e-01
-1.8102898361805975e-01
-1.7798642772828713e-01
-1.7497853208232114e-01
-1.7199891123900793e-01
-1.6903799180854234e-01
-1.6608837940687071e-01
-1.6313987363484928e-01
-1.6019813356797322e-01
-1.5724793824537248e-01
-1.5428109549831390e-01
-1.5128900820718783e-01
-1.4826538109225768e-01
-1.4519208061297914e-01
-1.4205668475927702e-01
-1.3885053987697532e-01
-1.3555239231168156e-01
-1.3215043948676103e-01
0.0000000000000000e+00
5.0919936594733339e-01
3.5427763040381047e-02
5.5384512292733934e+00
];
