%Vec Object:sol 1 MPI processes
%  type: mpi
sol = [
0.0000000000000000e+00
-9.8151900040927509e-01
-9.6444844715486477e-01
-9.4799950177665637e-01
-9.3214761156885839e-01
-9.1678033500208200e-01
-9.0193124149196935e-01
-8.8748453905680080e-01
-8.7352798337719517e-01
-8.6001744765466503e-01
-8.4687490756917883e-01
-8.3412349445504363e-01
-8.2168078261681821e-01
-8.0962423139591533e-01
-7.9791691261552433e-01
-7.8645598559528274e-01
-7.7533643130208341e-01
-7.6445983079705626e-01
-7.5388192723311365e-01
-7.4359379698849637e-01
-7.3344123503151504e-01
-7.2360498859859013e-01
-7.1397615188492114e-01
-7.0454045112166519e-01
-6.9535324100268403e-01
-6.8630341311259402e-01
-6.7748795010662910e-01
-6.6887155218176919e-01
-6.6033432818954341e-01
-6.5204864195805023e-01
-6.4390143196604599e-01
-6.3586765346969520e-01
-6.2804796566630816e-01
-6.2032247789103090e-01
-6.1273214688722177e-01
-6.0532686035613781e-01
-5.9798021621559561e-01
-5.9078155453646852e-01
-5.8374668449973555e-01
-5.7674287733933893e-01
-5.6989235929571669e-01
-5.6319038291933310e-01
-5.5649899047802320e-01
-5.4995994711892604e-01
-5.4355529685027981e-01
-5.3715505071695824e-01
-5.3089749789400620e-01
-5.2476504162041426e-01
-5.1863336081955069e-01
-5.1263181431222038e-01
-5.0675046227627318e-01
-5.0086881163558361e-01
-4.9510290878711155e-01
-4.8945097458644055e-01
-4.8380920835910030e-01
-4.7826241834258465e-01
-4.7282213060398831e-01
-4.6741405821044130e-01
-4.6207492989403676e-01
-4.5683660051747643e-01
-4.5164980350937167e-01
-4.4651784568885738e-01
-4.4147618468715288e-01
-4.3650498029634877e-01
-4.3158118089664060e-01
-4.2673533887618958e-01
-4.2198203640243348e-01
-4.1725846506242042e-01
-4.1262184446506689e-01
-4.0806884980121461e-01
-4.0357471024524166e-01
-3.9915061281112663e-01
-3.9481347774084524e-01
-3.9056157366837962e-01
-3.8635794056088446e-01
-3.8225280608398576e-01
-3.7824034659163214e-01
-3.7430075881462566e-01
-3.7044066467102577e-01
-3.6668662674046881e-01
-3.6303595732245103e-01
-3.5945465803696380e-01
-3.5597955031848189e-01
-3.5262141835834776e-01
-3.4937979572449396e-01
-3.4621597741985805e-01
-3.4318035335951375e-01
-3.4027666916010874e-01
-3.3750210243397555e-01
-3.3483579152215592e-01
-3.3231845860204845e-01
-3.2996301361087016e-01
-3.2777462565625565e-01
-3.2575816635897858e-01
-3.2396466422290737e-01
-3.2243831992840916e-01
-3.2121970982009951e-01
-3.2034681822085820e-01
-3.1987848493047782e-01
0.0000000000000000e+00
4.4765369298621999e-01
3.6295210385578758e-02
1.4534768391059000e+01
];
