%Vec Object:sol 1 MPI processes
%  type: mpi
sol = [
0.0000000000000000e+00
-9.4995961280920604e-01
-9.3408683772718681e-01
-9.1889609500780411e-01
-9.0415992923769484e-01
-8.8994014240821206e-01
-8.7619136074387893e-01
-8.6278913703418847e-01
-8.4984664291421264e-01
-8.3736078891148369e-01
-8.2515761207012417e-01
-8.1331713001230310e-01
-8.0185057691713180e-01
-7.9064649112070273e-01
-7.7983345156831640e-01
-7.6924547876474547e-01
-7.5891156532857373e-01
-7.4896544383653563e-01
-7.3913487808065204e-01
-7.2958441943159968e-01
-7.2033653651911267e-01
-7.1120729535498861e-01
-7.0236247884755743e-01
-6.9373082461010105e-01
-6.8522300668769898e-01
-6.7699409659046306e-01
-6.6891073499116926e-01
-6.6095663033124585e-01
-6.5326978589387341e-01
-6.4566788886247606e-01
-6.3822043085706071e-01
-6.3101437807868332e-01
-6.2384934556578575e-01
-6.1685671509978846e-01
-6.1006879059759256e-01
-6.0331794831299923e-01
-5.9673399860251852e-01
-5.9032343925413500e-01
-5.8395491738735128e-01
-5.7774024600743579e-01
-5.7167678294185476e-01
-5.6565854141043159e-01
-5.5978022224549473e-01
-5.5403845536760654e-01
-5.4834340255653491e-01
-5.4277399983315344e-01
-5.3733269310319054e-01
-5.3193803194758948e-01
-5.2665478786503750e-01
-5.2149632335169183e-01
-5.1637895513668763e-01
-5.1136730325886393e-01
-5.0647727821195421e-01
-5.0161742771066853e-01
-4.9686636706604853e-01
-4.9222486836360840e-01
-4.8761728292595979e-01
-4.8311454406291215e-01
-4.7870648647265024e-01
-4.7434639697099240e-01
-4.7007605221882293e-01
-4.6590012255163576e-01
-4.6178118567946341e-01
-4.5773260618082606e-01
-4.5378681470238230e-01
-4.4990450962831474e-01
-4.4607321358945656e-01
-4.4234349263504469e-01
-4.3870523484883989e-01
-4.3508863892176675e-01
-4.3157143503162637e-01
-4.2815166515555780e-01
-4.2477432193668974e-01
-4.2146895780607557e-01
-4.1825982898273883e-01
-4.1512445528061226e-01
-4.1203698545296152e-01
-4.0904007242546325e-01
-4.0613747902244451e-01
-4.0327398592521108e-01
-4.0049707515485261e-01
-3.9780863604214722e-01
-3.9518547693682293e-01
-3.9263011524808905e-01
-3.9016696994276867e-01
-3.8778656047421295e-01
-3.8545121395255844e-01
-3.8320973484099674e-01
-3.8106148036760967e-01
-3.7897377660599091e-01
-3.7695576971715844e-01
-3.7503164163518965e-01
-3.7319890873577610e-01
-3.7141624190913586e-01
-3.6972428016102116e-01
-3.6812967965570703e-01
-3.6661461046520266e-01
-3.6518921822194272e-01
-3.6388971668446618e-01
0.0000000000000000e+00
4.3812068186900055e-01
3.6295210385578758e-02
1.4534768391059000e+01
];
