%Vec Object:sol 1 MPI processes
%  type: mpi
sol = [
0.0000000000000000e+00
-9.7063386158481335e-01
-9.5421129210229716e-01
-9.3800531783411201e-01
-9.2253182268564871e-01
-9.0761353096072772e-01
-8.9297548218883493e-01
-8.7907365422362771e-01
-8.6532376010133583e-01
-8.5211580084084737e-01
-8.3937760106931947e-01
-8.2679727438573758e-01
-8.1478376997092128e-01
-8.0295470160836413e-01
-7.9146945892737253e-01
-7.8041300707308336e-01
-7.6944135179742856e-01
-7.5888641955400160e-01
-7.4858120622080759e-01
-7.3843695988907287e-01
-7.2867841023964119e-01
-7.1901586122917061e-01
-7.0961076613255591e-01
-7.0050611932108653e-01
-6.9145569835050269e-01
-6.8269179039661154e-01
-6.7413424203692229e-01
-6.6565772299934745e-01
-6.5745343497802800e-01
-6.4937335482699798e-01
-6.4141700823116199e-01
-6.3370464089756817e-01
-6.2605528432262891e-01
-6.1856152650312224e-01
-6.1127814872143293e-01
-6.0403000731373235e-01
-5.9694788858564296e-01
-5.9003373754799393e-01
-5.8316826297568636e-01
-5.7645439994316239e-01
-5.6987789142036016e-01
-5.6335951325494116e-01
-5.5697767251940544e-01
-5.5071236099932819e-01
-5.4451108460403597e-01
-5.3843118208478513e-01
-5.3245514627075974e-01
-5.2654594390510923e-01
-5.2074327554260880e-01
-5.1503866581356017e-01
-5.0939696351468466e-01
-5.0385573775214842e-01
-4.9840848508946933e-01
-4.9301387476790731e-01
-4.8772266409454418e-01
-4.8252218104759859e-01
-4.7736196075114795e-01
-4.7230973546617588e-01
-4.6734747791529802e-01
-4.6241389976468250e-01
-4.5758611274003513e-01
-4.5284872593562359e-01
-4.4815229806979662e-01
-4.4354118990066566e-01
-4.3902975560443247e-01
-4.3457033537543865e-01
-4.3017570766540769e-01
-4.2588122562374003e-01
-4.2167164621275000e-01
-4.1749684253509117e-01
-4.1342227453120023e-01
-4.0944689871314333e-01
-4.0552128142672805e-01
-4.0167403808099311e-01
-3.9792783207161458e-01
-3.9426966000582070e-01
-3.9066543474672705e-01
-3.8716044988301052e-01
-3.8375959008945337e-01
-3.8042845919700669e-01
-3.7718425307688536e-01
-3.7404301414859059e-01
-3.7100650989237338e-01
-3.6803831780988933e-01
-3.6518146085009062e-01
-3.6243140524921141e-01
-3.5977796883991486e-01
-3.5721733569876135e-01
-3.5477638678518553e-01
-3.5245258848488292e-01
-3.5022121057726130e-01
-3.4810717301216398e-01
-3.4612767029976271e-01
-3.4429086554458954e-01
-3.4256780281978017e-01
-3.4101999458465554e-01
-3.3968206190051137e-01
-3.3859470720535589e-01
-3.3779689173704558e-01
0.0000000000000000e+00
4.4445911000201493e-01
3.6295210385578758e-02
1.4534768391059000e+01
];
