%Vec Object:sol 1 MPI processes
%  type: mpi
sol = [
0.0000000000000000e+00
-9.1813541392229203e-01
-9.0365892473623466e-01
-8.8979928041436218e-01
-8.7624602641426075e-01
-8.6325130188204457e-01
-8.5068169062139587e-01
-8.3839977388170250e-01
-8.2655180346713364e-01
-8.1517054308389003e-01
-8.0398677581056066e-01
-7.9313637924418734e-01
-7.8272635673855684e-01
-7.7245101281219863e-01
-7.6254209580727139e-01
-7.5297080421528528e-01
-7.4349280400826412e-01
-7.3439281244766219e-01
-7.2553427090268241e-01
-7.1677971844197919e-01
-7.0838095962398950e-01
-7.0013532870639372e-01
-6.9203747674253013e-01
-6.8425189550626142e-01
-6.7655942401640068e-01
-6.6903801839101074e-01
-6.6179302979829668e-01
-6.5460201992397560e-01
-6.4759066722889291e-01
-6.4081568178388038e-01
-6.3409154000976231e-01
-6.2753480525202221e-01
-6.2118183259344029e-01
-6.1488282002792949e-01
-6.0873406286792442e-01
-6.0276523292561746e-01
-5.9685243454512960e-01
-5.9107223108083762e-01
-5.8545482311798047e-01
-5.7989507607451474e-01
-5.7444994531356475e-01
-5.6915565033491244e-01
-5.6392053019330335e-01
-5.5878186126266216e-01
-5.5378609851551630e-01
-5.4885115736994106e-01
-5.4399448749827761e-01
-5.3927594863128059e-01
-5.3462012801967629e-01
-5.3002450886477703e-01
-5.2556060726576637e-01
-5.2116996240636637e-01
-5.1681747346126294e-01
-5.1258802080054244e-01
-5.0845118788069521e-01
-5.0432644722635256e-01
-5.0031719014305698e-01
-4.9641463788424833e-01
-4.9251058099974782e-01
-4.8870885675401399e-01
-4.8501187596170492e-01
-4.8133427903634041e-01
-4.7772965879771784e-01
-4.7422447513641147e-01
-4.7076761541741918e-01
-4.6735114975874431e-01
-4.6402950835094620e-01
-4.6077440708612949e-01
-4.5754897563541141e-01
-4.5440389172780554e-01
-4.5134170330172030e-01
-4.4829589318384444e-01
-4.4532795595357577e-01
-4.4243833232859819e-01
-4.3957451123075963e-01
-4.3677920279059501e-01
-4.3405736434609565e-01
-4.3137565590020038e-01
-4.2874091245324764e-01
-4.2618466118345172e-01
-4.2368670495012911e-01
-4.2120916940891734e-01
-4.1880807695418665e-01
-4.1648181499501530e-01
-4.1417373348292458e-01
-4.1192495720883809e-01
-4.0974938918804998e-01
-4.0761379109718715e-01
-4.0552404747794923e-01
-4.0350050252436132e-01
-4.0153324470311169e-01
-3.9959183244757629e-01
-3.9772039079289112e-01
-3.9591782422707489e-01
-3.9413310432209164e-01
-3.9240744263895549e-01
-3.9074981779770812e-01
-3.8913557312387670e-01
-3.8756152808777761e-01
0.0000000000000000e+00
4.2828951853284564e-01
3.6295210385578758e-02
1.4534768391059000e+01
];
