%Vec Object:sol 1 MPI processes
%  type: mpi
sol = [
0.0000000000000000e+00
-9.6717776654760590e-01
-9.5085800349537231e-01
-9.3484557561304626e-01
-9.1945180462465481e-01
-9.0472786713626496e-01
-8.9016213451235726e-01
-8.7633049047524925e-01
-8.6276168498211792e-01
-8.4961820914319330e-01
-8.3705174528075044e-01
-8.2453116798036885e-01
-8.1257661263595227e-01
-8.0090969900464815e-01
-7.8947989915532280e-01
-7.7852998778522176e-01
-7.6765940524923471e-01
-7.5715623734627380e-01
-7.4699840283242314e-01
-7.3690406042819268e-01
-7.2719592174306213e-01
-7.1767533809405537e-01
-7.0831951995097353e-01
-6.9929849062478511e-01
-6.9035063328351964e-01
-6.8163540778148046e-01
-6.7321107067166241e-01
-6.6478314733180111e-01
-6.5662873795959320e-01
-6.4867916307171702e-01
-6.4077314001769559e-01
-6.3311258219128208e-01
-6.2559193058869900e-01
-6.1815092044301134e-01
-6.1092835881152607e-01
-6.0380062404366608e-01
-5.9677353440065406e-01
-5.8994221690037074e-01
-5.8317640210628241e-01
-5.7652056672789875e-01
-5.7004141050101265e-01
-5.6361104839720189e-01
-5.5729087790774623e-01
-5.5113129919450421e-01
-5.4501393349285387e-01
-5.3899987996542309e-01
-5.3313288562211769e-01
-5.2730968959456348e-01
-5.2157744433542153e-01
-5.1598094496318270e-01
-5.1043238787725387e-01
-5.0496639915908526e-01
-4.9962273954947639e-01
-4.9433245444417856e-01
-4.8912136942028023e-01
-4.8401687032843488e-01
-4.7897529088349122e-01
-4.7400789071217919e-01
-4.6913264072105720e-01
-4.6433332215028617e-01
-4.5959523206382080e-01
-4.5494964512335317e-01
-4.5038920545441091e-01
-4.4587239760369995e-01
-4.4145726499944066e-01
-4.3712783847995362e-01
-4.3283843253509219e-01
-4.2864339463703421e-01
-4.2454239429758633e-01
-4.2049706693973188e-01
-4.1652391557214002e-01
-4.1265102354250144e-01
-4.0886145412675745e-01
-4.0511652332817943e-01
-4.0147305957182106e-01
-3.9793051415514447e-01
-3.9444475493733472e-01
-3.9104009021238018e-01
-3.8773888373602466e-01
-3.8453304598223959e-01
-3.8138458636016120e-01
-3.7833737729077183e-01
-3.7539719765705010e-01
-3.7253695043574919e-01
-3.6976493547603018e-01
-3.6709640709308239e-01
-3.6453957422230415e-01
-3.6205300967490245e-01
-3.5967912288980275e-01
-3.5741688762341534e-01
-3.5525850011887394e-01
-3.5319072312978200e-01
-3.5124832581739962e-01
-3.4943704054291630e-01
-3.4773900342000408e-01
-3.4617983961488052e-01
-3.4480354152494447e-01
-3.4364893821893061e-01
-3.4274147702160424e-01
0.0000000000000000e+00
4.4344349989760157e-01
3.6295210385578758e-02
1.4534768391059000e+01
];
