%Vec Object:sol 1 MPI processes
%  type: mpi
sol = [
0.0000000000000000e+00
-1.4117787941027415e+00
-1.3776642311552676e+00
-1.3450282287340707e+00
-1.3134351398755317e+00
-1.2833294620120090e+00
-1.2542285585993436e+00
-1.2261335978282979e+00
-1.1990991259705155e+00
-1.1729773703525492e+00
-1.1477367478188401e+00
-1.1232403928289056e+00
-1.0995199773242015e+00
-1.0765146817279030e+00
-1.0542115249037760e+00
-1.0324761450613278e+00
-1.0113435440286695e+00
-9.9075465872803847e-01
-9.7072911842653165e-01
-9.5116587813164177e-01
-9.3203307803121105e-01
-9.1341769044367571e-01
-8.9510288804346705e-01
-8.7728546080422642e-01
-8.5976302078983680e-01
-8.4259621499944870e-01
-8.2582751101563445e-01
-8.0924853078863401e-01
-7.9305986440532572e-01
-7.7709125635020859e-01
-7.6141159581525208e-01
-7.4592257574558019e-01
-7.3075410673459751e-01
-7.1568491524704392e-01
-7.0092994665495068e-01
-6.8628180192856347e-01
-6.7186024856867566e-01
-6.5752756413908531e-01
-6.4314760939612425e-01
-6.2713547589716623e-01
-6.0209070837886380e-01
-5.5063636643332481e-01
-4.7885734343034658e-01
-4.1841118262971422e-01
-3.8298926426755886e-01
-3.6582888265047736e-01
-3.5738494493849338e-01
-3.5262040501018488e-01
-3.4929586056662193e-01
-3.4649961362093662e-01
-3.4382975067789351e-01
-3.4111661114929814e-01
-3.3831095613246204e-01
-3.3538070247737017e-01
-3.3231946354290653e-01
-3.2913813690733701e-01
-3.2584628318763031e-01
-3.2244250906346322e-01
-3.1894145120550221e-01
-3.1536265600040098e-01
-3.1170011128866332e-01
-3.0798313664411431e-01
-3.0421212919245666e-01
-3.0038995190786838e-01
-2.9652876112209159e-01
-2.9261800679690980e-01
-2.8865670333514398e-01
-2.8466612488777998e-01
-2.8065624350738333e-01
-2.7663902525246248e-01
-2.7261617279547851e-01
-2.6858161226212779e-01
-2.6456117422478320e-01
-2.6055376277935316e-01
-2.5654849769218452e-01
-2.5255645127317106e-01
-2.4858551979256119e-01
-2.4463308991722776e-01
-2.4069621414722575e-01
-2.3677787457180166e-01
-2.3288879920801339e-01
-2.2902278904507059e-01
-2.2517831593277193e-01
-2.2135069406595534e-01
-2.1754719726337249e-01
-2.1376555414887247e-01
-2.0999987445540180e-01
-2.0624660200495196e-01
-2.0250001124188216e-01
-1.9876856581043548e-01
-1.9504091040724419e-01
-1.9131009150079087e-01
-1.8757193898059760e-01
-1.8382334871585171e-01
-1.8005028366274459e-01
-1.7624492252434776e-01
-1.7240091108005831e-01
-1.6850168194801984e-01
-1.6454150537096510e-01
0.0000000000000000e+00
4.8585864347035418e-01
3.5865235651797216e-02
8.3133718297191770e+00
];
