%Vec Object:sol 1 MPI processes
%  type: mpi
sol = [
0.0000000000000000e+00
-9.5565433474787032e-01
-9.3962507897206804e-01
-9.2428220534489758e-01
-9.0918683373283415e-01
-8.9482936604869323e-01
-8.8080728200088054e-01
-8.6721180797794861e-01
-8.5414572511819919e-01
-8.4134283986435698e-01
-8.2902547038611663e-01
-8.1705826289455696e-01
-8.0530687550275404e-01
-7.9399702270460026e-01
-7.8296757701519004e-01
-7.7221028522656043e-01
-7.6177657017074285e-01
-7.5155907250855247e-01
-7.4163315469262658e-01
-7.3198613117823141e-01
-7.2247809881407821e-01
-7.1325544026567922e-01
-7.0427718285085050e-01
-6.9543473731750860e-01
-6.8683494808168377e-01
-6.7843139133943853e-01
-6.7018885774672121e-01
-6.6214300425718986e-01
-6.5425216539109743e-01
-6.4652787324886485e-01
-6.3898789171937276e-01
-6.3155807205364833e-01
-6.2429555236484768e-01
-6.1720889628029629e-01
-6.1019685014753666e-01
-6.0335165674136082e-01
-5.9667100797539607e-01
-5.9004029786471546e-01
-5.8357452806543031e-01
-5.7725528392859637e-01
-5.7098084230341462e-01
-5.6486288774283866e-01
-5.5887338490668825e-01
-5.5292840267263366e-01
-5.4713090745484538e-01
-5.4144828247362964e-01
-5.3580633076661621e-01
-5.3030646079287136e-01
-5.2491193037835082e-01
-5.1955136168920568e-01
-5.1432624279985673e-01
-5.0920477819282828e-01
-5.0411143976049788e-01
-4.9914108542057362e-01
-4.9427763018386683e-01
-4.8944401392578185e-01
-4.8471588633055673e-01
-4.8009927461299712e-01
-4.7551666192124564e-01
-4.7102126769649544e-01
-4.6663637813368725e-01
-4.6230540503678053e-01
-4.5803613860918663e-01
-4.5387349597627918e-01
-4.4979405401870176e-01
-4.4574686160617122e-01
-4.4180347672841236e-01
-4.3796153086098050e-01
-4.3414639752761519e-01
-4.3042095810576531e-01
-4.2679542105554080e-01
-4.2322704203707218e-01
-4.1972669278374236e-01
-4.1631929600173556e-01
-4.1299363528687577e-01
-4.0972168013445037e-01
-4.0654063279164704e-01
-4.0345252943189719e-01
-4.0041378533331357e-01
-3.9746464713186214e-01
-3.9460837941946769e-01
-3.9182365061153679e-01
-3.8910494193409845e-01
-3.8648483868165595e-01
-3.8396152754796903e-01
-3.8148441959829810e-01
-3.7910149841348434e-01
-3.7681797151466523e-01
-3.7461659101654488e-01
-3.7247999610151117e-01
-3.7044138529204818e-01
-3.6850377461883554e-01
-3.6663178466986179e-01
-3.6485440766491817e-01
-3.6317819426443260e-01
-3.6160322686562640e-01
-3.6011460407702056e-01
-3.5876202091804654e-01
-3.5757105016578639e-01
0.0000000000000000e+00
4.3991690013502133e-01
3.6295210385578758e-02
1.4534768391059000e+01
];
