%Vec Object:sol 1 MPI processes
%  type: mpi
sol = [
0.0000000000000000e+00
-9.5468407976027125e-01
-9.3868092421157223e-01
-9.2336342479079192e-01
-9.0832869874102606e-01
-8.9399419441350325e-01
-8.8002956838013580e-01
-8.6645519962002970e-01
-8.5340996244539613e-01
-8.4066090860258902e-01
-8.2836287241390139e-01
-8.1642774504013282e-01
-8.0471328164291533e-01
-7.9342069295258788e-01
-7.8243915646335382e-01
-7.7169826134438557e-01
-7.6128111446175106e-01
-7.5110943082461068e-01
-7.4119939558761561e-01
-7.3156848417124298e-01
-7.2210439806922844e-01
-7.1289735663696896e-01
-7.0396176391613363e-01
-6.9513456459045331e-01
-6.8655033305697621e-01
-6.7818804522685094e-01
-6.6996083738268641e-01
-6.6193067836799024e-01
-6.5408003211841381e-01
-6.4637134051958778e-01
-6.3884735587424191e-01
-6.3145685002480245e-01
-6.2421034336805592e-01
-6.1714010872817682e-01
-6.1016661931834049e-01
-6.0333795466757789e-01
-5.9667426907922039e-01
-5.9008153894416038e-01
-5.8363294974209379e-01
-5.7733635799784200e-01
-5.7109388678101369e-01
-5.6499333533842500e-01
-5.5903090716931558e-01
-5.5311308906450463e-01
-5.4733348561804429e-01
-5.4167778630820818e-01
-5.3606319406452652e-01
-5.3058174595274421e-01
-5.2521002961214613e-01
-5.1988087918429671e-01
-5.1467452677850190e-01
-5.0957227873837452e-01
-5.0451408243901419e-01
-4.9956319867641269e-01
-4.9471959075977218e-01
-4.8992079656929433e-01
-4.8521267404418161e-01
-4.8061640012009815e-01
-4.7606819205659223e-01
-4.7159320986253922e-01
-4.6722901422967195e-01
-4.6293183659618703e-01
-4.5868320632026799e-01
-4.5454139410212252e-01
-4.5049501218870402e-01
-4.4646838415915063e-01
-4.4254563381617340e-01
-4.3872435115171099e-01
-4.3494076407560267e-01
-4.3123539589763865e-01
-4.2762984454727043e-01
-4.2409154578195918e-01
-4.2061042067030990e-01
-4.1722204639374377e-01
-4.1392466074680634e-01
-4.1067074483145188e-01
-4.0750738364841832e-01
-4.0443655846149706e-01
-4.0142310733341829e-01
-3.9848983271896304e-01
-3.9564884047930876e-01
-3.9288656172811337e-01
-3.9018134583429559e-01
-3.8757397496617241e-01
-3.8506256651240056e-01
-3.8260335727384354e-01
-3.8023007136832115e-01
-3.7795516968493370e-01
-3.7576768721022658e-01
-3.7363708320298311e-01
-3.7160323170894544e-01
-3.6966905179204912e-01
-3.6780454676082830e-01
-3.6602707103654469e-01
-3.6434872615384778e-01
-3.6277410964742762e-01
-3.6127695014328437e-01
-3.5991091790730151e-01
-3.5869934211923493e-01
0.0000000000000000e+00
4.3961097690812734e-01
3.6295210385578758e-02
1.4534768391059000e+01
];
