%Vec Object:sol 1 MPI processes
%  type: mpi
sol = [
0.0000000000000000e+00
-9.5088766366839106e-01
-9.3498898000895525e-01
-9.1977305178462854e-01
-9.0497795732179498e-01
-8.9073538677259689e-01
-8.7696417931815707e-01
-8.6350722467458307e-01
-8.5054420050041468e-01
-8.3800629797226611e-01
-8.2578421057415685e-01
-8.1392489287109082e-01
-8.0240938166835729e-01
-7.9118773730612835e-01
-7.8035717745718602e-01
-7.6972289311915931e-01
-7.5937238289387055e-01
-7.4938167551615764e-01
-7.3953532316495729e-01
-7.2996891638790595e-01
-7.2067842994074660e-01
-7.1153383581125362e-01
-7.0267347959342485e-01
-6.9400083746842944e-01
-6.8547790865470237e-01
-6.7723367738478046e-01
-6.6911077719657319e-01
-6.6114162899381390e-01
-6.5343947590498697e-01
-6.4579921087805525e-01
-6.3833655883972185e-01
-6.3109866886507915e-01
-6.2391344241999724e-01
-6.1690602878940615e-01
-6.1008204561225232e-01
-6.0331634592483763e-01
-5.9671714183977576e-01
-5.9027114906010181e-01
-5.8388728756422392e-01
-5.7765690402959902e-01
-5.7155861470633107e-01
-5.6552457840858905e-01
-5.5963010575661587e-01
-5.5385408421945448e-01
-5.4814278828360319e-01
-5.4255679598553563e-01
-5.3708176903169302e-01
-5.3167042387898711e-01
-5.2637016481982224e-01
-5.2117848795497856e-01
-5.1604401588076310e-01
-5.1101495045865397e-01
-5.0609222053677072e-01
-5.0121489867230906e-01
-4.9644608462666112e-01
-4.9178071470305307e-01
-4.8714759546849762e-01
-4.8262743932807245e-01
-4.7820176154441574e-01
-4.7381092079019027e-01
-4.6952309612057835e-01
-4.6532955526370384e-01
-4.6118072329838372e-01
-4.5711481761656986e-01
-4.5315163722972024e-01
-4.4924055596080542e-01
-4.4539232616876268e-01
-4.4164569599108694e-01
-4.3797991613196913e-01
-4.3434704584543532e-01
-4.3081368992392605e-01
-4.2737792973843058e-01
-4.2397515513509121e-01
-4.2065469030193625e-01
-4.1743072320887148e-01
-4.1427183490436242e-01
-4.1117060390719351e-01
-4.0816031326222968e-01
-4.0523932063378526e-01
-4.0236113381676630e-01
-3.9957301566585240e-01
-3.9687393189882297e-01
-3.9423323077209788e-01
-3.9166886812418450e-01
-3.8919742474754127e-01
-3.8680254417109305e-01
-3.8446085526418905e-01
-3.8221388233882475e-01
-3.8006103512898576e-01
-3.7796356030734207e-01
-3.7594329815710265e-01
-3.7401798285573379e-01
-3.7217954702086209e-01
-3.7039847897528189e-01
-3.6870960951526222e-01
-3.6711992047319109e-01
-3.6560717161383566e-01
-3.6419270698810663e-01
-3.6290898921091935e-01
0.0000000000000000e+00
4.3841347649751128e-01
3.6295210385578758e-02
1.4534768391059000e+01
];
