%Vec Object:sol 1 MPI processes
%  type: mpi
sol = [
0.0000000000000000e+00
-1.7560287257248111e+00
-1.7007759766785697e+00
-1.6481523492970178e+00
-1.5980189132405724e+00
-1.5503537903293312e+00
-1.5044468687820671e+00
-1.4605768915433939e+00
-1.4184104399371880e+00
-1.3778733252699198e+00
-1.3389965045719272e+00
-1.3012980396091243e+00
-1.2649325632537047e+00
-1.2297170427583850e+00
-1.1955716550025079e+00
-1.1625717975430832e+00
-1.1303749407856103e+00
-1.0990411253315249e+00
-1.0685979924647608e+00
-1.0388403503355315e+00
-1.0097941007359457e+00
-9.8137716990222157e-01
-9.5357633814660447e-01
-9.2634365408209784e-01
-8.9865228791723584e-01
-8.4050700024231495e-01
-6.2858809982076480e-01
-4.7322683682736594e-01
-4.2592630242236290e-01
-4.1485719620391331e-01
-4.1155857488676900e-01
-4.0941747494123304e-01
-4.0705048953947082e-01
-4.0417173078464114e-01
-4.0072727547147874e-01
-3.9682852283534475e-01
-3.9249013312256043e-01
-3.8778037762328077e-01
-3.8278471379086199e-01
-3.7750778661483231e-01
-3.7197767234065388e-01
-3.6627921202005759e-01
-3.6042777281246591e-01
-3.5447976589817370e-01
-3.4846892409494240e-01
-3.4239589412149163e-01
-3.3631608029262067e-01
-3.3025627208379382e-01
-3.2421232601390815e-01
-3.1822099404150556e-01
-3.1230158863002888e-01
-3.0645412793410703e-01
-3.0070543163581226e-01
-2.9505400542837990e-01
-2.8950520085454184e-01
-2.8407767411401252e-01
-2.7877176325542352e-01
-2.7357983343334968e-01
-2.6851052515606455e-01
-2.6356950438721921e-01
-2.5874165040904501e-01
-2.5404941251459223e-01
-2.4947928116876855e-01
-2.4502186734147061e-01
-2.4067857442656723e-01
-2.3645291266157900e-01
-2.3234025641283079e-01
-2.2832649220381190e-01
-2.2441374827869956e-01
-2.2060340487998803e-01
-2.1688519367446105e-01
-2.1324519930030161e-01
-2.0970149271389391e-01
-2.0624372390015130e-01
-2.0285177435100249e-01
-1.9952936753668915e-01
-1.9627848406688858e-01
-1.9308978668667448e-01
-1.8995281935996242e-01
-1.8686343944952266e-01
-1.8382889472021444e-01
-1.8083719357790889e-01
-1.7788119650746698e-01
-1.7495084148691206e-01
-1.7205025606265620e-01
-1.6917289824477005e-01
-1.6630908247075832e-01
-1.6345124453419285e-01
-1.6058890199953413e-01
-1.5772758106375098e-01
-1.5485178866550398e-01
-1.5195324132050053e-01
-1.4902291768042469e-01
-1.4605413321047442e-01
-1.4302819277938408e-01
-1.3993203630908041e-01
-1.3675641619973730e-01
-1.3347912480448848e-01
-1.3008707519085252e-01
0.0000000000000000e+00
5.1208045870472108e-01
3.5379779505649939e-02
5.3336377597151250e+00
];
