%Vec Object:sol 1 MPI processes
%  type: mpi
sol = [
0.0000000000000000e+00
-9.3910639091102510e-01
-9.2389453254885290e-01
-9.0899515827400290e-01
-8.9476551212198352e-01
-8.8097887369921768e-01
-8.6748969564423573e-01
-8.5468524918817934e-01
-8.4200930188428580e-01
-8.2982413601521909e-01
-8.1813915787415492e-01
-8.0651670764591821e-01
-7.9542893786576485e-01
-7.8461179216851129e-01
-7.7400136460448965e-01
-7.6384764002411287e-01
-7.5380213519507211e-01
-7.4405795781098327e-01
-7.3468827798968905e-01
-7.2535226393782992e-01
-7.1635623070788768e-01
-7.0763789847266290e-01
-6.9896906594400232e-01
-6.9062581606259454e-01
-6.8246744904008838e-01
-6.7441086645258153e-01
-6.6664132034411494e-01
-6.5899107140901703e-01
-6.5147460885319330e-01
-6.4420291229557536e-01
-6.3702633987131552e-01
-6.2999006762154230e-01
-6.2316426243135614e-01
-6.1641979073481168e-01
-6.0981360843701438e-01
-6.0339281377242193e-01
-5.9704191045017418e-01
-5.9082378251737822e-01
-5.8477301177776020e-01
-5.7878309505693559e-01
-5.7291757005076394e-01
-5.6720681970993925e-01
-5.6155027097513255e-01
-5.5600747141193041e-01
-5.5061111225448867e-01
-5.4526454537992164e-01
-5.4001930333640424e-01
-5.3491550101429486e-01
-5.2985914192798123e-01
-5.2489030966369343e-01
-5.2005644662932982e-01
-5.1527778206913899e-01
-5.1056770350212000e-01
-5.0598402752172345e-01
-5.0147329879461222e-01
-4.9700728007825851e-01
-4.9266038223514003e-01
-4.8840643879431994e-01
-4.8417238637143012e-01
-4.8005129743717273e-01
-4.7603803375818010e-01
-4.7203307391303406e-01
-4.6812899724931561e-01
-4.6432924214812332e-01
-4.6056492282955597e-01
-4.5687043537371991e-01
-4.5327638304481044e-01
-4.4973785561344432e-01
-4.4625791556010469e-01
-4.4286496277371712e-01
-4.3954622021066020e-01
-4.3627199611149470e-01
-4.3308318273483032e-01
-4.2998057212446256e-01
-4.2690365693799087e-01
-4.2391737479956454e-01
-4.2101340994994535e-01
-4.1815235805005041e-01
-4.1535923835246391e-01
-4.1265422312864153e-01
-4.1001342880788444e-01
-4.0741286704236956e-01
-4.0489929731320551e-01
-4.0247146494329494e-01
-4.0007612719265717e-01
-3.9775373849375839e-01
-3.9551632027556782e-01
-3.9333617172431490e-01
-3.9121372913632368e-01
-3.8917018254885294e-01
-3.8720326861613907e-01
-3.8527238150999227e-01
-3.8342474383012548e-01
-3.8165964166591226e-01
-3.7994079176485657e-01
-3.7828609905439392e-01
-3.7671557111821291e-01
-3.7522290818526599e-01
-3.7378099317743652e-01
0.0000000000000000e+00
4.3480634208423091e-01
3.6295210385578758e-02
1.4534768391059000e+01
];
