%Vec Object:sol 1 MPI processes
%  type: mpi
sol = [
0.0000000000000000e+00
-1.1248894162877918e+00
-1.1034993618238007e+00
-1.0830867064791339e+00
-1.0630950962949322e+00
-1.0441413984747714e+00
-1.0253869565449492e+00
-1.0075746859091472e+00
-9.9006246453608304e-01
-9.7324197406766577e-01
-9.5685114439686547e-01
-9.4091253673092845e-01
-9.2539307984438912e-01
-9.1037214474198891e-01
-8.9563490271760782e-01
-8.8139562554276030e-01
-8.6740080530460428e-01
-8.5378607509883697e-01
-8.4053746443787436e-01
-8.2748350377937074e-01
-8.1483172209022725e-01
-8.0236101671441939e-01
-7.9022974500968535e-01
-7.7827266748217205e-01
-7.6661650192471964e-01
-7.5509923721767447e-01
-7.4390324613528869e-01
-7.3280930871528349e-01
-7.2195624307089235e-01
-7.1132205992657060e-01
-7.0077880766843503e-01
-6.9050436910870150e-01
-6.8030121626188300e-01
-6.7029655413938605e-01
-6.6041378352433799e-01
-6.5068869588115019e-01
-6.4108840154690505e-01
-6.3159698573780054e-01
-6.2227953677996517e-01
-6.1298888074794089e-01
-6.0386696131433748e-01
-5.9483939940340502e-01
-5.8587264085012647e-01
-5.7706007408180438e-01
-5.6827390485823837e-01
-5.5958607407911987e-01
-5.5099367233121599e-01
-5.4245075528799969e-01
-5.3399134033312212e-01
-5.2557607747720725e-01
-5.1723458469368799e-01
-5.0896108453043476e-01
-5.0069075180116573e-01
-4.9250216602964286e-01
-4.8436209689555271e-01
-4.7621475757471665e-01
-4.6812714060229693e-01
-4.6005571639008669e-01
-4.5191039067876354e-01
-4.4367091712035206e-01
-4.3511642335343764e-01
-4.2577620856722614e-01
-4.1489921925066570e-01
-4.0116593246010396e-01
-3.8314116549609017e-01
-3.6132562745443098e-01
-3.3930598378441418e-01
-3.2056306595905459e-01
-3.0625242315164936e-01
-2.9600721051567030e-01
-2.8865520823222485e-01
-2.8317828211346974e-01
-2.7888684591979590e-01
-2.7531670662340396e-01
-2.7216213273149875e-01
-2.6924853123264086e-01
-2.6646557940812632e-01
-2.6373688663018791e-01
-2.6101424075166230e-01
-2.5827257656813513e-01
-2.5550168756469360e-01
-2.5268353142595762e-01
-2.4980985047598755e-01
-2.4687199970316168e-01
-2.4387342899641548e-01
-2.4081025131966230e-01
-2.3767552655325680e-01
-2.3446567953290534e-01
-2.3117599173778589e-01
-2.2781519523989552e-01
-2.2437251318021356e-01
-2.2083805880693225e-01
-2.1720950125891830e-01
-2.1348344464081601e-01
-2.0964544277315036e-01
-2.0568866519041354e-01
-2.0160251042879138e-01
-1.9736790795888060e-01
-1.9297780279498586e-01
0.0000000000000000e+00
4.6930813345060701e-01
3.6206892968382760e-02
1.2741449451921003e+01
];
