%Vec Object:sol 1 MPI processes
%  type: mpi
sol = [
0.0000000000000000e+00
-1.4578409922299844e+00
-1.4211492964678325e+00
-1.3860299313431867e+00
-1.3524667240111388e+00
-1.3202076709980426e+00
-1.2889938638782414e+00
-1.2592219565589040e+00
-1.2303085021170306e+00
-1.2024219438794157e+00
-1.1756986051248983e+00
-1.1494996668281261e+00
-1.1243099747336656e+00
-1.0999430813816922e+00
-1.0760977655224255e+00
-1.0531179481572042e+00
-1.0306584805476207e+00
-1.0087894698853035e+00
-9.8761207226660974e-01
-9.6676461189232266e-01
-9.4653955843825721e-01
-9.2676725203768018e-01
-9.0736251196171325e-01
-8.8851039457669811e-01
-8.6988168578746028e-01
-8.5171688775928811e-01
-8.3389416787728343e-01
-8.1634691504112300e-01
-7.9914477268936546e-01
-7.8223192886042092e-01
-7.6557063312275975e-01
-7.4915477243423823e-01
-7.3303126424520904e-01
-7.1704404709678282e-01
-7.0134319303796677e-01
-6.8572194686247756e-01
-6.6978864533974203e-01
-6.5001508551760057e-01
-6.0983550111695461e-01
-5.3289309632652992e-01
-4.5373252743376319e-01
-4.0324498826970362e-01
-3.7911065114704173e-01
-3.6820243667398250e-01
-3.6265531968653975e-01
-3.5910626842699467e-01
-3.5624279656320618e-01
-3.5354696978751737e-01
-3.5079031460678134e-01
-3.4791946298007070e-01
-3.4490215497814319e-01
-3.4172755818912304e-01
-3.3841838445928446e-01
-3.3497530945295234e-01
-3.3140755535619942e-01
-3.2773529349765440e-01
-3.2397188476116701e-01
-3.2011846934905114e-01
-3.1619162859768890e-01
-3.1221148814843791e-01
-3.0817274938063710e-01
-3.0405708518613384e-01
-2.9989949348040490e-01
-2.9570666419158054e-01
-2.9149057786558896e-01
-2.8726336778015449e-01
-2.8303291940387637e-01
-2.7879593007320713e-01
-2.7456235419771680e-01
-2.7034357982862856e-01
-2.6614040518024751e-01
-2.6194636996065518e-01
-2.5778671265546321e-01
-2.5365948624835505e-01
-2.4955287208773808e-01
-2.4547713266750090e-01
-2.4143950504912087e-01
-2.3743653366802767e-01
-2.3346423462543942e-01
-2.2952455608854688e-01
-2.2562767737053263e-01
-2.2176650472667028e-01
-2.1793857433325597e-01
-2.1413833762508633e-01
-2.1037245933570020e-01
-2.0663794258070936e-01
-2.0292820396473482e-01
-1.9923899526735361e-01
-1.9556384591279743e-01
-1.9191069377261885e-01
-1.8826755641599191e-01
-1.8462733126431424e-01
-1.8098519867520246e-01
-1.7733768343078515e-01
-1.7367034475038817e-01
-1.6997485889510050e-01
-1.6624493702531723e-01
-1.6246382823174699e-01
-1.5862554530073036e-01
0.0000000000000000e+00
4.8880711395440896e-01
3.5804461235608466e-02
7.7949260257189525e+00
];
