%Vec Object:sol 1 MPI processes
%  type: mpi
sol = [
0.0000000000000000e+00
-1.9836305297408506e-06
-2.2496825024333578e-06
-2.3023215473093829e-06
-2.3941913893984586e-06
-2.1236794092235018e+00
-1.9069996717939548e+00
-1.7235434656644431e+00
-1.5562953638492318e+00
-1.4072605066156323e+00
-1.2611118915772099e+00
-1.1170658459512337e+00
-9.7124207350864566e-01
-8.1840076580697141e-01
-6.7172268985713723e-01
-5.2413337848267105e-01
-4.0008588813785179e-01
-2.9106341906029715e-01
-2.1485926725517185e-01
-1.6051789089909138e-01
-1.3124485240895381e-01
-1.1736139221109472e-01
-1.1520503301656547e-01
-1.1928967672637833e-01
-1.2627986304283728e-01
-1.3412567254902441e-01
-1.4146285800538183e-01
-1.4763547944800792e-01
-1.5271155884503027e-01
-1.5629557348396717e-01
-1.5896332028152665e-01
-1.6054622537334817e-01
-1.6139772230458393e-01
-1.6168183857980414e-01
-1.6142985647616115e-01
-1.6085544931519832e-01
-1.6000898361664700e-01
-1.5893878436598649e-01
-1.5772944200470995e-01
-1.5642211916792115e-01
-1.5502750275739810e-01
-1.5358300135031014e-01
-1.5208727421749638e-01
-1.5058672975313611e-01
-1.4908585291798379e-01
-1.4752777923540364e-01
-1.4599759445723681e-01
-1.4448128061176302e-01
-1.4297595189452855e-01
-1.4142696582199307e-01
-1.3992334824586092e-01
-1.3844053129203826e-01
-1.3697543013494487e-01
-1.3549377370093973e-01
-1.3401642904740391e-01
-1.3259139220406022e-01
-1.3117077627943161e-01
-1.2975085744136719e-01
-1.2836103690610906e-01
-1.2697269397845745e-01
-1.2557636136499073e-01
-1.2423184555923308e-01
-1.2290530818786834e-01
-1.2157923622062031e-01
-1.2025971238250310e-01
-1.1897362531725240e-01
-1.1770160470869498e-01
-1.1642867824947681e-01
-1.1517308268835900e-01
-1.1394358440794500e-01
-1.1271684128088116e-01
-1.1149227828614838e-01
-1.1030061295699410e-01
-1.0913273215332353e-01
-1.0796350137241177e-01
-1.0680246579800608e-01
-1.0566486811143415e-01
-1.0454286099343069e-01
-1.0342437800174560e-01
-1.0230729164876594e-01
-1.0121579517251721e-01
-1.0014158225283426e-01
-9.9075013450371202e-02
-9.8012127245874436e-02
-9.6964580108431481e-02
-9.5934163952550819e-02
-9.4911860780852758e-02
-9.3895863327896956e-02
-9.2882633511445128e-02
-9.1884177015660234e-02
-9.0888592237561516e-02
-8.9909931036015939e-02
-8.8938517647962276e-02
-8.7979052132959076e-02
-8.7023745691122617e-02
-8.6058385274471724e-02
-8.5107131307021203e-02
-8.4165507725752889e-02
-8.3234529405456434e-02
0.0000000000000000e+00
6.9079571355170788e-01
3.0747401222587890e-02
9.8372703517872817e-01
];
