%Vec Object:sol 1 MPI processes
%  type: mpi
sol = [
0.0000000000000000e+00
-1.0331343336283882e+00
-1.0147176687285990e+00
-9.9703468426671915e-01
-9.7974439847983175e-01
-9.6334841970493745e-01
-9.4710025712043333e-01
-9.3163850530673420e-01
-9.1652437074685211e-01
-9.0187847165566359e-01
-8.8778897876556628e-01
-8.7387336024698947e-01
-8.6057962164128687e-01
-8.4744025641062193e-01
-8.3475487935188353e-01
-8.2238430128075557e-01
-8.1027772828343592e-01
-7.9853270592531977e-01
-7.8701860305517224e-01
-7.7581614991486447e-01
-7.6478702344681704e-01
-7.5406925244558609e-01
-7.4353971264329966e-01
-7.3324983684519607e-01
-7.2320464120934846e-01
-7.1325259091877979e-01
-7.0361104885529435e-01
-6.9405384611682208e-01
-6.8469791739905483e-01
-6.7558146064129576e-01
-6.6648501381205461e-01
-6.5763865181570391e-01
-6.4891078142543579e-01
-6.4028388568794647e-01
-6.3187318704893580e-01
-6.2349024471322212e-01
-6.1526468240302168e-01
-6.0717272180834447e-01
-5.9915064530900974e-01
-5.9126802078806873e-01
-5.8345348078508652e-01
-5.7574329652758682e-01
-5.6814834098355183e-01
-5.6058053908867689e-01
-5.5313798755304966e-01
-5.4576273511221463e-01
-5.3843369674000785e-01
-5.3121810597305341e-01
-5.2403259261098067e-01
-5.1690263797279468e-01
-5.0987287867361297e-01
-5.0285349389854583e-01
-4.9588661257036321e-01
-4.8900453048399717e-01
-4.8212929081708500e-01
-4.7529217124398654e-01
-4.6852562571080747e-01
-4.6176966469018493e-01
-4.5503098803721587e-01
-4.4834954474079453e-01
-4.4168171747126261e-01
-4.3501807922573915e-01
-4.2839242741440819e-01
-4.2178442443247599e-01
-4.1516983197524809e-01
-4.0857085234328250e-01
-4.0199737973505478e-01
-3.9539205989884540e-01
-3.8879855441108430e-01
-3.8220852832878555e-01
-3.7559935605477945e-01
-3.6896972088709001e-01
-3.6232882507827530e-01
-3.5567301434237519e-01
-3.4896764783405859e-01
-3.4224531777863532e-01
-3.3550582979992166e-01
-3.2874365302788233e-01
-3.2188448140909359e-01
-3.1483183053749780e-01
-3.0734713956790760e-01
-2.9916631568897256e-01
-2.9017337431917040e-01
-2.8059699976872371e-01
-2.7091515535163813e-01
-2.6163120472339602e-01
-2.5309640207602507e-01
-2.4531998627322482e-01
-2.3832008078491956e-01
-2.3210026864691433e-01
-2.2652224837595411e-01
-2.2144544753345394e-01
-2.1674979915976300e-01
-2.1233763605806502e-01
-2.0811963886167287e-01
-2.0403076363526218e-01
-2.0001396930427773e-01
-1.9601876882536243e-01
-1.9201646022900182e-01
0.0000000000000000e+00
4.6117429849745140e-01
3.6288812706126806e-02
1.4392021931265941e+01
];
