%Vec Object:sol 1 MPI processes
%  type: mpi
sol = [
0.0000000000000000e+00
-9.8529933081310295e-01
-9.6801976285706870e-01
-9.5149334002264452e-01
-9.3543676596361736e-01
-9.2000121074148677e-01
-9.0503816742502352e-01
-8.9045139041522836e-01
-8.7643593358645489e-01
-8.6274755476299336e-01
-8.4955188937867909e-01
-8.3671170937808093e-01
-8.2413962392848161e-01
-8.1203543938299272e-01
-8.0016973259043234e-01
-7.8866454481895376e-01
-7.7750070470973232e-01
-7.6647367909083453e-01
-7.5585409898700429e-01
-7.4542134031926466e-01
-7.3522859881646030e-01
-7.2535116314527903e-01
-7.1558275682862160e-01
-7.0610658906601853e-01
-6.9684965025125722e-01
-6.8769315026374422e-01
-6.7883667190161823e-01
-6.7008964660678449e-01
-6.6150941174244438e-01
-6.5318070385144600e-01
-6.4490317940992248e-01
-6.3682504429735609e-01
-6.2895930175148640e-01
-6.2110424863149061e-01
-6.1346614030822211e-01
-6.0597990955228520e-01
-5.9853587341636583e-01
-5.9128553691482855e-01
-5.8414354274942559e-01
-5.7706371011038304e-01
-5.7015642948642598e-01
-5.6332916054616122e-01
-5.5657268620121392e-01
-5.4997082479938098e-01
-5.4343289474294787e-01
-5.3696544499590237e-01
-5.3063739403099153e-01
-5.2436726720505644e-01
-5.1816018428298960e-01
-5.1207967532456711e-01
-5.0605531808812565e-01
-5.0008914449507347e-01
-4.9423482496237903e-01
-4.8843771068540198e-01
-4.8269770266937156e-01
-4.7705277799549406e-01
-4.7147161184287062e-01
-4.6594383149678770e-01
-4.6049600166199595e-01
-4.5512318422411679e-01
-4.4979146898533967e-01
-4.4453956972540998e-01
-4.3937157645588254e-01
-4.3422729444367070e-01
-4.2917178847514270e-01
-4.2418953110149910e-01
-4.1925202218998175e-01
-4.1438417608751343e-01
-4.0959858904535962e-01
-4.0487627326670644e-01
-4.0020171233268820e-01
-3.9561720416329077e-01
-3.9111534807637471e-01
-3.8665887553282619e-01
-3.8228406879476395e-01
-3.7800400003113754e-01
-3.7380522843407787e-01
-3.6966132798234547e-01
-3.6561927922642978e-01
-3.6168096235082603e-01
-3.5782398426167034e-01
-3.5404923861767823e-01
-3.5038847161448095e-01
-3.4684478558618392e-01
-3.4339407392754762e-01
-3.4004947773075289e-01
-3.3683618257833670e-01
-3.3375939827666407e-01
-3.3079766471968436e-01
-3.2797535955270696e-01
-3.2531404096282779e-01
-3.2283066165223351e-01
-3.2051900191060417e-01
-3.1842497539301667e-01
-3.1658743679426782e-01
-3.1505463878359047e-01
-3.1385133814396621e-01
-3.1302573308378545e-01
-3.1258214213399443e-01
0.0000000000000000e+00
4.4876464451590309e-01
3.6295210385578758e-02
1.4534768391059000e+01
];
