%Vec Object:sol 1 MPI processes
%  type: mpi
sol = [
0.0000000000000000e+00
-9.3825005038494591e-01
-9.2309446533660833e-01
-9.0821826264575711e-01
-8.9401115046776336e-01
-8.8027666139466343e-01
-8.6680813911109889e-01
-8.5402380540617895e-01
-8.4139656550334940e-01
-8.2923000635046140e-01
-8.1759133002584239e-01
-8.0598618366107400e-01
-7.9491547594209544e-01
-7.8414197302240962e-01
-7.7354757934418428e-01
-7.6340978308814800e-01
-7.5340572194194599e-01
-7.4367668938436726e-01
-7.3432217713383241e-01
-7.2502569597168487e-01
-7.1604423597163136e-01
-7.0735502277107376e-01
-6.9870871554682790e-01
-6.9037893299232855e-01
-6.8225657810530249e-01
-6.7421310924687006e-01
-6.6645684789938064e-01
-6.5884131871769747e-01
-6.5133782408199903e-01
-6.4407927152377020e-01
-6.3693619111951993e-01
-6.2991276192533208e-01
-6.2309997958854113e-01
-6.1638786588099492e-01
-6.0979442950907170e-01
-6.0338656159641824e-01
-5.9706696333556053e-01
-5.9086150893239642e-01
-5.8482359006856699e-01
-5.7886397851000981e-01
-5.7301107147793628e-01
-5.6731311309794208e-01
-5.6168590894363002e-01
-5.5615567935116805e-01
-5.5077205595859280e-01
-5.4545389661689925e-01
-5.4022116804671327e-01
-5.3513003193307673e-01
-5.3010114679521836e-01
-5.2514474562291458e-01
-5.2032344969018551e-01
-5.1557134015806116e-01
-5.1087357297421332e-01
-5.0630232552794829e-01
-5.0181725174717162e-01
-4.9736337705885758e-01
-4.9302871531500508e-01
-4.8879950440400544e-01
-4.8457735999303242e-01
-4.8046823817898465e-01
-4.7646817374044798e-01
-4.7248495060119838e-01
-4.6859198431540094e-01
-4.6480333764073972e-01
-4.6106087267817486e-01
-4.5737699845602919e-01
-4.5379350286247655e-01
-4.5027559011124613e-01
-4.4680561536519409e-01
-4.4342249617628415e-01
-4.4012298091594776e-01
-4.3685787920427394e-01
-4.3367797758379784e-01
-4.3058399250683987e-01
-4.2752399194895219e-01
-4.2454523467402799e-01
-4.2164848505332370e-01
-4.1880251452322581e-01
-4.1601558840452268e-01
-4.1331640275647757e-01
-4.1068871499400278e-01
-4.0809281856872309e-01
-4.0558347673098732e-01
-4.0315940717910353e-01
-4.0077429784515606e-01
-3.9845434100693550e-01
-3.9621883071392056e-01
-3.9404656103157598e-01
-3.9192461577358445e-01
-3.8988098400602322e-01
-3.8791704562789292e-01
-3.8598677342873217e-01
-3.8413662700630530e-01
-3.8236834465954495e-01
-3.8065111806822355e-01
-3.7899142469879377e-01
-3.7741493970040840e-01
-3.7592029602121957e-01
-3.7446928213403230e-01
0.0000000000000000e+00
4.3454609458805848e-01
3.6295210385578758e-02
1.4534768391059000e+01
];
