%Vec Object:sol 1 MPI processes
%  type: mpi
sol = [
0.0000000000000000e+00
-1.5094433488737378e+00
-1.4700725176395761e+00
-1.4322229417946453e+00
-1.3959004199583827e+00
-1.3613148924614746e+00
-1.3278926159103168e+00
-1.2957370145067757e+00
-1.2647943901413412e+00
-1.2350247970331572e+00
-1.2062214840220795e+00
-1.1782565211798159e+00
-1.1513918712555249e+00
-1.1251952331026429e+00
-1.0997966337325193e+00
-1.0752978568870721e+00
-1.0512310370859170e+00
-1.0279372032241316e+00
-1.0053057395025984e+00
-9.8306990499196856e-01
-9.6151581999874991e-01
-9.4038615752919641e-01
-9.1970929413063329e-01
-8.9957583101511240e-01
-8.7971426200673963e-01
-8.6033397364038977e-01
-8.4130361502441831e-01
-8.2257410299263978e-01
-8.0420320563456749e-01
-7.8613427901007349e-01
-7.6833288801675603e-01
-7.5077764798242397e-01
-7.3352054484030582e-01
-7.1623600330274895e-01
-6.9761023190782312e-01
-6.6578550325114061e-01
-5.8832601621173164e-01
-4.9004056789399819e-01
-4.2325943418344975e-01
-3.9201686650653494e-01
-3.7900451566184434e-01
-3.7296751529979816e-01
-3.6934975366684558e-01
-3.6648586083537094e-01
-3.6376466242098604e-01
-3.6094125922278814e-01
-3.5796069005283521e-01
-3.5480920425073337e-01
-3.5146479761496957e-01
-3.4796138881986532e-01
-3.4430719483268801e-01
-3.4050795837967729e-01
-3.3659583154133116e-01
-3.3257621524077530e-01
-3.2846107548028869e-01
-3.2427358953922270e-01
-3.2000469377965302e-01
-3.1564224412036868e-01
-3.1122862563948522e-01
-3.0678324097343607e-01
-3.0230077361680924e-01
-2.9781158935178448e-01
-2.9331518801772138e-01
-2.8881363411113076e-01
-2.8431845387020016e-01
-2.7984154293735503e-01
-2.7538966166832257e-01
-2.7095848481202295e-01
-2.6655734719820262e-01
-2.6219642323463566e-01
-2.5787495409625166e-01
-2.5358552408022206e-01
-2.4935225713975834e-01
-2.4517181253833276e-01
-2.4103091931658854e-01
-2.3693859974835324e-01
-2.3290104285814811e-01
-2.2891357642106433e-01
-2.2497083084863800e-01
-2.2107341135390615e-01
-2.1723072048436393e-01
-2.1343452118238271e-01
-2.0968120462972234e-01
-2.0596416242047763e-01
-2.0228932052075618e-01
-1.9865281072044250e-01
-1.9504723855283423e-01
-1.9146755009583824e-01
-1.8790640298293029e-01
-1.8437114018657727e-01
-1.8084904567145893e-01
-1.7733279375151853e-01
-1.7381680613612965e-01
-1.7029713117400855e-01
-1.6675877531835273e-01
-1.6319277790217948e-01
-1.5959276217098092e-01
-1.5594157705551248e-01
-1.5223272654975867e-01
0.0000000000000000e+00
4.9235361074918849e-01
3.5734011541539108e-02
7.2604812790296958e+00
];
