%Vec Object:sol 1 MPI processes
%  type: mpi
sol = [
0.0000000000000000e+00
-9.3655996922464890e-01
-9.2151536396967393e-01
-9.0668483954838308e-01
-8.9252218642878156e-01
-8.7889061725231066e-01
-8.6546296173459925e-01
-8.5271849523364740e-01
-8.4018766611495732e-01
-8.2805816222454465e-01
-8.1650049056316742e-01
-8.0494012711095408e-01
-7.9390283132965844e-01
-7.8321533861189696e-01
-7.7265245803129923e-01
-7.6254599676170087e-01
-7.5262363411375988e-01
-7.4292435116728761e-01
-7.3359956943351734e-01
-7.2438089556285934e-01
-7.1542779528187295e-01
-7.0676706855386562e-01
-6.9819499260551066e-01
-6.8989251946642782e-01
-6.8182276835891176e-01
-6.7382428915058679e-01
-6.6609388093637190e-01
-6.5854656364318476e-01
-6.5106818983116388e-01
-6.4383508747813578e-01
-6.3675773372984412e-01
-6.2975915750405154e-01
-6.2297159540478730e-01
-6.1632295745608767e-01
-6.0975422279646219e-01
-6.0337143075077404e-01
-5.9711321546736973e-01
-5.9093236373453217e-01
-5.8491941309075601e-01
-5.7901922457054988e-01
-5.7319083653704173e-01
-5.6751774415846112e-01
-5.6194808303862187e-01
-5.5644227797542867e-01
-5.5108340389749766e-01
-5.4582096664319379e-01
-5.4061254335861619e-01
-5.3554601603228758e-01
-5.3057108101040551e-01
-5.2563883292070812e-01
-5.2084196918289871e-01
-5.1614207040721471e-01
-5.1146824919029998e-01
-5.0692118832333877e-01
-5.0248058378745575e-01
-4.9805586075498265e-01
-4.9374448960199913e-01
-4.8954387464208687e-01
-4.8536352604761090e-01
-4.8127661502938585e-01
-4.7729881292476423e-01
-4.7336053238932202e-01
-4.6948893740596148e-01
-4.6572161012943347e-01
-4.6202176834582548e-01
-4.5835813784392326e-01
-4.5479472806239607e-01
-4.5131684984268428e-01
-4.4786571714453410e-01
-4.4450115343471380e-01
-4.4123091112458335e-01
-4.3799058167790766e-01
-4.3482699109795919e-01
-4.3174887121787159e-01
-4.2872162610940390e-01
-4.2575701357050938e-01
-4.2287383088050196e-01
-4.2005710940613644e-01
-4.1728178433719260e-01
-4.1459350987893911e-01
-4.1198587163656558e-01
-4.0940383172143235e-01
-4.0690201563496542e-01
-4.0448460252192442e-01
-4.0211918402679553e-01
-3.9980335023416497e-01
-3.9757096417197624e-01
-3.9541385690147002e-01
-3.9329229963408840e-01
-3.9124791901063199e-01
-3.8928205656685511e-01
-3.8736050330280952e-01
-3.8550541535289440e-01
-3.8373089008126665e-01
-3.8201713490175015e-01
-3.8034773303565844e-01
-3.7875978290399775e-01
-3.7725408560334517e-01
-3.7579364780697921e-01
0.0000000000000000e+00
4.3403254659616569e-01
3.6295210385578758e-02
1.4534768391059000e+01
];
