%Vec Object:sol 1 MPI processes
%  type: mpi
sol = [
0.0000000000000000e+00
-9.9282635594708490e-01
-9.7539416073433072e-01
-9.5865974967074330e-01
-9.4225828491391028e-01
-9.2669610120876700e-01
-9.1135078783156553e-01
-8.9665203079859079e-01
-8.8242797307758569e-01
-8.6848743154846997e-01
-8.5519526361406428e-01
-8.4202036963272464e-01
-8.2936054810690019e-01
-8.1707941076211554e-01
-8.0499063728338049e-01
-7.9340582680176608e-01
-7.8194230930103303e-01
-7.7083939543838087e-01
-7.6009027206658253e-01
-7.4942560408808212e-01
-7.3916091037338194e-01
-7.2905923672878026e-01
-7.1916782566559967e-01
-7.0961634201569213e-01
-7.0009590004101008e-01
-6.9086851225319212e-01
-6.8186161145428237e-01
-6.7293131930114203e-01
-6.6427660562672730e-01
-6.5573951683515797e-01
-6.4733694122647967e-01
-6.3917705448969353e-01
-6.3106080978655033e-01
-6.2312112954408838e-01
-6.1535349958577246e-01
-6.0765624805576113e-01
-6.0012016991553441e-01
-5.9270272112599753e-01
-5.8537552207319077e-01
-5.7819273730346543e-01
-5.7108925956972678e-01
-5.6408989211510552e-01
-5.5721761317909835e-01
-5.5039722074286168e-01
-5.4368932220484545e-01
-5.3709119285110429e-01
-5.3052751222566585e-01
-5.2407989613575356e-01
-5.1772512774852764e-01
-5.1139575456039321e-01
-5.0517775690984279e-01
-4.9904450303905223e-01
-4.9293065856193591e-01
-4.8691585502285184e-01
-4.8098663971019218e-01
-4.7507296194156229e-01
-4.6924280282963710e-01
-4.6350074789561518e-01
-4.5777551113640924e-01
-4.5211593372640674e-01
-4.4654199251565557e-01
-4.4100400577891780e-01
-4.3550571125762699e-01
-4.3008853580227718e-01
-4.2473770388590071e-01
-4.1939634939649673e-01
-4.1413364876867015e-01
-4.0894760610636188e-01
-4.0378717017987414e-01
-3.9868174938151663e-01
-3.9365363901835071e-01
-3.8868852539524262e-01
-3.8375611944311316e-01
-3.7889862008079944e-01
-3.7412213166451719e-01
-3.6939701677068471e-01
-3.6473456349021294e-01
-3.6015603389648071e-01
-3.5566799113701825e-01
-3.5123435866989894e-01
-3.4689140675576485e-01
-3.4264614768707458e-01
-3.3850561161626241e-01
-3.3444149856612904e-01
-3.3049539406001599e-01
-3.2666893183700807e-01
-3.2297513005479977e-01
-3.1939386294892880e-01
-3.1597109464313433e-01
-3.1271897100949803e-01
-3.0965995963604015e-01
-3.0679417217526000e-01
-3.0418052029522769e-01
-3.0185796615846372e-01
-2.9985860830185257e-01
-2.9819604601467792e-01
-2.9688078655718331e-01
-2.9587421467251979e-01
-2.9506104281556367e-01
0.0000000000000000e+00
4.5104845616018274e-01
3.6295210385578758e-02
1.4534768391059000e+01
];
