%Vec Object:sol 1 MPI processes
%  type: mpi
sol = [
0.0000000000000000e+00
-1.1092587906819660e+00
-1.0884904800338946e+00
-1.0685364939717006e+00
-1.0491291177616195e+00
-1.0305903465517234e+00
-1.0123861068595299e+00
-9.9495265396333099e-01
-9.7795808828447739e-01
-9.6148540727743370e-01
-9.4558305641020512e-01
-9.2996560796566807e-01
-9.1491038193022822e-01
-9.0018614073578340e-01
-8.8589162824989010e-01
-8.7192864054379338e-01
-8.5835697226220764e-01
-8.4500201094363658e-01
-8.3213127629899530e-01
-8.1934912384735303e-01
-8.0700713407348801e-01
-7.9484638675229424e-01
-7.8296062712794467e-01
-7.7135184032358428e-01
-7.5991092366757984e-01
-7.4875016528899907e-01
-7.3776089540043888e-01
-7.2700319332042196e-01
-7.1635920181962343e-01
-7.0599127483229518e-01
-6.9571013464226450e-01
-6.8563631680405412e-01
-6.7574586367933920e-01
-6.6592725441327327e-01
-6.5634519535921187e-01
-6.4681567733313439e-01
-6.3744667438855296e-01
-6.2820943399631524e-01
-6.1906978827053760e-01
-6.1007790660660166e-01
-6.0113207740813901e-01
-5.9233628587998732e-01
-5.8360572999740123e-01
-5.7496810579981006e-01
-5.6646175133066323e-01
-5.5795518748605744e-01
-5.4957275082416257e-01
-5.4127600036713119e-01
-5.3299157368991656e-01
-5.2481754281499304e-01
-5.1668840620687562e-01
-5.0859200662017734e-01
-5.0058257781873849e-01
-4.9258660483549765e-01
-4.8463992361086033e-01
-4.7675390215177171e-01
-4.6885984021913951e-01
-4.6101803930469387e-01
-4.5320174406497876e-01
-4.4534456331766398e-01
-4.3747128837574190e-01
-4.2947869386246973e-01
-4.2114003654667276e-01
-4.1216418167535213e-01
-4.0190022808785042e-01
-3.8921048770919342e-01
-3.7292275342356468e-01
-3.5329295343752498e-01
-3.3313303972465214e-01
-3.1550918309521098e-01
-3.0153571498406073e-01
-2.9120449102475621e-01
-2.8361167847674484e-01
-2.7787652361238396e-01
-2.7333527966377558e-01
-2.6955048566908862e-01
-2.6623341871365769e-01
-2.6319048618097840e-01
-2.6029662667932935e-01
-2.5747745345649076e-01
-2.5468994136956097e-01
-2.5189457502819679e-01
-2.4906885456925246e-01
-2.4619459083873971e-01
-2.4326877292771112e-01
-2.4028309915254256e-01
-2.3722754094460832e-01
-2.3409641433749112e-01
-2.3088358453622343e-01
-2.2759676441274518e-01
-2.2422442185016592e-01
-2.2075586640129777e-01
-2.1718851128517550e-01
-2.1351866265187194e-01
-2.0973165752162443e-01
-2.0582061174972938e-01
-2.0177453159942579e-01
-1.9757414362857939e-01
-1.9321238868029159e-01
0.0000000000000000e+00
4.6828131083808733e-01
3.6222690386136493e-02
1.3035838158387616e+01
];
