%Vec Object:sol 1 MPI processes
%  type: mpi
sol = [
0.0000000000000000e+00
-2.0887726402581164e-06
-2.3696618490994687e-06
-2.4257707749018692e-06
-2.4665385227097588e-06
-5.4379543612933208e-05
-1.9853705568457245e+00
-1.7943056518622686e+00
-1.6202330865765644e+00
-1.4651764465723756e+00
-1.3132849956952930e+00
-1.1638286213265960e+00
-1.0127445349684587e+00
-8.5466019913986546e-01
-7.0315952422398398e-01
-5.5088566352119017e-01
-4.2300938601984189e-01
-3.1068362442695840e-01
-2.3217949623831452e-01
-1.7618859099926962e-01
-1.4597551767658953e-01
-1.3156959239179500e-01
-1.2920846448418677e-01
-1.3323776718437541e-01
-1.4023974063913536e-01
-1.4810798116992249e-01
-1.5544508316918279e-01
-1.6158344536970753e-01
-1.6658493212669226e-01
-1.7006400661073598e-01
-1.7259391551553449e-01
-1.7401602979052325e-01
-1.7469211444593161e-01
-1.7477961088067634e-01
-1.7432817893048497e-01
-1.7354510136740037e-01
-1.7248199555986873e-01
-1.7119859794187953e-01
-1.6977119320371412e-01
-1.6824247856501309e-01
-1.6663234093716303e-01
-1.6497120375481431e-01
-1.6325511891348835e-01
-1.6154123393162256e-01
-1.5982936805604964e-01
-1.5805356662291314e-01
-1.5631364140826443e-01
-1.5459050841707678e-01
-1.5287777489783536e-01
-1.5111774800629307e-01
-1.4941142663707105e-01
-1.4772518193067041e-01
-1.4605863116603035e-01
-1.4437575694115648e-01
-1.4269535295875937e-01
-1.4107254679593886e-01
-1.3945513160749509e-01
-1.3783847602478658e-01
-1.3625326935139342e-01
-1.3466886678250573e-01
-1.3307697019728981e-01
-1.3153849645993856e-01
-1.3001913029369552e-01
-1.2850087636774640e-01
-1.2698868187323789e-01
-1.2551066138485092e-01
-1.2404716389761593e-01
-1.2258193636928018e-01
-1.2113476966997613e-01
-1.1971398221810227e-01
-1.1829470301015931e-01
-1.1687828638086019e-01
-1.1549437463644172e-01
-1.1413398120610758e-01
-1.1277206360579664e-01
-1.1141724285293958e-01
-1.1008546201924735e-01
-1.0876913719647391e-01
-1.0745556863975700e-01
-1.0614134086618858e-01
-1.0485206248419941e-01
-1.0357970497634975e-01
-1.0231395651494257e-01
-1.0105033776398072e-01
-9.9800849194468147e-02
-9.8567203712681697e-02
-9.7340579057516322e-02
-9.6119021205531938e-02
-9.4898326123532800e-02
-9.3689517253169041e-02
-9.2480684797564827e-02
-9.1289249762276758e-02
-9.0103296274577221e-02
-8.8927261439947849e-02
-8.7753065923492454e-02
-8.6564289166601333e-02
-8.5388558708079890e-02
-8.4222017601253168e-02
-8.3063649060099512e-02
0.0000000000000000e+00
7.0879271839682834e-01
3.0309825212947179e-02
9.0114405491804972e-01
];
