%Vec Object:sol 1 MPI processes
%  type: mpi
sol = [
0.0000000000000000e+00
-1.5689570510195778e+00
-1.5259169167903448e+00
-1.4848073663668178e+00
-1.4455482815627485e+00
-1.4080195320412352e+00
-1.3716796949684134e+00
-1.3370144866838938e+00
-1.3036523896372241e+00
-1.2713486146806754e+00
-1.2403273217144959e+00
-1.2102240341644743e+00
-1.1811998945214024e+00
-1.1530006593608011e+00
-1.1256758500290780e+00
-1.0992581936130590e+00
-1.0733837483126893e+00
-1.0483228074330384e+00
-1.0239676350136706e+00
-1.0000523199461464e+00
-9.7685026721295565e-01
-9.5413886228819800e-01
-9.3187794970023852e-01
-9.1020956570681000e-01
-8.8884235945998669e-01
-8.6794818091279080e-01
-8.4748607345732685e-01
-8.2727508241677195e-01
-8.0750371380291952e-01
-7.8797424037174757e-01
-7.6870148582244224e-01
-7.4891069933844423e-01
-7.2008373457852692e-01
-6.3914187278214751e-01
-5.1849784717104042e-01
-4.3756123714900957e-01
-4.0247406284934101e-01
-3.8922515539745284e-01
-3.8351229852179697e-01
-3.8012959041674077e-01
-3.7733509725237813e-01
-3.7456930951916412e-01
-3.7162488523688603e-01
-3.6846530037636971e-01
-3.6508828709208174e-01
-3.6148106102001154e-01
-3.5768469708813833e-01
-3.5372400408202292e-01
-3.4959429156761579e-01
-3.4533796132702443e-01
-3.4097059630734383e-01
-3.3649303866992808e-01
-3.3189572923614807e-01
-3.2722202167826658e-01
-3.2248410920451931e-01
-3.1770636634378074e-01
-3.1290137741384738e-01
-3.0807062511935074e-01
-3.0323126570904785e-01
-2.9840145260286738e-01
-2.9357531353376604e-01
-2.8878286945242104e-01
-2.8402188490994446e-01
-2.7929279607972035e-01
-2.7460560524918276e-01
-2.6997094366047419e-01
-2.6539335217383958e-01
-2.6086652655145598e-01
-2.5639833123325639e-01
-2.5199689974748640e-01
-2.4765912317589223e-01
-2.4337596257060948e-01
-2.3916986323093159e-01
-2.3503552778268022e-01
-2.3095772312134524e-01
-2.2694383671929194e-01
-2.2299867913207003e-01
-2.1911605769981882e-01
-2.1528894714239219e-01
-2.1151638444822088e-01
-2.0780686937048504e-01
-2.0415086587659553e-01
-2.0054350819427946e-01
-1.9697701356609304e-01
-1.9345653595536888e-01
-1.8997726761565042e-01
-1.8653096524775378e-01
-1.8311172018240640e-01
-1.7971123644855200e-01
-1.7633624253363248e-01
-1.7297321449756772e-01
-1.6961455559765570e-01
-1.6625381965928451e-01
-1.6288645816034980e-01
-1.5949673446955134e-01
-1.5607486722130265e-01
-1.5261416199657354e-01
-1.4909673647998387e-01
-1.4551517517340432e-01
0.0000000000000000e+00
4.9668579941513330e-01
3.5650919984322106e-02
6.7076772059242815e+00
];
