%Vec Object:sol 1 MPI processes
%  type: mpi
sol = [
0.0000000000000000e+00
-1.8904877141826293e-06
-2.1378037445760778e-06
-2.1873093237934097e-06
-2.2903403871235311e+00
-2.0443046250992678e+00
-1.8356456112845505e+00
-1.6591174423489135e+00
-1.4980827316663521e+00
-1.3545304556419551e+00
-1.2136104530618319e+00
-1.0744902863457388e+00
-9.3345581058473137e-01
-7.8538806158961560e-01
-6.4310076111297554e-01
-4.9977653676713979e-01
-3.7921499763240030e-01
-2.7320003877380600e-01
-1.9908991963636485e-01
-1.4625037059132368e-01
-1.1783319464113068e-01
-1.0442541713118660e-01
-1.0245549131620355e-01
-1.0659052070989282e-01
-1.1356997532992656e-01
-1.2139536232571840e-01
-1.2873262376971228e-01
-1.3493643682821987e-01
-1.4008042971970189e-01
-1.4375998800074494e-01
-1.4655323046014046e-01
-1.4828252889479648e-01
-1.4929373139809354e-01
-1.4975686184950437e-01
-1.4968647052462913e-01
-1.4930204907424374e-01
-1.4865282517239220e-01
-1.4777673400761038e-01
-1.4676592777645897e-01
-1.4566017216200489e-01
-1.4446177776448219e-01
-1.4321451274208416e-01
-1.4191941014014400e-01
-1.4061310066604304e-01
-1.3930431701046511e-01
-1.3794447065800083e-01
-1.3660523962005175e-01
-1.3527721793403039e-01
-1.3396071222342160e-01
-1.3260385666657362e-01
-1.3128477550648807e-01
-1.2998714966559985e-01
-1.2870543332728218e-01
-1.2740694431255511e-01
-1.2611443623615839e-01
-1.2486941180416812e-01
-1.2362791512482042e-01
-1.2238704709298497e-01
-1.2117503449137181e-01
-1.1996509797949716e-01
-1.1874670370367384e-01
-1.1757864524981479e-01
-1.1642751654203702e-01
-1.1527624134754549e-01
-1.1413193342134037e-01
-1.1302036213831543e-01
-1.1192241034791971e-01
-1.1082426652180098e-01
-1.0974274806052593e-01
-1.0868702238127435e-01
-1.0763513139750550e-01
-1.0658473061365607e-01
-1.0556750336020419e-01
-1.0457420248337178e-01
-1.0357958363591081e-01
-1.0259400018827425e-01
-1.0163201624741000e-01
-1.0068549376790559e-01
-9.9742874639488457e-02
-9.8803113019602401e-02
-9.7889012465326372e-02
-9.6991879702296821e-02
-9.6102529437396000e-02
-9.5217255622131666e-02
-9.4347172396633705e-02
-9.3493843240486527e-02
-9.2647737074385714e-02
-9.1806759219514991e-02
-9.0967439738407416e-02
-9.0142105447787793e-02
-8.9318153640703765e-02
-8.8505764324961558e-02
-8.7696325598473998e-02
-8.6893655138808146e-02
-8.6088854875406046e-02
-8.5268193033613160e-02
-8.4450925956235975e-02
-8.3629913994388960e-02
-8.2805644918855767e-02
0.0000000000000000e+00
6.7314886971982624e-01
3.1164381400874984e-02
1.0748906937475298e+00
];
