%Vec Object:sol 1 MPI processes
%  type: mpi
sol = [
0.0000000000000000e+00
-9.5761994558048869e-01
-9.4153825997685414e-01
-9.2610467388890383e-01
-9.1092834115891652e-01
-8.9652582659998614e-01
-8.8238888342551414e-01
-8.6875213776506166e-01
-8.5564533058679659e-01
-8.4273498749974485e-01
-8.3037999937728002e-01
-8.1831011372467732e-01
-8.0652342505676156e-01
-7.9517828568075888e-01
-7.8405155679901462e-01
-7.7326080512134143e-01
-7.6279329748408753e-01
-7.5248283639104996e-01
-7.4252447382462028e-01
-7.3280766887821669e-01
-7.2324849733201702e-01
-7.1399462670619374e-01
-7.0493037215824217e-01
-6.9605726554106595e-01
-6.8742609088513695e-01
-6.7893896993857994e-01
-6.7066533938783779e-01
-6.6258757150590819e-01
-6.5461514648066310e-01
-6.4685902262429029e-01
-6.3928635598845573e-01
-6.3177727263117844e-01
-6.2448250794776594e-01
-6.1733982659966680e-01
-6.1027361995921647e-01
-6.0339557146291034e-01
-5.9664346658641487e-01
-5.8997496852754605e-01
-5.8347541268345582e-01
-5.7708104313564246e-01
-5.7077213084351808e-01
-5.6461869780401708e-01
-5.5855457838052447e-01
-5.5257345618036102e-01
-5.4673885463024297e-01
-5.4098209517651918e-01
-5.3530237891633226e-01
-5.2976378466601415e-01
-5.2429550012000037e-01
-5.1889550928168704e-01
-5.1363001086014282e-01
-5.0843899734134224e-01
-5.0330123147748851e-01
-4.9828949498554476e-01
-4.9336775685407463e-01
-4.8847835783408466e-01
-4.8370805955088914e-01
-4.7904671748518973e-01
-4.7439514694119445e-01
-4.6985712801844781e-01
-4.6542898958941392e-01
-4.6102814782179874e-01
-4.5671562349528355e-01
-4.5250924520755909e-01
-4.4836128742455894e-01
-4.4427063300095554e-01
-4.4028347308773691e-01
-4.3637688236336919e-01
-4.3251691080520549e-01
-4.2874879501768687e-01
-4.2508059959629241e-01
-4.2144918659680008e-01
-4.1790755093023269e-01
-4.1445925193123917e-01
-4.1107406200253893e-01
-4.0776312547163140e-01
-4.0454376501691269e-01
-4.0140906088689965e-01
-3.9832620564559662e-01
-3.9534268054075444e-01
-3.9245315730464558e-01
-3.8962072610856152e-01
-3.8687226813666137e-01
-3.8422391230706843e-01
-3.8166503854857414e-01
-3.7915874015065215e-01
-3.7675412459408519e-01
-3.7445095872355028e-01
-3.7221948690173873e-01
-3.7006868053282688e-01
-3.6801843697458247e-01
-3.6606969647479776e-01
-3.6418370271412798e-01
-3.6240535736309654e-01
-3.6073264688472534e-01
-3.5915693603129006e-01
-3.5768607598917079e-01
-3.5636228970788286e-01
-3.5521607076745221e-01
0.0000000000000000e+00
4.4053663081212435e-01
3.6295210385578758e-02
1.4534768391059000e+01
];
