%Vec Object:sol 1 MPI processes
%  type: mpi
sol = [
0.0000000000000000e+00
-9.1942813142617641e-01
-9.0491713494258730e-01
-8.9102394764071102e-01
-8.7738824800853399e-01
-8.6436334295173667e-01
-8.5176440652787200e-01
-8.3940586154886243e-01
-8.2753118366512024e-01
-8.1607738366700722e-01
-8.0486926455015451e-01
-7.9399463738458376e-01
-7.8351649445637050e-01
-7.7321877918833959e-01
-7.6328758132608632e-01
-7.5365195951950825e-01
-7.4415312839091408e-01
-7.3503236696894836e-01
-7.2611276109735023e-01
-7.1733863464707071e-01
-7.0892031103825048e-01
-7.0061651407924719e-01
-6.9250013401876687e-01
-6.8469597321735942e-01
-6.7694804127803032e-01
-6.6940897409560995e-01
-6.6214623429289043e-01
-6.5490227201136619e-01
-6.4787399962750292e-01
-6.4108197469776829e-01
-6.3430723024810409e-01
-6.2773423195802325e-01
-6.2136486039714545e-01
-6.1501745300330912e-01
-6.0885302881012981e-01
-6.0286839238212353e-01
-5.9690928928818865e-01
-5.9111397352852280e-01
-5.8548131671056103e-01
-5.7987725429400627e-01
-5.7441753766223957e-01
-5.6910852763712538e-01
-5.6383098010664867e-01
-5.5867823609052047e-01
-5.5366827982466504e-01
-5.4869274592837591e-01
-5.4382251036240226e-01
-5.3909030222152321e-01
-5.3439569667851050e-01
-5.2978703480403122e-01
-5.2531000379132675e-01
-5.2088232938273848e-01
-5.1651734600468724e-01
-5.1227533356408250e-01
-5.0810317084596168e-01
-5.0396653214541498e-01
-4.9994534667483115e-01
-4.9601570798179584e-01
-4.9209434694341875e-01
-4.8828193775447903e-01
-4.8457432947636686e-01
-4.8086601851484850e-01
-4.7725162442599789e-01
-4.7373679540471342e-01
-4.7025117567569741e-01
-4.6682598105168721e-01
-4.6349574930461618e-01
-4.6021391857568522e-01
-4.5698084403120481e-01
-4.5382831030768611e-01
-4.5074143296739799e-01
-4.4768918693856796e-01
-4.4471505514830062e-01
-4.4181718256339142e-01
-4.3893417923898348e-01
-4.3613441236313294e-01
-4.3340842367858412e-01
-4.3070739435287342e-01
-4.2806968022668035e-01
-4.2551080131645636e-01
-4.2299584965326631e-01
-4.2051693884825475e-01
-4.1811485531927378e-01
-4.1578083098886975e-01
-4.1346641233016723e-01
-4.1121869910620840e-01
-4.0904463526021212e-01
-4.0689786898740449e-01
-4.0481099960982775e-01
-4.0279081305141229e-01
-4.0081489023719430e-01
-3.9887825495798790e-01
-3.9701209650037039e-01
-3.9521202856152815e-01
-3.9342557019988017e-01
-3.9170746814676632e-01
-3.9005796034928852e-01
-3.8844119470191774e-01
-3.8687685749547068e-01
0.0000000000000000e+00
4.2871072787735826e-01
3.6295210385578758e-02
1.4534768391059000e+01
];
