%Vec Object:sol 1 MPI processes
%  type: mpi
sol = [
0.0000000000000000e+00
-9.2008178342145930e-01
-9.0555352752504514e-01
-8.9164353630672655e-01
-8.7796625508873716e-01
-8.6492607099987617e-01
-8.5228959914755908e-01
-8.3991543647538935e-01
-8.2802734170705239e-01
-8.1653686571103989e-01
-8.0531634598501112e-01
-7.9442934944622323e-01
-7.8391666021325179e-01
-7.7360748874544627e-01
-7.6366487398161043e-01
-7.5399657929095121e-01
-7.4448705124076275e-01
-7.3535561746800604e-01
-7.2640496883207051e-01
-7.1762075666182523e-01
-7.0919234239690276e-01
-7.0085896487664168e-01
-6.9273299811185185e-01
-6.8491921680824563e-01
-6.7714305117684925e-01
-6.6959481683188948e-01
-6.6232286375836613e-01
-6.5505193599932809e-01
-6.4801487740837393e-01
-6.4121401409110712e-01
-6.3441351961822590e-01
-6.2783209891185321e-01
-6.2145425166206725e-01
-6.1508225791426208e-01
-6.0890975992950869e-01
-6.0291699533173349e-01
-5.9693441281146098e-01
-5.9113134712796922e-01
-5.8549088222629675e-01
-5.7986438066512469e-01
-5.7439720351425083e-01
-5.6908066977136174e-01
-5.6378164614966297e-01
-5.5862169705359888e-01
-5.5360447061737639e-01
-5.4860836523355139e-01
-5.4373116177307590e-01
-5.3899192569146215e-01
-5.3427761957030617e-01
-5.2966223350830355e-01
-5.2517843071350123e-01
-5.2073193827601194e-01
-5.1636050539942768e-01
-5.1211201509479953e-01
-5.0792193745651071e-01
-5.0377916513680532e-01
-4.9975183057522110e-01
-4.9580514424011163e-01
-4.9187796828535629e-01
-4.8805971122406289e-01
-4.8433817957096781e-01
-4.8062247669160724e-01
-4.7700302753718971e-01
-4.7348314808272790e-01
-4.6998286268098727e-01
-4.6655304397281150e-01
-4.6321826401856386e-01
-4.5992277385903529e-01
-4.5668565977013792e-01
-4.5352920250967660e-01
-4.5042978669235295e-01
-4.4737416731693364e-01
-4.4439680325021186e-01
-4.4148751233592010e-01
-4.3860186698862308e-01
-4.3579961856837812e-01
-4.3307132525365299e-01
-4.3036043011428721e-01
-4.2772105160631990e-01
-4.2516070479535312e-01
-4.2263711601671344e-01
-4.2015742099636116e-01
-4.1775477435988689e-01
-4.1541338301338621e-01
-4.1309911397674709e-01
-4.1085179828940432e-01
-4.0867838324129852e-01
-4.0652597907446192e-01
-4.0444050618165334e-01
-4.0242198725781997e-01
-4.0044176082083882e-01
-3.9850756171184176e-01
-3.9664412007703792e-01
-3.9484107871754670e-01
-3.9305812286504149e-01
-3.9134381832109011e-01
-3.8969841395173227e-01
-3.8808049103053999e-01
-3.8652111596962563e-01
0.0000000000000000e+00
4.2892366692205119e-01
3.6295210385578758e-02
1.4534768391059000e+01
];
