%Vec Object:sol 1 MPI processes
%  type: mpi
sol = [
0.0000000000000000e+00
-1.7646218608994600e-06
-1.9782272961084129e-06
-2.4432464684699409e+00
-2.1311127078595304e+00
-1.9011886990774296e+00
-1.7069977616403986e+00
-1.5429605030751674e+00
-1.3931282276534194e+00
-1.2594607748087532e+00
-1.1279677023709780e+00
-9.9772865220563234e-01
-8.6532904201293448e-01
-7.2586778381250006e-01
-5.9149683485135440e-01
-4.5586234995355956e-01
-3.4158580133036709e-01
-2.4099321606135421e-01
-1.7065849971583338e-01
-1.2052661677746344e-01
-9.3652457313968304e-02
-8.1102259818493144e-02
-7.9468438618694973e-02
-8.3694309538213149e-02
-9.0654428834914008e-02
-9.8443023995201384e-02
-1.0578047538388653e-01
-1.1204061563934541e-01
-1.1730721170566928e-01
-1.2115930044539502e-01
-1.2417924220253100e-01
-1.2617317905090208e-01
-1.2747340745562377e-01
-1.2826091777035675e-01
-1.2852033424970319e-01
-1.2848192859205870e-01
-1.2819323607772345e-01
-1.2767397141041845e-01
-1.2703051013245431e-01
-1.2630079407215664e-01
-1.2547297934295845e-01
-1.2460334733187590e-01
-1.2369838513644450e-01
-1.2277863957069506e-01
-1.2186212322418385e-01
-1.2091696378165413e-01
-1.1999287542647179e-01
-1.1909106711405029e-01
-1.1821966382972725e-01
-1.1733501855051949e-01
-1.1649828248001219e-01
-1.1571017598978592e-01
-1.1496390875049778e-01
-1.1423308282062396e-01
-1.1354574559779554e-01
-1.1293387882694336e-01
-1.1236362190671484e-01
-1.1183498120599086e-01
-1.1137434725824061e-01
-1.1096036496978916e-01
-1.1058113520760372e-01
-1.1029038190188881e-01
-1.1005551472554589e-01
-1.0985936348199955e-01
-1.0970764357902163e-01
-1.0961875779568060e-01
-1.0957231055721126e-01
-1.0955231261188597e-01
-1.0956745039007221e-01
-1.0962094708559678e-01
-1.0968998847144062e-01
-1.0976348079434721e-01
-1.0986587955550536e-01
-1.0998229385310083e-01
-1.1008429230831460e-01
-1.1017669453973696e-01
-1.1026550998325173e-01
-1.1033806039072699e-01
-1.1037981216728730e-01
-1.1038562948868497e-01
-1.1036877811797755e-01
-1.1031584410055888e-01
-1.1021596620910866e-01
-1.1006012578912353e-01
-1.0985401690072466e-01
-1.0959288681173585e-01
-1.0926463390994505e-01
-1.0886207132417539e-01
-1.0837510346059234e-01
-1.0780960831023761e-01
-1.0714759959131759e-01
-1.0638540104751162e-01
-1.0550860896174363e-01
-1.0450846481557334e-01
-1.0336214217419680e-01
-1.0204589902257707e-01
-1.0054996798948317e-01
-9.8841097320654714e-02
-9.6888026705021543e-02
0.0000000000000000e+00
6.4972046548107487e-01
3.1950093182550085e-02
1.2915338994781298e+00
];
