%Vec Object:sol 1 MPI processes
%  type: mpi
sol = [
0.0000000000000000e+00
-9.3572629716178346e-01
-9.2073658823898630e-01
-9.0592872641025923e-01
-8.9178811021234206e-01
-8.7820736844320235e-01
-8.6479990254532058e-01
-8.5207508300333201e-01
-8.3959175491318061e-01
-8.2748039151767561e-01
-8.1594049904125854e-01
-8.0442467690864394e-01
-7.9340393411508625e-01
-7.8275891587521806e-01
-7.7221152922347513e-01
-7.6212043056777634e-01
-7.5223825322023030e-01
-7.4255350155955702e-01
-7.3324323783216461e-01
-7.2406284987614511e-01
-7.1512360806198039e-01
-7.0647682128467382e-01
-6.9794132273912923e-01
-6.8965225110298667e-01
-6.8159604193805712e-01
-6.7363265045181830e-01
-6.6591534455591317e-01
-6.5838767362110429e-01
-6.5093591974707365e-01
-6.4371503737372804e-01
-6.3666985682252963e-01
-6.2968323712459473e-01
-6.2290782816812929e-01
-6.1629029742838148e-01
-6.0973348396596605e-01
-6.0336280973088119e-01
-5.9713470402712854e-01
-5.9096575406454566e-01
-5.8496489437585919e-01
-5.7909387434322812e-01
-5.7327736995579592e-01
-5.6761634165067087e-01
-5.6207494934084690e-01
-5.5658100955979151e-01
-5.5123417424712462e-01
-5.4599914703771979e-01
-5.4080257076729865e-01
-5.3574805518012292e-01
-5.3079969916541869e-01
-5.2587925785711254e-01
-5.2109434243825814e-01
-5.1641290631654924e-01
-5.1175757145118594e-01
-5.0722177423565962e-01
-5.0279251548693005e-01
-4.9839180364663360e-01
-4.9409144927219673e-01
-4.8990189329556127e-01
-4.8574454643596321e-01
-4.8166828883743590e-01
-4.7770114249797663e-01
-4.7378476929380559e-01
-4.6992335140613140e-01
-4.6616615942187495e-01
-4.6248700830587031e-01
-4.5883295403188595e-01
-4.5527902883172455e-01
-4.5182055957504358e-01
-4.4837826668492997e-01
-4.4502238467753480e-01
-4.4176065147474036e-01
-4.3853782178270506e-01
-4.3538195404246421e-01
-4.3231131855567428e-01
-4.2929996173644053e-01
-4.2634194765993377e-01
-4.2346506043562276e-01
-4.2066245683305675e-01
-4.1789242591858855e-01
-4.1520909198206446e-01
-4.1260601042247835e-01
-4.1003553979749119e-01
-4.0753713790201240e-01
-4.0512270647712151e-01
-4.0276678618737644e-01
-4.0045268973694875e-01
-3.9822155748486210e-01
-3.9607174578028215e-01
-3.9395014378991250e-01
-3.9190515280260901e-01
-3.8993812428925451e-01
-3.8802079962745845e-01
-3.8616310858073133e-01
-3.8438536455851952e-01
-3.8267333127755609e-01
-3.8099906721340987e-01
-3.7940543747227107e-01
-3.7789305562191378e-01
-3.7642968475250449e-01
0.0000000000000000e+00
4.3377920737418435e-01
3.6295210385578758e-02
1.4534768391059000e+01
];
