%Vec Object:sol 1 MPI processes
%  type: mpi
sol = [
0.0000000000000000e+00
-9.8277378349818501e-01
-9.6563051415319490e-01
-9.4915553950474740e-01
-9.3323555751350096e-01
-9.1784538896130441e-01
-9.0297388133014977e-01
-8.8846445508534799e-01
-8.7448792780794016e-01
-8.6091811923117068e-01
-8.4775766250096773e-01
-8.3498842594090805e-01
-8.2249030363921738e-01
-8.1041750197494655e-01
-7.9865730315732630e-01
-7.8718134752571056e-01
-7.7604663316882994e-01
-7.6511984586185444e-01
-7.5452767290081402e-01
-7.4419118155651542e-01
-7.3402491942708581e-01
-7.2417467723673690e-01
-7.1449935689933430e-01
-7.0504997440895711e-01
-6.9584864034977501e-01
-6.8675356345037231e-01
-6.7792392343286623e-01
-6.6926481245116243e-01
-6.6071194745615192e-01
-6.5241177708507248e-01
-6.4422117213119812e-01
-6.3617239129971914e-01
-6.2833704106243449e-01
-6.2056828002422382e-01
-6.1296168254081473e-01
-6.0553938306861799e-01
-5.9814936423101783e-01
-5.9093282961142690e-01
-5.8387630587043904e-01
-5.7683233397318845e-01
-5.6996273202255676e-01
-5.6322244611796823e-01
-5.5650608708339289e-01
-5.4994631960051898e-01
-5.4349756555952966e-01
-5.3707502046087563e-01
-5.3079402632117323e-01
-5.2461588055952646e-01
-5.1845906596238356e-01
-5.1243117112204262e-01
-5.0650226248283747e-01
-5.0059234957772536e-01
-4.9479684760254111e-01
-4.8909934683415468e-01
-4.8342226773232588e-01
-4.7784304112417275e-01
-4.7236637293554551e-01
-4.6690887362096395e-01
-4.6153429263833851e-01
-4.5625906033094565e-01
-4.5101759414552350e-01
-4.4584641238952616e-01
-4.4076406902858994e-01
-4.3573549502921433e-01
-4.3076865223151234e-01
-4.2587832591974462e-01
-4.2106488464386960e-01
-4.1629448677828890e-01
-4.1160963447399823e-01
-4.0700702212818396e-01
-4.0244908793771278e-01
-3.9797322788901274e-01
-3.9358306262082399e-01
-3.8926513080156372e-01
-3.8500666132965372e-01
-3.8084560909013382e-01
-3.7677626855736496e-01
-3.7276851607784295e-01
-3.6885049444699464e-01
-3.6503791614602671e-01
-3.6132713189344035e-01
-3.5767923938506374e-01
-3.5414588612786485e-01
-3.5072967254163651e-01
-3.4742227232632167e-01
-3.4420215773221957e-01
-3.4111132624078877e-01
-3.3815396535153747e-01
-3.3532100124537756e-01
-3.3260650868485658e-01
-3.3004474422644203e-01
-3.2764983872189846e-01
-3.2542303524205751e-01
-3.2338281140220021e-01
-3.2157622921417145e-01
-3.2004924593857870e-01
-3.1883808737630698e-01
-3.1798585483021480e-01
-3.1753520189341411e-01
0.0000000000000000e+00
4.4802154465023786e-01
3.6295210385578758e-02
1.4534768391059000e+01
];
