%Vec Object:sol 1 MPI processes
%  type: mpi
sol = [
0.0000000000000000e+00
-9.7180571218105583e-01
-9.5531184544005532e-01
-9.3907818617058092e-01
-9.2357784661050701e-01
-9.0859376634030398e-01
-8.9393128023373669e-01
-8.7998404942215669e-01
-8.6619579022194348e-01
-8.5296689305891626e-01
-8.4017138787048928e-01
-8.2757156000110621e-01
-8.1553876366299738e-01
-8.0365543364918723e-01
-7.9215199226266930e-01
-7.8104350840190273e-01
-7.7005461253734842e-01
-7.5948239877211399e-01
-7.4912753450332714e-01
-7.3896675199936712e-01
-7.2919155280483727e-01
-7.1948151353473344e-01
-7.1006031082221199e-01
-7.0090962492527187e-01
-6.9184342582748404e-01
-6.8306337862560440e-01
-6.7446106377540527e-01
-6.6596839060108903e-01
-6.5774748203233668e-01
-6.4962341635710408e-01
-6.4165020681961760e-01
-6.3391754732001726e-01
-6.2622851929090073e-01
-6.1871781025082762e-01
-6.1139220476463074e-01
-6.0412661660965594e-01
-5.9702638011713027e-01
-5.9007007383521104e-01
-5.8318586771114800e-01
-5.7645256942901901e-01
-5.6983378041803512e-01
-5.6329524723962565e-01
-5.5689251484486835e-01
-5.5058459788927039e-01
-5.4436161229133340e-01
-5.3825923409561560e-01
-5.3224009611128087e-01
-5.2630750749433330e-01
-5.2048065759157836e-01
-5.1473231719683243e-01
-5.0906543516327951e-01
-5.0349820873019691e-01
-4.9800645477696337e-01
-4.9258477055354444e-01
-4.8726563556262736e-01
-4.8201972211570099e-01
-4.7683042555276300e-01
-4.7174820731745126e-01
-4.6674084968774349e-01
-4.6177515748157100e-01
-4.5691582391498531e-01
-4.5214604808530734e-01
-4.4740219994421898e-01
-4.4275772500864197e-01
-4.3821218788819793e-01
-4.3370465645859074e-01
-4.2927511578413663e-01
-4.2494506750186817e-01
-4.2068695552860197e-01
-4.1647598385836815e-01
-4.1236473217590802e-01
-4.0835222295730533e-01
-4.0437804237618424e-01
-4.0049354690993544e-01
-3.9670985996706709e-01
-3.9300388396596375e-01
-3.8936254222740374e-01
-3.8582050075192770e-01
-3.8238273828003155e-01
-3.7900601409840978e-01
-3.7572610285664249e-01
-3.7254968953332523e-01
-3.6947048227394547e-01
-3.6646907727126665e-01
-3.6357995064484144e-01
-3.6079875620862134e-01
-3.5810844365778804e-01
-3.5551993168340601e-01
-3.5305279479191765e-01
-3.5070479360882850e-01
-3.4844564652203464e-01
-3.4631302046588780e-01
-3.4431838652693081e-01
-3.4246745212842788e-01
-3.4073842896980555e-01
-3.3919426261399621e-01
-3.3787010518174942e-01
-3.3680489254975832e-01
-3.3604781585986615e-01
0.0000000000000000e+00
4.4480333704447816e-01
3.6295210385578758e-02
1.4534768391059000e+01
];
