%Vec Object:sol 1 MPI processes
%  type: mpi
sol = [
0.0000000000000000e+00
-1.6142561149547552e+00
-1.5686088168319434e+00
-1.5248020597547225e+00
-1.4829261385222314e+00
-1.4430680838220555e+00
-1.4046519674140316e+00
-1.3678896129184595e+00
-1.3323878097712705e+00
-1.2982425457854825e+00
-1.2654990690703591e+00
-1.2335959972537165e+00
-1.2028455457555125e+00
-1.1731135918373798e+00
-1.1442742470911704e+00
-1.1162565975702541e+00
-1.0889860650057563e+00
-1.0625583026147483e+00
-1.0367542410219008e+00
-1.0115441278351240e+00
-9.8706805144921794e-01
-9.6302969535419602e-01
-9.3954513459271982e-01
-9.1663461860169226e-01
-8.9405369536873613e-01
-8.7197832985994794e-01
-8.5030880628825545e-01
-8.2893709383649461e-01
-8.0795332872290659e-01
-7.8669625554242228e-01
-7.5695325967791183e-01
-6.6533185968996011e-01
-5.2611279881098805e-01
-4.4049778812524804e-01
-4.0719617955151916e-01
-3.9561836450680821e-01
-3.9072529621649771e-01
-3.8765861097300319e-01
-3.8494773702531448e-01
-3.8211197484856141e-01
-3.7902157474636694e-01
-3.7567091608175351e-01
-3.7204874537683419e-01
-3.6819371345772417e-01
-3.6413262928902296e-01
-3.5986474024412007e-01
-3.5543971685156461e-01
-3.5088582002310664e-01
-3.4617947631892437e-01
-3.4134378084532663e-01
-3.3642309154365402e-01
-3.3142414280359861e-01
-3.2638098183856351e-01
-3.2129953912775611e-01
-3.1619208063062004e-01
-3.1108343130533395e-01
-3.0598477850428851e-01
-3.0089676651940400e-01
-2.9583572250124823e-01
-2.9081783080451362e-01
-2.8583586464305377e-01
-2.8091871624489501e-01
-2.7606198293375722e-01
-2.7126412206028100e-01
-2.6653332517838524e-01
-2.6187867014770910e-01
-2.5730250956762407e-01
-2.5279661692012151e-01
-2.4836737773016751e-01
-2.4402110732921545e-01
-2.3975271742776086e-01
-2.3555176287757507e-01
-2.3143933323544716e-01
-2.2740859703406269e-01
-2.2344281956271062e-01
-2.1954817894287387e-01
-2.1572848859258067e-01
-2.1197647781463452e-01
-2.0828396879341457e-01
-2.0464892353960779e-01
-2.0107926895914130e-01
-1.9756460418322205e-01
-1.9409924693958855e-01
-1.9067463749091362e-01
-1.8729546889801196e-01
-1.8395632660945785e-01
-1.8064843592028171e-01
-1.7736533408592745e-01
-1.7409807271363123e-01
-1.7085298698968854e-01
-1.6761599007815714e-01
-1.6437928927159320e-01
-1.6113579121545152e-01
-1.5788046328651345e-01
-1.5459693132824101e-01
-1.5127471876395557e-01
-1.4790672575664474e-01
-1.4447430375158976e-01
-1.4096906257048614e-01
0.0000000000000000e+00
5.0015942412738279e-01
3.5586599916512959e-02
6.3285291270950177e+00
];
