%Vec Object:sol 1 MPI processes
%  type: mpi
sol = [
0.0000000000000000e+00
-9.3246511895269268e-01
-9.1760154420057138e-01
-9.0297158155585278e-01
-8.8891641175331682e-01
-8.7553393202655594e-01
-8.6220487088469511e-01
-8.4955645220138476e-01
-8.3725865477770711e-01
-8.2521806214801108e-01
-8.1374766981176871e-01
-8.0240636759212058e-01
-7.9145060018147728e-01
-7.8090957937814365e-01
-7.7048603522716019e-01
-7.6045486512502181e-01
-7.5072807001198272e-01
-7.4110171575626516e-01
-7.3184779075183726e-01
-7.2281685841678134e-01
-7.1393143800892434e-01
-7.0533875665508217e-01
-6.9694605497014983e-01
-6.8870882826295643e-01
-6.8070492520528647e-01
-6.7287833106251227e-01
-6.6521139551817321e-01
-6.5773468024243553e-01
-6.5041433246271907e-01
-6.4324279238396675e-01
-6.3625103090938595e-01
-6.2938677026188683e-01
-6.2265934221727259e-01
-6.1610475911878937e-01
-6.0965431264967984e-01
-6.0333057989748495e-01
-5.9716960815241837e-01
-5.9109717193762856e-01
-5.8514243830398116e-01
-5.7933840096750355e-01
-5.7361348613676488e-01
-5.6799787894730780e-01
-5.6251973649536258e-01
-5.5711634368077756e-01
-5.5181421572425260e-01
-5.4663571620416496e-01
-5.4153167573420280e-01
-5.3652103186269151e-01
-5.3161996627544406e-01
-5.2679638964909803e-01
-5.2205430304746825e-01
-5.1741608610059819e-01
-5.1285691674464329e-01
-5.0836318433763317e-01
-5.0397626430582598e-01
-4.9966789146939233e-01
-4.9540853418711078e-01
-4.9126014549553676e-01
-4.8719114333621577e-01
-4.8315451618734434e-01
-4.7922705129810078e-01
-4.7539084425182937e-01
-4.7157090701698023e-01
-4.6785105504504954e-01
-4.6423023252911955e-01
-4.6063215589104689e-01
-4.5711275696033887e-01
-4.5369022957038763e-01
-4.5031805474760767e-01
-4.4699334028904952e-01
-4.4376218603445405e-01
-4.4060577630277292e-01
-4.3747760741485270e-01
-4.3443384745462238e-01
-4.3147874012417736e-01
-4.2854821611701627e-01
-4.2569355942132325e-01
-4.2292030919896551e-01
-4.2019301558893662e-01
-4.1752668820304867e-01
-4.1493926587852498e-01
-4.1241270297553589e-01
-4.0992580262462752e-01
-4.0752133428727066e-01
-4.0519655770406954e-01
-4.0289275977294364e-01
-4.0066498619918517e-01
-3.9851721331932050e-01
-3.9641998671777556e-01
-3.9437128389674864e-01
-3.9239853967045252e-01
-3.9049746243408862e-01
-3.8862881147325462e-01
-3.8683791031835446e-01
-3.8511843875103446e-01
-3.8343959629855151e-01
-3.8182384498169414e-01
-3.8028595413866495e-01
-3.7881332631446213e-01
0.0000000000000000e+00
4.3278833513208309e-01
3.6295210385578758e-02
1.4534768391059000e+01
];
