%Vec Object:sol 1 MPI processes
%  type: mpi
sol = [
0.0000000000000000e+00
-9.6947272014591357e-01
-9.5309380236794727e-01
-9.3694361013074690e-01
-9.2149653448040825e-01
-9.0664317775865766e-01
-8.9202905551354827e-01
-8.7815042743090854e-01
-8.6446097395941590e-01
-8.5127427351954787e-01
-8.3859333658217527e-01
-8.2603264894880235e-01
-8.1403849774518300e-01
-8.0226343388155619e-01
-7.9079634095500995e-01
-7.7979160217553156e-01
-7.6883710188018806e-01
-7.5829938110066486e-01
-7.4804347466286869e-01
-7.3791577791838536e-01
-7.2817392541428205e-01
-7.1855879707165882e-01
-7.0916998234132245e-01
-7.0011137026008163e-01
-6.9107694095216132e-01
-6.8232937479587707e-01
-6.7381652005619530e-01
-6.6535628342075404e-01
-6.5716869473101547e-01
-6.4913244045222063e-01
-6.4119293326997695e-01
-6.3349790209860102e-01
-6.2589171617107364e-01
-6.1841562060898159e-01
-6.1115685579413881e-01
-6.0394426278617486e-01
-5.9688004323960231e-01
-5.9000766249920211e-01
-5.8316068200074445e-01
-5.7646601217914006e-01
-5.6993139081660471e-01
-5.6343291954883901e-01
-5.5707171950256107e-01
-5.5084860351388321e-01
-5.4466877896853649e-01
-5.3861109048822808e-01
-5.3267772396484736e-01
-5.2679163393072648e-01
-5.2101286591132534e-01
-5.1535155478123784e-01
-5.0973474095415416e-01
-5.0421922780397466e-01
-4.9881608509596848e-01
-4.9344829923400041e-01
-4.8818479868078796e-01
-4.8302635696663287e-01
-4.7789745387729299e-01
-4.7287426226883134e-01
-4.6794178014391496e-01
-4.6305387869746273e-01
-4.5825678725902369e-01
-4.5355080887848370e-01
-4.4890069401600019e-01
-4.4432191049253023e-01
-4.3984352728982468e-01
-4.3543100231410542e-01
-4.3107023162150643e-01
-4.2681025268272865e-01
-4.2264337907592459e-01
-4.1850784259136947e-01
-4.1446832166689290e-01
-4.1052842770331771e-01
-4.0664965455228969e-01
-4.0283797552037615e-01
-3.9912753853545524e-01
-3.9551539533289337e-01
-3.9194652174073269e-01
-3.8847680191522393e-01
-3.8511103054373275e-01
-3.8182364198164442e-01
-3.7861330643255159e-01
-3.7550540735578680e-01
-3.7250593071438531e-01
-3.6957261915423706e-01
-3.6674585815561789e-01
-3.6402480006537730e-01
-3.6140611700463943e-01
-3.5887131801556360e-01
-3.5645457383306439e-01
-3.5415307221067344e-01
-3.5194768481053751e-01
-3.4985057414956128e-01
-3.4788473441238871e-01
-3.4605743906173547e-01
-3.4434328146384080e-01
-3.4279178290057122e-01
-3.4144057138839462e-01
-3.4033204570500097e-01
-3.3949427033810070e-01
0.0000000000000000e+00
4.4411776210798376e-01
3.6295210385578758e-02
1.4534768391059000e+01
];
