%Vec Object:sol 1 MPI processes
%  type: mpi
sol = [
0.0000000000000000e+00
-1.9829210029662918e+00
-1.9076961367374896e+00
-1.8363256239640655e+00
-1.7685424552052003e+00
-1.7042290743119599e+00
-1.6425667355108944e+00
-1.5838564403497688e+00
-1.5275487628856876e+00
-1.4735177395808015e+00
-1.4217603141458321e+00
-1.3717168306771956e+00
-1.3236469822063410e+00
-1.2772252292358599e+00
-1.2322775469804987e+00
-1.1889193579856285e+00
-1.1468248217632482e+00
-1.1056516872645505e+00
-1.0372947703742874e+00
-7.1098234609887800e-01
-4.9036392231952092e-01
-4.3840173708948477e-01
-4.2787391058200874e-01
-4.2435162436779167e-01
-4.2191543856606650e-01
-4.1946297094957996e-01
-4.1650578555954099e-01
-4.1268565332519491e-01
-4.0825274659962324e-01
-4.0296614669237096e-01
-3.9711280533415111e-01
-3.9071132622149218e-01
-3.8393577733088319e-01
-3.7688141552977428e-01
-3.6960639072719431e-01
-3.6225860526445225e-01
-3.5485958263155432e-01
-3.4747653226255665e-01
-3.4018643819224870e-01
-3.3300210530446428e-01
-3.2595510637085467e-01
-3.1908697861815910e-01
-3.1238962100943585e-01
-3.0589649256220064e-01
-2.9961609107746168e-01
-2.9352076775138242e-01
-2.8764266901857555e-01
-2.8198195648022378e-01
-2.7651124820783790e-01
-2.7123762579753941e-01
-2.6616577284931697e-01
-2.6127380493299779e-01
-2.5656723398371845e-01
-2.5202688560461900e-01
-2.4764416122056238e-01
-2.4342619791627010e-01
-2.3935798166699612e-01
-2.3542165916973873e-01
-2.3161787724610780e-01
-2.2794184156732453e-01
-2.2437202384360602e-01
-2.2092727013580574e-01
-2.1758740108452751e-01
-2.1433833452205342e-01
-2.1117824583344924e-01
-2.0810913451667526e-01
-2.0512320380106258e-01
-2.0220418017907713e-01
-1.9935403655269543e-01
-1.9657304969089145e-01
-1.9384932585124784e-01
-1.9116902880499703e-01
-1.8855077327800018e-01
-1.8598384720649497e-01
-1.8344765258385359e-01
-1.8094627401276456e-01
-1.7848259809132036e-01
-1.7604766664108834e-01
-1.7363093273660948e-01
-1.7122809394333957e-01
-1.6884778206873419e-01
-1.6647809284944251e-01
-1.6411194771660909e-01
-1.6173901288017828e-01
-1.5936414877544147e-01
-1.5698065966618169e-01
-1.5457886105235188e-01
-1.5215075160292332e-01
-1.4968464551900115e-01
-1.4718553141672555e-01
-1.4463657478126365e-01
-1.4202905846971245e-01
-1.3935136574128304e-01
-1.3659422163103507e-01
-1.3373516951239681e-01
-1.3075663117522751e-01
-1.2764474575489718e-01
-1.2437002893410018e-01
-1.2090923853024187e-01
0.0000000000000000e+00
5.3458861698616489e-01
3.5057314665199957e-02
4.2486944906563870e+00
];
