%Vec Object:sol 1 MPI processes
%  type: mpi
sol = [
0.0000000000000000e+00
-9.7417842197382565e-01
-9.5754175420487175e-01
-9.4125357910427876e-01
-9.2570048063703314e-01
-9.1058492436003002e-01
-8.9587469539461306e-01
-8.8180322604599060e-01
-8.6797172185568716e-01
-8.5470029225124911e-01
-8.4178866812836162e-01
-8.2914946785501498e-01
-8.1703952636111787e-01
-8.0508658068800643e-01
-7.9354762339570339e-01
-7.8233521585604460e-01
-7.7131264955434831e-01
-7.6070655982360347e-01
-7.5025220725794395e-01
-7.4005864160681400e-01
-7.3019284932424577e-01
-7.2044594011717011e-01
-7.1099300003077692e-01
-7.0174986348077517e-01
-6.9265222294210826e-01
-6.8383992089651768e-01
-6.7514734788192088e-01
-6.6662236508890049e-01
-6.5835026721501932e-01
-6.5015681537969705e-01
-6.4215087457461650e-01
-6.3433190082313240e-01
-6.2660953622795035e-01
-6.1906425520948438e-01
-6.1165304693148470e-01
-6.0435194730657971e-01
-5.9721487302784038e-01
-5.9017305782515606e-01
-5.8325080184868405e-01
-5.7647804975963024e-01
-5.6977345107813926e-01
-5.6319403073591889e-01
-5.5674894328679603e-01
-5.5035459944317144e-01
-5.4408762960540313e-01
-5.3793973406991169e-01
-5.3183323310286090e-01
-5.2585329057695496e-01
-5.1997747556271956e-01
-5.1414045182341506e-01
-5.0842252766913876e-01
-5.0280255218319325e-01
-4.9722039346667435e-01
-4.9174364056433273e-01
-4.8636763152302648e-01
-4.8102924779626549e-01
-4.7578056303260841e-01
-4.7063706501562874e-01
-4.6553488794941711e-01
-4.6050528083645875e-01
-4.5558010801312321e-01
-4.5071667566364304e-01
-4.4590119088859881e-01
-4.4118699169706160e-01
-4.3656532540441662e-01
-4.3196286122974820e-01
-4.2746009731901130e-01
-4.2305521241040417e-01
-4.1869572910324643e-01
-4.1440814031290490e-01
-4.1021894740057979e-01
-4.0610968781328238e-01
-4.0205130371197068e-01
-3.9808735431623549e-01
-3.9422344975326207e-01
-3.9041605656796119e-01
-3.8669465303785489e-01
-3.8307240010810867e-01
-3.7954158307259117e-01
-3.7608044761919451e-01
-3.7272279616283144e-01
-3.6946952666638594e-01
-3.6629818225671051e-01
-3.6322360024863348e-01
-3.6026311287022389e-01
-3.5741279533501680e-01
-3.5464187948758685e-01
-3.5199087222528941e-01
-3.4946476246194091e-01
-3.4705488751637426e-01
-3.4474175310789440e-01
-3.4256683234481539e-01
-3.4053758760642333e-01
-3.3865152274227123e-01
-3.3691190824150424e-01
-3.3537434079269557e-01
-3.3407877679855202e-01
-3.3306007017027250e-01
-3.3238526380033240e-01
0.0000000000000000e+00
4.4549997806077818e-01
3.6295210385578758e-02
1.4534768391059000e+01
];
