%Vec Object:sol 1 MPI processes
%  type: mpi
sol = [
0.0000000000000000e+00
-9.7903523429566597e-01
-9.6210953436308955e-01
-9.4571302230280518e-01
-9.2999691334112033e-01
-9.1467594183324874e-01
-8.9987227044240048e-01
-8.8555092243240530e-01
-8.7163511489406365e-01
-8.5824330921911940e-01
-8.4513766900917342e-01
-8.3242310785895135e-01
-8.2009188032717395e-01
-8.0806936742507707e-01
-7.9646084269351214e-01
-7.8503892750858073e-01
-7.7395071440681440e-01
-7.6317492251594754e-01
-7.5262689477856248e-01
-7.4237076844933836e-01
-7.3231252349389209e-01
-7.2250490794947464e-01
-7.1296919049464880e-01
-7.0356165606966903e-01
-6.9440353523838516e-01
-6.8544437288562987e-01
-6.7665786488737700e-01
-6.6807135739156187e-01
-6.5962275152172978e-01
-6.5136714038337673e-01
-6.4329666379754635e-01
-6.3530343320083038e-01
-6.2751509580347853e-01
-6.1987550034153016e-01
-6.1231785403059713e-01
-6.0494677984628331e-01
-5.9768645320690694e-01
-5.9052364254124157e-01
-5.8352625107887945e-01
-5.7660964870528142e-01
-5.6979851752502508e-01
-5.6313767294324690e-01
-5.5653479929454441e-01
-5.5003917009983316e-01
-5.4368342749353593e-01
-5.3736929340924611e-01
-5.3115902771391532e-01
-5.2508200453390630e-01
-5.1903598736492484e-01
-5.1308628527888900e-01
-5.0726216989887662e-01
-5.0147173825762836e-01
-4.9576268621040143e-01
-4.9017001240304670e-01
-4.8462639113520856e-01
-4.7914257091919071e-01
-4.7376778724743790e-01
-4.6846206737622609e-01
-4.6319244250613117e-01
-4.5802629673699302e-01
-4.5294649963049000e-01
-4.4789099052497255e-01
-4.4292852819735240e-01
-4.3806291635879474e-01
-4.3322855511879393e-01
-4.2846837822798078e-01
-4.2380367197508290e-01
-4.1919759263071088e-01
-4.1465292630819439e-01
-4.1019441219812114e-01
-4.0582241915935108e-01
-4.0149652748051962e-01
-3.9725981646961656e-01
-3.9311469824100370e-01
-3.8903309265358577e-01
-3.8503253437487833e-01
-3.8112617589335218e-01
-3.7731450452939175e-01
-3.7356176276311626e-01
-3.6991587044697699e-01
-3.6637378238597829e-01
-3.6291899408215100e-01
-3.5955114799369003e-01
-3.5629958952625418e-01
-3.5316524839999336e-01
-3.5011790571484824e-01
-3.4718201336815430e-01
-3.4437497747152568e-01
-3.4170038888779880e-01
-3.3912625086702525e-01
-3.3668794563332571e-01
-3.3440261190212345e-01
-3.3228200471536540e-01
-3.3030889777396094e-01
-3.2853739827264233e-01
-3.2700929698085163e-01
-3.2577202651101983e-01
-3.2484906209994729e-01
-3.2432582276714089e-01
0.0000000000000000e+00
4.4692539700067568e-01
3.6295210385578758e-02
1.4534768391059000e+01
];
