%Vec Object:sol 1 MPI processes
%  type: mpi
sol = [
0.0000000000000000e+00
-1.6343198970472077e-06
-2.4204912426816829e+00
-2.2239182688560435e+00
-1.9413835240145865e+00
-1.7316365923250987e+00
-1.5545862539116979e+00
-1.4053472082568932e+00
-1.2687866666854026e+00
-1.1468299482070610e+00
-1.0265051306492730e+00
-9.0678762470550023e-01
-7.8461863755628458e-01
-6.5537336065631857e-01
-5.3051752774808070e-01
-4.0450453643116163e-01
-2.9895555336513402e-01
-2.0741302914211820e-01
-1.4578897749708136e-01
-1.0470443265126206e-01
-8.5046113422970721e-02
-7.7086846736753145e-02
-7.7119403224561331e-02
-8.1471709611165843e-02
-8.8055751137443267e-02
-9.5610321422933339e-02
-1.0313084338626786e-01
-1.1005699499940268e-01
-1.1640621699316747e-01
-1.2177600021055639e-01
-1.2659344163806860e-01
-1.3067020136453958e-01
-1.3425280029589032e-01
-1.3745657317695326e-01
-1.4024492006335679e-01
-1.4279433960778540e-01
-1.4511162802974675e-01
-1.4720147962005903e-01
-1.4914267166047820e-01
-1.5094021316934586e-01
-1.5257957953682327e-01
-1.5410309361473210e-01
-1.5550024901772427e-01
-1.5678536700212170e-01
-1.5796945779393157e-01
-1.5902434722692957e-01
-1.5998402948981277e-01
-1.6085211333844610e-01
-1.6161943246374069e-01
-1.6227517797695032e-01
-1.6285240980390306e-01
-1.6334304629744281e-01
-1.6375156570422084e-01
-1.6406514840261793e-01
-1.6429502503109661e-01
-1.6446310754166721e-01
-1.6455501146207005e-01
-1.6456630629677335e-01
-1.6451296574308674e-01
-1.6439178351819694e-01
-1.6419244930765900e-01
-1.6395085786064867e-01
-1.6364992760497529e-01
-1.6328207396195990e-01
-1.6285429531938836e-01
-1.6238018565746554e-01
-1.6185508016295330e-01
-1.6126928077930147e-01
-1.6063341729768801e-01
-1.5995419453702661e-01
-1.5922256462933540e-01
-1.5843175455651265e-01
-1.5760705668916730e-01
-1.5674184164019422e-01
-1.5581874491834885e-01
-1.5484657972517638e-01
-1.5383375569114888e-01
-1.5277484195890581e-01
-1.5166207772344437e-01
-1.5049407894085529e-01
-1.4928458620010016e-01
-1.4802446869155741e-01
-1.4670853007230839e-01
-1.4532899964429519e-01
-1.4389354773005961e-01
-1.4239780188498399e-01
-1.4083337138938379e-01
-1.3919375862259017e-01
-1.3746813669589397e-01
-1.3566203215583719e-01
-1.3375841226810434e-01
-1.3175042724560990e-01
-1.2962387424438102e-01
-1.2736729841888059e-01
-1.2495481837300802e-01
-1.2236239033169043e-01
-1.1957155354133946e-01
-1.1654279706661567e-01
-1.1323661146418225e-01
0.0000000000000000e+00
6.2512114764799176e-01
3.2774616850999631e-02
1.6150739815799289e+00
];
