%Vec Object:sol 1 MPI processes
%  type: mpi
sol = [
0.0000000000000000e+00
-1.0105036325577779e+00
-9.9262324462972118e-01
-9.7517485701837470e-01
-9.5853053849209824e-01
-9.4228422755240704e-01
-9.2659152262684452e-01
-9.1143213194867978e-01
-8.9671595099528378e-01
-8.8250993881079887e-01
-8.6867973211646998e-01
-8.5526940944635632e-01
-8.4217416335638262e-01
-8.2951395965601227e-01
-8.1716254979810399e-01
-8.0514354440942415e-01
-7.9348311764030710e-01
-7.8198725481050124e-01
-7.7090334673471794e-01
-7.5999780126643657e-01
-7.4936556995858028e-01
-7.3905894636529845e-01
-7.2882361426652320e-01
-7.1893611693395343e-01
-7.0920553991471136e-01
-6.9964984237278249e-01
-6.9039870964857608e-01
-6.8117352785151708e-01
-6.7220439320416436e-01
-6.6343580354627230e-01
-6.5472350725005224e-01
-6.4625820765164110e-01
-6.3789371520757887e-01
-6.2964698789601237e-01
-6.2161496949242745e-01
-6.1361056781722523e-01
-6.0576444983961808e-01
-5.9806474462172809e-01
-5.9042288173253721e-01
-5.8292169165242402e-01
-5.7551389918789975e-01
-5.6818765523708892e-01
-5.6098265708218809e-01
-5.5383194701188121e-01
-5.4677903684017393e-01
-5.3982784947250284e-01
-5.3290352003120367e-01
-5.2608640411172336e-01
-5.1935068998260592e-01
-5.1262717321676721e-01
-5.0600911063851350e-01
-4.9945816591218756e-01
-4.9291348416891401e-01
-4.8646047168703160e-01
-4.8007531738715509e-01
-4.7368093004633294e-01
-4.6736597277209113e-01
-4.6112032151317678e-01
-4.5485600195089632e-01
-4.4865435103811691e-01
-4.4251572088498814e-01
-4.3637229787933646e-01
-4.3026290412791385e-01
-4.2420749281943965e-01
-4.1817264441169566e-01
-4.1213730222857431e-01
-4.0614822853603888e-01
-4.0019874737918582e-01
-3.9423191777879424e-01
-3.8829588152159106e-01
-3.8239656191871096e-01
-3.7650595631153683e-01
-3.7061880906707756e-01
-3.6475921172756270e-01
-3.5893062863170599e-01
-3.5309602372885712e-01
-3.4727940455627943e-01
-3.4149013239407644e-01
-3.3573291394352589e-01
-3.2997369837305723e-01
-3.2424913490004736e-01
-3.1856623610593021e-01
-3.1293909019445354e-01
-3.0735342062057164e-01
-3.0185293615965336e-01
-2.9645923946342734e-01
-2.9120253810546087e-01
-2.8608836730848769e-01
-2.8112477019060306e-01
-2.7630809630996939e-01
-2.7160190529464906e-01
-2.6695234426642772e-01
-2.6228867386967508e-01
-2.5759917864677423e-01
-2.5289819251763751e-01
-2.4825238516560438e-01
-2.4374986640424984e-01
-2.3948138926242230e-01
-2.3555588416779608e-01
0.0000000000000000e+00
4.5618473014367855e-01
3.6295210385578758e-02
1.4534768391059000e+01
];
