%Vec Object:sol 1 MPI processes
%  type: mpi
sol = [
0.0000000000000000e+00
-1.0818317066514178e+00
-1.0621271438169615e+00
-1.0429321333021042e+00
-1.0245220947826776e+00
-1.0066681478819661e+00
-9.8940459793347946e-01
-9.7259758556289300e-01
-9.5646563274217677e-01
-9.4059555755046864e-01
-9.2544461659727650e-01
-9.1045188137864996e-01
-8.9604911959814482e-01
-8.8197065434337629e-01
-8.6823726072938101e-01
-8.5494368620822847e-01
-8.4184768344150795e-01
-8.2918854651135243e-01
-8.1673950400299800e-01
-8.0462862900272236e-01
-7.9271209336364867e-01
-7.8112873625721013e-01
-7.6971823282935237e-01
-7.5859998815444818e-01
-7.4768156443659528e-01
-7.3693169163828598e-01
-7.2650952774105204e-01
-7.1609797969058731e-01
-7.0598770977842407e-01
-6.9602369469912817e-01
-6.8619411722095336e-01
-6.7658128600255174e-01
-6.6706469500125398e-01
-6.5773384420821235e-01
-6.4849493209866549e-01
-6.3942224365223022e-01
-6.3046034476702617e-01
-6.2160314742709721e-01
-6.1291139226106905e-01
-6.0424689222709393e-01
-5.9573651076616130e-01
-5.8733111925659121e-01
-5.7896421673686438e-01
-5.7074629787069275e-01
-5.6257473486412024e-01
-5.5447313733063219e-01
-5.4649406821910329e-01
-5.3853028875410136e-01
-5.3064842197608164e-01
-5.2284340178459765e-01
-5.1507525412609989e-01
-5.0737499557187171e-01
-4.9971463761898005e-01
-4.9209829495831264e-01
-4.8454453130253444e-01
-4.7700036930167677e-01
-4.6949813418945929e-01
-4.6205373024781843e-01
-4.5459727324088894e-01
-4.4717168478920200e-01
-4.3979063080737008e-01
-4.3239163688702370e-01
-4.2498754765086355e-01
-4.1758667718739900e-01
-4.1012529797567238e-01
-4.0251774092961135e-01
-3.9469522263555185e-01
-3.8644124568240229e-01
-3.7731213824607263e-01
-3.6662165870983554e-01
-3.5347489570232676e-01
-3.3775487480160693e-01
-3.2103538283670557e-01
-3.0560356819627876e-01
-2.9241044223246992e-01
-2.8195338410541271e-01
-2.7384839784053444e-01
-2.6749698597927957e-01
-2.6236782531312519e-01
-2.5806461031964734e-01
-2.5431068541418861e-01
-2.5090431509940930e-01
-2.4771152058593274e-01
-2.4463720004740022e-01
-2.4162521434017453e-01
-2.3863072850311542e-01
-2.3561844611440741e-01
-2.3256515908633260e-01
-2.2945245474839285e-01
-2.2627923493245203e-01
-2.2302768586567781e-01
-2.1968206940248755e-01
-2.1623682938444475e-01
-2.1268588783889483e-01
-2.0901285601379513e-01
-2.0520976073379490e-01
-2.0126416010604073e-01
-1.9715590362411306e-01
-1.9287764092418572e-01
0.0000000000000000e+00
4.6627462385254931e-01
3.6249113718506164e-02
1.3552826745297761e+01
];
