%Vec Object:sol 1 MPI processes
%  type: mpi
sol = [
0.0000000000000000e+00
-1.0904222896241822e+00
-1.0703906489784498e+00
-1.0509671633841338e+00
-1.0322501856733859e+00
-1.0141896747826398e+00
-9.9663551776050185e-01
-9.7963862696017601e-01
-9.6325671715580330e-01
-9.4718570513103661e-01
-9.3186305597215846e-01
-9.1661766292629610e-01
-9.0205939873473784e-01
-8.8773542147819018e-01
-8.7385592411708002e-01
-8.6032701311575865e-01
-8.4709333544384646e-01
-8.3420762880351162e-01
-8.2162876009890362e-01
-8.0932464098418566e-01
-7.9726002644632576e-01
-7.8555672550778100e-01
-7.7393841847813238e-01
-7.6270560691087130e-01
-7.5158601939309944e-01
-7.4072574829289461e-01
-7.3010861511619529e-01
-7.1959009778418614e-01
-7.0935897973154372e-01
-6.9922233544483436e-01
-6.8929047988709335e-01
-6.7949442020751316e-01
-6.6987793956004871e-01
-6.6039593124811080e-01
-6.5103164884623976e-01
-6.4186190762832906e-01
-6.3272616389927083e-01
-6.2377313000419610e-01
-6.1493060920024334e-01
-6.0615233139063285e-01
-5.9754759617947806e-01
-5.8897601673476607e-01
-5.8051507362949506e-01
-5.7216818167520678e-01
-5.6386881902313579e-01
-5.5567353336005487e-01
-5.4753423760169195e-01
-5.3947662801073371e-01
-5.3149996527113619e-01
-5.2353662744455665e-01
-5.1567323879853821e-01
-5.0785803651157180e-01
-5.0006027637954586e-01
-4.9234733691409704e-01
-4.8466610664514614e-01
-4.7699683465417808e-01
-4.6939560670928943e-01
-4.6181888372037655e-01
-4.5423892200985622e-01
-4.4670866611744298e-01
-4.3919068500365155e-01
-4.3164579450329471e-01
-4.2409437652149640e-01
-4.1647793903643870e-01
-4.0867555220620894e-01
-4.0054735708903833e-01
-3.9179465137005554e-01
-3.8178744208605092e-01
-3.6961123965200332e-01
-3.5442905102042227e-01
-3.3687831177046906e-01
-3.1935778816835841e-01
-3.0402988065499154e-01
-2.9160356178667363e-01
-2.8209333151426907e-01
-2.7483131651285064e-01
-2.6915957302043314e-01
-2.6455362449717063e-01
-2.6063978214186861e-01
-2.5716809492519499e-01
-2.5397609120031922e-01
-2.5094418346904823e-01
-2.4799539577023119e-01
-2.4507470811905288e-01
-2.4215373156301234e-01
-2.3920688700999448e-01
-2.3621234278996903e-01
-2.3315609770791568e-01
-2.3002630334308635e-01
-2.2682654944625882e-01
-2.2354233431356474e-01
-2.2016055776454907e-01
-2.1667728030743891e-01
-2.1308768946528345e-01
-2.0937631610767546e-01
-2.0553580323063769e-01
-2.0155436202591098e-01
-1.9741228054660778e-01
-1.9310237510017644e-01
0.0000000000000000e+00
4.6693946766923250e-01
3.6241052283772161e-02
1.3391733218083280e+01
];
