%Vec Object:sol 1 MPI processes
%  type: mpi
sol = [
0.0000000000000000e+00
-1.0062466440072544e+00
-9.8857245015571837e-01
-9.7117853056199421e-01
-9.5458553296016169e-01
-9.3852551590130473e-01
-9.2287545538607596e-01
-9.0789003562311199e-01
-8.9320890871479519e-01
-8.7912855184055527e-01
-8.6536468145371459e-01
-8.5198230645865580e-01
-8.3903845931308285e-01
-8.2640199401830494e-01
-8.1419486809980157e-01
-8.0219663874263469e-01
-7.9055786080225632e-01
-7.7919933667423535e-01
-7.6813516035586760e-01
-7.5736219004991412e-01
-7.4674890812847672e-01
-7.3646256796235399e-01
-7.2635595182787838e-01
-7.1648873279218073e-01
-7.0687572523465281e-01
-6.9734855015021713e-01
-6.8811942634995527e-01
-6.7901784176459723e-01
-6.7007241390502814e-01
-6.6138126085002358e-01
-6.5273907617554128e-01
-6.4430081503417302e-01
-6.3605796445576224e-01
-6.2784074966841219e-01
-6.1984036962246603e-01
-6.1195856023941952e-01
-6.0414680680023136e-01
-5.9652431472843448e-01
-5.8896492071543316e-01
-5.8150313093144623e-01
-5.7420689873042852e-01
-5.6693562593311397e-01
-5.5977584790079915e-01
-5.5275178881402343e-01
-5.4574825517223380e-01
-5.3884963093362426e-01
-5.3205602490798631e-01
-5.2529613297611744e-01
-5.1862211729659446e-01
-5.1203238598159218e-01
-5.0547948301239898e-01
-4.9900220377310556e-01
-4.9259289394072303e-01
-4.8621426239658955e-01
-4.7990982304160446e-01
-4.7366025251848487e-01
-4.6743049353726446e-01
-4.6127486177711852e-01
-4.5516702561120792e-01
-4.4906430276257864e-01
-4.4303025491533360e-01
-4.3704672264802991e-01
-4.3106074026989472e-01
-4.2512673538995882e-01
-4.1924766852242135e-01
-4.1337391869401208e-01
-4.0752690640329770e-01
-4.0173084377051010e-01
-3.9597061432858055e-01
-3.9020206202475294e-01
-3.8448071836416814e-01
-3.7880443474939346e-01
-3.7313808074656513e-01
-3.6749030661010107e-01
-3.6188730630759958e-01
-3.5632849051364185e-01
-3.5077232986161050e-01
-3.4525326235894932e-01
-3.3978343276357853e-01
-3.3436490216345632e-01
-3.2896191676094005e-01
-3.2361477007363065e-01
-3.1833666811245021e-01
-3.1313711332709399e-01
-3.0800096703708379e-01
-3.0296575746789184e-01
-2.9806474169050073e-01
-2.9332421843693540e-01
-2.8875708240025405e-01
-2.8438757525860192e-01
-2.8024544711425059e-01
-2.7632927757029285e-01
-2.7261267965483016e-01
-2.6902748342087096e-01
-2.6553244985359808e-01
-2.6208651516395221e-01
-2.5866489182706365e-01
-2.5528264013366631e-01
-2.5198691761921826e-01
0.0000000000000000e+00
4.5498302934307028e-01
3.6295210385578758e-02
1.4534768391059000e+01
];
