%Vec Object:sol 1 MPI processes
%  type: mpi
sol = [
0.0000000000000000e+00
-1.0625220913738553e+00
-1.0435148976788049e+00
-1.0248286586337214e+00
-1.0069932464494498e+00
-9.8968501795435504e-01
-9.7288500990968407e-01
-9.5666334420095700e-01
-9.4091712994949317e-01
-9.2564670081046951e-01
-9.1085192583805197e-01
-8.9643317795484401e-01
-8.8236351346609143e-01
-8.6881632154547539e-01
-8.5541307629923791e-01
-8.4254670418496258e-01
-8.2984477039596805e-01
-8.1751879484839185e-01
-8.0552238803032017e-01
-7.9368361574653656e-01
-7.8225107516926806e-01
-7.7092746962691483e-01
-7.5992908626383038e-01
-7.4911733289201676e-01
-7.3852064513236970e-01
-7.2814496422800057e-01
-7.1796021122978282e-01
-7.0798605737675213e-01
-6.9810510842863938e-01
-6.8849202767242212e-01
-6.7896256950174338e-01
-6.6961703099999703e-01
-6.6046839714188899e-01
-6.5135512994789757e-01
-6.4246621447265206e-01
-6.3366232962960023e-01
-6.2496848362138091e-01
-6.1645075965906482e-01
-6.0796990874871149e-01
-5.9963316824541668e-01
-5.9139210813204302e-01
-5.8323517621278465e-01
-5.7520033503309553e-01
-5.6719950229675398e-01
-5.5931778150734746e-01
-5.5150830185480981e-01
-5.4374392756386747e-01
-5.3609444114880067e-01
-5.2847133203297236e-01
-5.2090925369293195e-01
-5.1344761370226610e-01
-5.0598582787507151e-01
-4.9858693812450000e-01
-4.9127191614875731e-01
-4.8394795148044706e-01
-4.7667592031559797e-01
-4.6947235385906083e-01
-4.6225942017483407e-01
-4.5507967610177380e-01
-4.4795369171563459e-01
-4.4081781236887257e-01
-4.3370258253229999e-01
-4.2661937619488405e-01
-4.1952545001943992e-01
-4.1243647253910126e-01
-4.0534600529227555e-01
-3.9823235777022237e-01
-3.9106400065432789e-01
-3.8383132073715920e-01
-3.7647656474787011e-01
-3.6887134344805389e-01
-3.6086891547721472e-01
-3.5206861646574139e-01
-3.4182247723785109e-01
-3.2962475107132683e-01
-3.1587695092787393e-01
-3.0191708031396747e-01
-2.8917368239260333e-01
-2.7803440385685751e-01
-2.6887203457067721e-01
-2.6144104050463873e-01
-2.5534518391809785e-01
-2.5022356163981851e-01
-2.4578489640929402e-01
-2.4182090757833613e-01
-2.3817221799093488e-01
-2.3472073739907379e-01
-2.3138281883169876e-01
-2.2809656879640486e-01
-2.2483026311614010e-01
-2.2154367662083946e-01
-2.1820446873584190e-01
-2.1479526994943940e-01
-2.1130121785452716e-01
-2.0769960457812855e-01
-2.0397803873440032e-01
-2.0012027263809490e-01
-1.9610368291619157e-01
-1.9191942431865436e-01
0.0000000000000000e+00
4.6461497677596092e-01
3.6266339519390560e-02
1.3907372620601393e+01
];
