%Vec Object:sol 1 MPI processes
%  type: mpi
sol = [
0.0000000000000000e+00
-1.7190593274174544e-06
-1.9431240681012418e-06
-2.3452201831799879e+00
-2.0463022698481002e+00
-1.8253975734792172e+00
-1.6388686188324404e+00
-1.4814462778933091e+00
-1.3375465719266924e+00
-1.2091139094745988e+00
-1.0826131371244767e+00
-9.5707733588786181e-01
-8.2925056430523136e-01
-6.9434710463775129e-01
-5.6416843362010816e-01
-4.3260637639725541e-01
-3.2165964658019602e-01
-2.2394427380977200e-01
-1.5562292632572783e-01
-1.0695229760034487e-01
-8.0934765155275548e-02
-6.8882759332027144e-02
-6.7462478750209387e-02
-7.1764484356766398e-02
-7.8741366364338553e-02
-8.6543861164738459e-02
-9.3926304491961030e-02
-1.0027700942902520e-01
-1.0568848562252328e-01
-1.0973800289690538e-01
-1.1301273758440480e-01
-1.1531860540455947e-01
-1.1698709428002810e-01
-1.1821014445709332e-01
-1.1896671076105607e-01
-1.1949863401247457e-01
-1.1985840513618541e-01
-1.2006535700539986e-01
-1.2023720294900032e-01
-1.2041286803812476e-01
-1.2057909228196233e-01
-1.2079760060745089e-01
-1.2107349806922943e-01
-1.2141824162101207e-01
-1.2184668398664773e-01
-1.2232594279601974e-01
-1.2288598194956728e-01
-1.2352078926015496e-01
-1.2422185680249963e-01
-1.2494534073443821e-01
-1.2572496393328841e-01
-1.2654622675729468e-01
-1.2739144298370711e-01
-1.2822802650962450e-01
-1.2906384011982758e-01
-1.2991137341054407e-01
-1.3073606849270536e-01
-1.3152581058168616e-01
-1.3229165269423521e-01
-1.3301428662767240e-01
-1.3367631123288787e-01
-1.3431455722943894e-01
-1.3490078196161140e-01
-1.3542020968075558e-01
-1.3587665958636141e-01
-1.3628339557479269e-01
-1.3662869769021604e-01
-1.3690046665810776e-01
-1.3710860553502721e-01
-1.3725901095851639e-01
-1.3733896050016356e-01
-1.3734168197459054e-01
-1.3729340319208033e-01
-1.3718644266801630e-01
-1.3700183131649202e-01
-1.3674890057816008e-01
-1.3643713388899517e-01
-1.3606071928955535e-01
-1.3561164775480186e-01
-1.3508911798566964e-01
-1.3450839025166231e-01
-1.3386068464288092e-01
-1.3314059955658711e-01
-1.3234149585165808e-01
-1.3147176297208710e-01
-1.3052823040660011e-01
-1.2950258634940509e-01
-1.2838931212670307e-01
-1.2717893453562643e-01
-1.2587804147136805e-01
-1.2447036394891016e-01
-1.2295116191275871e-01
-1.2130707633274257e-01
-1.1952841516607796e-01
-1.1759128064199129e-01
-1.1547262866165622e-01
-1.1315782036491244e-01
-1.1061037878242738e-01
-1.0779426677705221e-01
0.0000000000000000e+00
6.4364238881190594e-01
3.2351614007667791e-02
1.4333756412388552e+00
];
