%Vec Object:sol 1 MPI processes
%  type: mpi
sol = [
0.0000000000000000e+00
-9.4172226949205107e-01
-9.2633856531483594e-01
-9.1136842670567775e-01
-8.9706991373654876e-01
-8.8312391611414232e-01
-8.6957146755480996e-01
-8.5664417707992435e-01
-8.4388207253424952e-01
-8.3164047239480343e-01
-8.1981447744501101e-01
-8.0813935257606362e-01
-7.9699955813444634e-01
-7.8604910320821852e-01
-7.7538966001129617e-01
-7.6518721654629107e-01
-7.5501521208369826e-01
-7.4522472652257077e-01
-7.3576552882250068e-01
-7.2635354354750936e-01
-7.1731393297883850e-01
-7.0848008537973994e-01
-6.9976928399067728e-01
-6.9138373474826775e-01
-6.8311452483941848e-01
-6.7501691445777057e-01
-6.6720589057042823e-01
-6.5944885547322907e-01
-6.5189193732638229e-01
-6.4457924659451493e-01
-6.3729956349250594e-01
-6.3022315931982942e-01
-6.2335663814501796e-01
-6.1651245840195079e-01
-6.0986631134612301e-01
-6.0340496208914618e-01
-5.9695756885961260e-01
-5.9069963692192684e-01
-5.8460856346625600e-01
-5.7852529821475740e-01
-5.7262021355863135e-01
-5.6686940338903513e-01
-5.6112306704016512e-01
-5.5554142011472574e-01
-5.5010570306334250e-01
-5.4467213601464870e-01
-5.3938815961252085e-01
-5.3424513231719850e-01
-5.2910445232005920e-01
-5.2409699934119014e-01
-5.1922403032544728e-01
-5.1436361581263690e-01
-5.0961507171441500e-01
-5.0499251341481011e-01
-5.0040267265686988e-01
-4.9589853401715817e-01
-4.9151319529239584e-01
-4.8718291358876803e-01
-4.8291135767103893e-01
-4.7875256636707941e-01
-4.7466594576247689e-01
-4.7062443676857896e-01
-4.6668378122263560e-01
-4.6282969417771669e-01
-4.5901482641754932e-01
-4.5528588585296964e-01
-4.5165764263445018e-01
-4.4805458225034972e-01
-4.4454241448381338e-01
-4.4111770485317897e-01
-4.3773888046496495e-01
-4.3443512429987935e-01
-4.3121740168317468e-01
-4.2806011692355067e-01
-4.2495639920315709e-01
-4.2194474515592373e-01
-4.1901238511301570e-01
-4.1610767373209345e-01
-4.1329364903120563e-01
-4.1056887040866880e-01
-4.0788650385639363e-01
-4.0526980667899165e-01
-4.0274147682513978e-01
-4.0028368816703724e-01
-3.9787292809073105e-01
-3.9554176201162983e-01
-3.9329725033196511e-01
-3.9109224894295197e-01
-3.8896725280786598e-01
-3.8692307951507537e-01
-3.8493929008539585e-01
-3.8301274618597148e-01
-3.8117161095008162e-01
-3.7941530968791937e-01
-3.7769136818605475e-01
-3.7605164073768099e-01
-3.7449940301309803e-01
-3.7301394833229845e-01
-3.7160131190350759e-01
0.0000000000000000e+00
4.3560141237834382e-01
3.6295210385578758e-02
1.4534768391059000e+01
];
