%Vec Object:sol 1 MPI processes
%  type: mpi
sol = [
0.0000000000000000e+00
-9.8777856490824201e-01
-9.7044705229279837e-01
-9.5387063050272114e-01
-9.3767788206180192e-01
-9.2219865599218442e-01
-9.0710773697223868e-01
-8.9248220576291615e-01
-8.7842882473226791e-01
-8.6462203563837525e-01
-8.5139251100362712e-01
-8.3844001662539014e-01
-8.2583707843537979e-01
-8.1370219076486183e-01
-8.0173075405072525e-01
-7.9019714371213912e-01
-7.7893315630567384e-01
-7.6787845368832996e-01
-7.5723205532778226e-01
-7.4670269352761676e-01
-7.3648409012476490e-01
-7.2656603251376195e-01
-7.1671984685429158e-01
-7.0721869081263677e-01
-6.9787212419851230e-01
-6.8869063640044592e-01
-6.7980823124050072e-01
-6.7097332703239321e-01
-6.6236666801033750e-01
-6.5399979992572399e-01
-6.4564710963783278e-01
-6.3754124859539163e-01
-6.2959207875744427e-01
-6.2170670554198826e-01
-6.1403845624300291e-01
-6.0646717768945757e-01
-5.9899116649369244e-01
-5.9170717522837646e-01
-5.8447902451453049e-01
-5.7736339629128508e-01
-5.7041846099504301e-01
-5.6350330213482491e-01
-5.5670656854342537e-01
-5.5006133380912892e-01
-5.4343492464785070e-01
-5.3692283044395939e-01
-5.3054042741372220e-01
-5.2418567995007315e-01
-5.1792874490221275e-01
-5.1178828361603268e-01
-5.0567603174688480e-01
-4.9965402755235527e-01
-4.9373858479355720e-01
-4.8784429446542116e-01
-4.8204177335377801e-01
-4.7633131435588860e-01
-4.7064479269211490e-01
-4.6504637803564841e-01
-4.5952468735336638e-01
-4.5404019912388555e-01
-4.4862904629170075e-01
-4.4329425883930673e-01
-4.3800757154615527e-01
-4.3277439533102696e-01
-4.2762632709161219e-01
-4.2253728678216435e-01
-4.1748169572846677e-01
-4.1251184413805581e-01
-4.0762046671630581e-01
-4.0276129517034476e-01
-3.9797449894545345e-01
-3.9327398791555329e-01
-3.8863950782620182e-01
-3.8404905857985994e-01
-3.7954915149168378e-01
-3.7514058562011698e-01
-3.7078781632675961e-01
-3.6651040848210970e-01
-3.6233207545142615e-01
-3.5825498477246093e-01
-3.5423764278489533e-01
-3.5032145421923688e-01
-3.4651791798630532e-01
-3.4282665029373860e-01
-3.3922015442820114e-01
-3.3573418123501758e-01
-3.3238108557754309e-01
-3.2916137084640379e-01
-3.2605974484863326e-01
-3.2311310138841037e-01
-3.2033673357797593e-01
-3.1774686671439473e-01
-3.1534302334976083e-01
-3.1318575897635065e-01
-3.1130895033264072e-01
-3.0976040879797734e-01
-3.0854885733830389e-01
-3.0771925169451136e-01
-3.0723080789693652e-01
0.0000000000000000e+00
4.4951724156417799e-01
3.6295210385578758e-02
1.4534768391059000e+01
];
