%Vec Object:sol 1 MPI processes
%  type: mpi
sol = [
0.0000000000000000e+00
-1.0556456992229100e+00
-1.0367989681477388e+00
-1.0183548762270269e+00
-1.0006688738476934e+00
-9.8359171800791600e-01
-9.6693066231677127e-01
-9.5093019253263000e-01
-9.3531240844460084e-01
-9.2025395431098767e-01
-9.0557819211019364e-01
-8.9134654032588689e-01
-8.7740423339287898e-01
-8.6396453347406110e-01
-8.5075368476054303e-01
-8.3798868270221638e-01
-8.2547252986539310e-01
-8.1324316472745017e-01
-8.0142605859700000e-01
-7.8967986201599916e-01
-7.7836276140667715e-01
-7.6718619001946708e-01
-7.5627454542066352e-01
-7.4562990696371356e-01
-7.3511721667985275e-01
-7.2490445214431243e-01
-7.1480114670742601e-01
-7.0491091469953382e-01
-6.9518487651422611e-01
-6.8565020738374760e-01
-6.7627482247046100e-01
-6.6700643484574751e-01
-6.5795859414799907e-01
-6.4897116741958105e-01
-6.4015759558656815e-01
-6.3150045682878053e-01
-6.2288142081290621e-01
-6.1445600146303347e-01
-6.0610099131401729e-01
-5.9783814807405800e-01
-5.8973786018138941e-01
-5.8165462599917750e-01
-5.7369422449928931e-01
-5.6583228080402004e-01
-5.5802510479186007e-01
-5.5031883207857701e-01
-5.4266270819136797e-01
-5.3508818313675643e-01
-5.2759288400172688e-01
-5.2011274600182544e-01
-5.1272703415617715e-01
-5.0539839246640494e-01
-4.9807647628421442e-01
-4.9083956391722255e-01
-4.8364811404229113e-01
-4.7645532511906730e-01
-4.6933219354956718e-01
-4.6225131528635238e-01
-4.5515340095589857e-01
-4.4811066656857618e-01
-4.4110710307401962e-01
-4.3407745168315059e-01
-4.2708220563069915e-01
-4.2012076202571619e-01
-4.1312959586504489e-01
-4.0614211991399013e-01
-3.9916755991948405e-01
-3.9216079645474600e-01
-3.8511268040682095e-01
-3.7801636501028746e-01
-3.7083961816461508e-01
-3.6349441660559872e-01
-3.5590274238225095e-01
-3.4781530365223928e-01
-3.3874305908131835e-01
-3.2812842790549107e-01
-3.1589479414905314e-01
-3.0281960418391041e-01
-2.9015581804408169e-01
-2.7881063265652151e-01
-2.6896983909411248e-01
-2.6081082408449591e-01
-2.5405264556201973e-01
-2.4836594376716753e-01
-2.4347119004053860e-01
-2.3913879746493288e-01
-2.3519072277168490e-01
-2.3149585916825655e-01
-2.2795664325849088e-01
-2.2451381668120865e-01
-2.2110835538160192e-01
-2.1769334550039049e-01
-2.1424072684552553e-01
-2.1072778413335233e-01
-2.0712594060486730e-01
-2.0341850465150219e-01
-1.9958610285493514e-01
-1.9560392106907254e-01
-1.9146169725591525e-01
0.0000000000000000e+00
4.6394672558788441e-01
3.6272095341207407e-02
1.4029065941532364e+01
];
