%Vec Object:sol 1 MPI processes
%  type: mpi
sol = [
0.0000000000000000e+00
-1.3976000667039641e+00
-1.3642632369780812e+00
-1.3322618172575844e+00
-1.3013399537838635e+00
-1.2719063688195367e+00
-1.2433055686152819e+00
-1.2158288507333574e+00
-1.1893861687095091e+00
-1.1636889968001434e+00
-1.1389964072841317e+00
-1.1149880242605337e+00
-1.0916734403414654e+00
-1.0691587860801668e+00
-1.0471929146614436e+00
-1.0259196118795240e+00
-1.0052083444003961e+00
-9.8494638919647470e-01
-9.6534310091202435e-01
-9.4606407789296898e-01
-9.2733525574296483e-01
-9.0903329132356370e-01
-8.9106112735900100e-01
-8.7360440516769955e-01
-8.5634813527040032e-01
-8.3954316190027700e-01
-8.2301816411361106e-01
-8.0679087995487575e-01
-7.9084112935042339e-01
-7.7521493925627438e-01
-7.5977065528584831e-01
-7.4461637027446170e-01
-7.2968227121207052e-01
-7.1493812862803119e-01
-7.0041363087953246e-01
-6.8608546758624578e-01
-6.7189674239086150e-01
-6.5791004916412876e-01
-6.4398750596236509e-01
-6.2982447791813478e-01
-6.1327588836430091e-01
-5.8522983616480106e-01
-5.3067998228223090e-01
-4.6200729098201798e-01
-4.0767307582858769e-01
-3.7671313476622770e-01
-3.6155312042999571e-01
-3.5386846653823484e-01
-3.4934948012412897e-01
-3.4611807859070098e-01
-3.4334646224752796e-01
-3.4067902372344855e-01
-3.3798386870832031e-01
-3.3519179459515619e-01
-3.3227927233477372e-01
-3.2924855493032812e-01
-3.2610524923250306e-01
-3.2284581522890005e-01
-3.1948356545832107e-01
-3.1603742700357418e-01
-3.1250089329325820e-01
-3.0890285844324677e-01
-3.0524361197532979e-01
-3.0152597596414682e-01
-2.9776211183481333e-01
-2.9396398877540475e-01
-2.9014038167086309e-01
-2.8623880935971624e-01
-2.8231056170722468e-01
-2.7836845258425408e-01
-2.7441433253251757e-01
-2.7044215306294095e-01
-2.6647785333319984e-01
-2.6252052797559061e-01
-2.5855951905263169e-01
-2.5460609069249246e-01
-2.5066828481252101e-01
-2.4674369380375125e-01
-2.4282964250792544e-01
-2.3892939040184910e-01
-2.3505379441689883e-01
-2.3119689472429922e-01
-2.2735742237771717e-01
-2.2353092982464959e-01
-2.1972485634605596e-01
-2.1593713294281550e-01
-2.1216206593854237e-01
-2.0839629772266338e-01
-2.0463431814937125e-01
-2.0088474449202634e-01
-1.9713640277832684e-01
-1.9338236897603722e-01
-1.8961866443093944e-01
-1.8584228603253591e-01
-1.8203930221752285e-01
-1.7820203360097131e-01
-1.7432407755787171e-01
-1.7038889160756487e-01
-1.6639079237721477e-01
0.0000000000000000e+00
4.8498169762813886e-01
3.5883713389769756e-02
8.4828902696649067e+00
];
