%Vec Object:sol 1 MPI processes
%  type: mpi
sol = [
0.0000000000000000e+00
-1.0245832417506251e+00
-1.0062617928545308e+00
-9.8875760909388211e-01
-9.7165358151822667e-01
-9.5534751205581503e-01
-9.3936596476660161e-01
-9.2399217323283389e-01
-9.0913851378441812e-01
-8.9457924410385659e-01
-8.8070041800371979e-01
-8.6691424533803152e-01
-8.5370815619587026e-01
-8.4081515158206466e-01
-8.2821293157415332e-01
-8.1608728379935547e-01
-8.0406355205218372e-01
-7.9248874168474714e-01
-7.8112800342942224e-01
-7.7000878093983971e-01
-7.5921724143281788e-01
-7.4858270350707568e-01
-7.3825665837804078e-01
-7.2808076351869899e-01
-7.1813332642769734e-01
-7.0839843473246189e-01
-6.9884115260636481e-01
-6.8948754628233355e-01
-6.8024068831460482e-01
-6.7122713870928952e-01
-6.6233836391120393e-01
-6.5357895266400590e-01
-6.4503286806937699e-01
-6.3653379645443287e-01
-6.2821237331923219e-01
-6.2004872653212884e-01
-6.1191402705192588e-01
-6.0396829477250513e-01
-5.9610944237131847e-01
-5.8832070816250570e-01
-5.8069591108543073e-01
-5.7310678904738510e-01
-5.6561295013723178e-01
-5.5825495391926605e-01
-5.5091125168812760e-01
-5.4366830029699542e-01
-5.3652090288097432e-01
-5.2940847825171100e-01
-5.2237638096330552e-01
-5.1541104106722135e-01
-5.0848933607065794e-01
-5.0163619810949400e-01
-4.9482659332603773e-01
-4.8805817638690369e-01
-4.8135512563876998e-01
-4.7467648081367431e-01
-4.6803016004443354e-01
-4.6144687515963650e-01
-4.5487554268796332e-01
-4.4832215163135897e-01
-4.4182338702039436e-01
-4.3534298247952918e-01
-4.2885492417651033e-01
-4.2240982686425377e-01
-4.1600051329710619e-01
-4.0955156602213372e-01
-4.0313360836760165e-01
-3.9674193589794782e-01
-3.9033521959571116e-01
-3.8391779725505365e-01
-3.7751548939607726e-01
-3.7112127254227401e-01
-3.6468248220357491e-01
-3.5824211165585940e-01
-3.5180102541926839e-01
-3.4534383547403635e-01
-3.3885072146455542e-01
-3.3235610959813955e-01
-3.2587253598862453e-01
-3.1939924777246148e-01
-3.1292976008736134e-01
-3.0646484514932515e-01
-2.9993387895548712e-01
-2.9319190901577946e-01
-2.8605497148646741e-01
-2.7844197319480724e-01
-2.7041144103049614e-01
-2.6217580954625752e-01
-2.5401942470842243e-01
-2.4621779550234682e-01
-2.3895091338444829e-01
-2.3228321294796445e-01
-2.2609316297717452e-01
-2.2041198872457216e-01
-2.1519575345159156e-01
-2.1037539929104751e-01
-2.0587555708845501e-01
-2.0162912639464084e-01
-1.9759314620697796e-01
0.0000000000000000e+00
4.5971256543292155e-01
3.6293302710711066e-02
1.4491976822050043e+01
];
