%Vec Object:sol 1 MPI processes
%  type: mpi
sol = [
0.0000000000000000e+00
-1.0076618163024218e+00
-9.8991757904635336e-01
-9.7250410003338750e-01
-9.5589258198577631e-01
-9.3976912297432247e-01
-9.2410341528479167e-01
-9.0905868513244970e-01
-8.9436443190665482e-01
-8.8026612765567691e-01
-8.6645381426334267e-01
-8.5306145523670063e-01
-8.4006656075613040e-01
-8.2742151426079369e-01
-8.1516570979565606e-01
-8.0315989970750978e-01
-7.9151325156481067e-01
-7.8010838434363083e-01
-7.6903697121943404e-01
-7.5821923215482734e-01
-7.4759894717844999e-01
-7.3730512915349244e-01
-7.2715497520153638e-01
-7.1728024255955203e-01
-7.0763286225177968e-01
-6.9809055297968048e-01
-6.8885400406307407e-01
-6.7971136201809967e-01
-6.7075803427582792e-01
-6.6205834678199693e-01
-6.5337534333175040e-01
-6.4492798659885220e-01
-6.3664476140458037e-01
-6.2841777565597456e-01
-6.2040691049647900e-01
-6.1248453474773434e-01
-6.0466142343030449e-01
-5.9702676702506674e-01
-5.8942626501136486e-01
-5.8195121053307264e-01
-5.7462624624775338e-01
-5.6732864341608469e-01
-5.6015428299031278e-01
-5.5308868014822488e-01
-5.4606914158849751e-01
-5.3915342377893660e-01
-5.3231688479111450e-01
-5.2553829482215275e-01
-5.1884440726445147e-01
-5.1221001563707869e-01
-5.0563541457382799e-01
-4.9913515586563378e-01
-4.9267907041647380e-01
-4.8627532641454807e-01
-4.7994433582828516e-01
-4.7364537373644217e-01
-4.6738650886148686e-01
-4.6120010743785361e-01
-4.5503950282336503e-01
-4.4890290781789427e-01
-4.4283302512446310e-01
-4.3680110508546438e-01
-4.3076755518972104e-01
-4.2479241766878800e-01
-4.1886977059943442e-01
-4.1293209716995716e-01
-4.0703665850308490e-01
-4.0118925482370704e-01
-3.9535807603860978e-01
-3.8953228679823382e-01
-3.8375018600319372e-01
-3.7800938703923120e-01
-3.7225939349705645e-01
-3.6653928416749609e-01
-3.6085933756280042e-01
-3.5521141453065552e-01
-3.4956259314885346e-01
-3.4395201831797600e-01
-3.3838480261771575e-01
-3.3285217944080586e-01
-3.2733917159153586e-01
-3.2187789652300441e-01
-3.1648049537551198e-01
-3.1115144912438930e-01
-3.0588609524233745e-01
-3.0072579683229211e-01
-2.9570084845885541e-01
-2.9083782213610410e-01
-2.8613817392521962e-01
-2.8163624349356109e-01
-2.7733920294249570e-01
-2.7322797171479157e-01
-2.6925499312247053e-01
-2.6535466663452134e-01
-2.6149241145021113e-01
-2.5765293934698352e-01
-2.5384998056160074e-01
-2.5013345111831420e-01
-2.4658578040417117e-01
0.0000000000000000e+00
4.5538287952522183e-01
3.6295210385578758e-02
1.4534768391059000e+01
];
