%Vec Object:sol 1 MPI processes
%  type: mpi
sol = [
0.0000000000000000e+00
-9.9539186358933363e-01
-9.7791272545310859e-01
-9.6104132488833405e-01
-9.4459932414599357e-01
-9.2899845034874129e-01
-9.1352739781708125e-01
-8.9879480893670116e-01
-8.8445273780202338e-01
-8.7048227814776846e-01
-8.5716086622868126e-01
-8.4387684765103343e-01
-8.3119170956601607e-01
-8.1880685828695943e-01
-8.0669491831659046e-01
-7.9508525544056230e-01
-7.8352596526501750e-01
-7.7240230599544635e-01
-7.6155959441751730e-01
-7.5087506464251119e-01
-7.4058996182722114e-01
-7.3039791385929431e-01
-7.2048642609752356e-01
-7.1084712031528363e-01
-7.0130664515737862e-01
-6.9205822385307680e-01
-6.8296537868662566e-01
-6.7401357665984518e-01
-6.6532857415779512e-01
-6.5671540000561501e-01
-6.4829023217900461e-01
-6.4004741016432731e-01
-6.3190744750290029e-01
-6.2394249998487483e-01
-6.1609178643144358e-01
-6.0836769468581575e-01
-6.0080307737923988e-01
-5.9330158048595927e-01
-5.8594379012343378e-01
-5.7871919337055666e-01
-5.7154035714442597e-01
-5.6450676844979886e-01
-5.5757091635163203e-01
-5.5069146561097382e-01
-5.4394475519735541e-01
-5.3726871213680072e-01
-5.3065260338204301e-01
-5.2416048925587688e-01
-5.1771941449516634e-01
-5.1133591861964689e-01
-5.0506663532986096e-01
-4.9884353842834622e-01
-4.9266679947166375e-01
-4.8659292259400366e-01
-4.8057432713636578e-01
-4.7458297577012770e-01
-4.6868501474586199e-01
-4.6285722170680516e-01
-4.5703434780913638e-01
-4.5129729730885831e-01
-4.4564183599904167e-01
-4.3998298127620789e-01
-4.3439572915831975e-01
-4.2888506479519167e-01
-4.2340314107659238e-01
-4.1795977475112750e-01
-4.1258996924016700e-01
-4.0727472448229057e-01
-4.0198432197752038e-01
-3.9675739063407062e-01
-3.9160206635358275e-01
-3.8647618154125501e-01
-3.8140591666465612e-01
-3.7640453306904270e-01
-3.7146905750066184e-01
-3.6657268757087041e-01
-3.6174957971901156e-01
-3.5700422434994167e-01
-3.5232418201494936e-01
-3.4770981804284395e-01
-3.4318390338112864e-01
-3.3875029351495972e-01
-3.3439698287346764e-01
-3.3013651058555538e-01
-3.2599074158556651e-01
-3.2196269309155567e-01
-3.1805068375382306e-01
-3.1427116426894680e-01
-3.1065548438008805e-01
-3.0721973213609860e-01
-3.0397993315402599e-01
-3.0096075538322931e-01
-2.9821643715789903e-01
-2.9578143972647880e-01
-2.9367811559720575e-01
-2.9189489716241829e-01
-2.9042922025806206e-01
-2.8919912756306043e-01
-2.8806827279386793e-01
0.0000000000000000e+00
4.5182569135197637e-01
3.6295210385578758e-02
1.4534768391059000e+01
];
