%Vec Object:sol 1 MPI processes
%  type: mpi
sol = [
0.0000000000000000e+00
-9.9410592893195049e-01
-9.7664998956719284e-01
-9.5984692619208167e-01
-9.4342495826780814e-01
-9.2784322480667480e-01
-9.1243496921926015e-01
-8.9771917224540121e-01
-8.8343611953475598e-01
-8.6948059021758906e-01
-8.5617386591933764e-01
-8.4294401479583736e-01
-8.3027117025650399e-01
-8.1793796995735235e-01
-8.0583739198677884e-01
-7.9424083786234689e-01
-7.8272804842642663e-01
-7.7161422193968721e-01
-7.6081791263900489e-01
-7.5014291893446383e-01
-7.3986768934921887e-01
-7.2972063281524258e-01
-7.1981897087083746e-01
-7.1022348873627617e-01
-7.0069292278908835e-01
-6.9145495775459354e-01
-6.8240519624304152e-01
-6.7346418042013256e-01
-6.6479822477405426e-01
-6.5621892439310991e-01
-6.4780472915865095e-01
-6.3960316251332117e-01
-6.3147481614298540e-01
-6.2352229310382157e-01
-6.1571306832064954e-01
-6.0800224016425186e-01
-6.0045175275593654e-01
-5.9299222489442915e-01
-5.8564960926122434e-01
-5.7845045526535321e-01
-5.7130408739616734e-01
-5.6428701661238556e-01
-5.5739360559452344e-01
-5.5053214319906085e-01
-5.4380454720306737e-01
-5.3717243372234946e-01
-5.3057717333791998e-01
-5.2410715421827925e-01
-5.1771194211632721e-01
-5.1135257348634289e-01
-5.0510881380064687e-01
-4.9893402313490931e-01
-4.9278520029449130e-01
-4.8674083347266012e-01
-4.8077362328949091e-01
-4.7481463010869385e-01
-4.6895085628888250e-01
-4.6317332522727755e-01
-4.5739213250736732e-01
-4.5169377224855589e-01
-4.4607901773388836e-01
-4.4048061967864294e-01
-4.3493778508904790e-01
-4.2947379696445681e-01
-4.2405747555522877e-01
-4.1866507753033300e-01
-4.1334881016041614e-01
-4.0810517968944943e-01
-4.0287316338084372e-01
-3.9770743431741151e-01
-3.9261622980355576e-01
-3.8757144602846372e-01
-3.8257081776757218e-01
-3.7764220872222537e-01
-3.7279168183189471e-01
-3.6797729383634648e-01
-3.6323549301758395e-01
-3.5857469188681168e-01
-3.5399372514883126e-01
-3.4946972545269672e-01
-3.4503720459093234e-01
-3.4069984929906733e-01
-3.3645521445408888e-01
-3.3229533014097812e-01
-3.2825194875999408e-01
-3.2432736753512742e-01
-3.2052722872388506e-01
-3.1684958025174514e-01
-3.1333302366141802e-01
-3.0999160008114929e-01
-3.0684588235445298e-01
-3.0390446172163144e-01
-3.0122810921848997e-01
-2.9885278103722807e-01
-2.9680703866650698e-01
-2.9509154270541399e-01
-2.9371236731962463e-01
-2.9260819009160211e-01
-2.9165061685040289e-01
0.0000000000000000e+00
4.5143619321510425e-01
3.6295210385578758e-02
1.4534768391059000e+01
];
