%Vec Object:sol 1 MPI processes
%  type: mpi
sol = [
0.0000000000000000e+00
-9.8403683437238787e-01
-9.6682027266365134e-01
-9.5031896931070570e-01
-9.3433027632709220e-01
-9.1891682627666138e-01
-9.0401769916574171e-01
-8.8945072681951265e-01
-8.7545475817616136e-01
-8.6182590164924455e-01
-8.4864802251124771e-01
-8.3586152339609121e-01
-8.2330830882516726e-01
-8.1121987105607618e-01
-7.9940720501161289e-01
-7.8791680117899965e-01
-7.7676742935291931e-01
-7.6579066773811810e-01
-7.5518455686109021e-01
-7.4479976486897559e-01
-7.3462000104679281e-01
-7.2475592996078531e-01
-7.1503399618363406e-01
-7.0557116279130927e-01
-6.9635601975338601e-01
-6.8721591804130144e-01
-6.7837267398602608e-01
-6.6966961357821830e-01
-6.6110305217312715e-01
-6.5278862497726298e-01
-6.4455468226971691e-01
-6.3649118579553443e-01
-6.2864043081793275e-01
-6.2082844264511738e-01
-6.1320575598395222e-01
-6.0576200613551967e-01
-5.9833409081257949e-01
-5.9110067820316414e-01
-5.8400150536049078e-01
-5.7693960884529150e-01
-5.7005116638714493e-01
-5.6326746406673767e-01
-5.5653103672688664e-01
-5.4995020591513666e-01
-5.4345695773601133e-01
-5.3701193732889774e-01
-5.3070738867017242e-01
-5.2448335289843484e-01
-5.1830137887757033e-01
-5.1224715343908078e-01
-5.0627062260971423e-01
-5.0033256779604540e-01
-4.9450765331248775e-01
-4.8876044844131095e-01
-4.8305192566325017e-01
-4.7743988514516705e-01
-4.7191108105820967e-01
-4.6641851674614998e-01
-4.6100741123952510e-01
-4.5568986318257626e-01
-4.5039743797195175e-01
-4.4518643806585761e-01
-4.4006271196727992e-01
-4.3497575170022523e-01
-4.2996490531449855e-01
-4.2502898664743483e-01
-4.2015403442815419e-01
-4.1533537910018370e-01
-4.1060067267654060e-01
-4.0594434949426167e-01
-4.0132344076846793e-01
-3.9679422845422535e-01
-3.9234925612487759e-01
-3.8796325601817716e-01
-3.8364782970020872e-01
-3.7942858919825012e-01
-3.7529995894935775e-01
-3.7122144951569430e-01
-3.6724284027710352e-01
-3.6336894003020803e-01
-3.5958673691945442e-01
-3.5587717703707955e-01
-3.5228196465996320e-01
-3.4880393979493768e-01
-3.4542691506114825e-01
-3.4214659708019729e-01
-3.3899660204786025e-01
-3.3598160336451421e-01
-3.3308631917422188e-01
-3.3031988778712318e-01
-3.2771018116304301e-01
-3.2527267492381801e-01
-3.2300481512458468e-01
-3.2093877448847763e-01
-3.1911758027109449e-01
-3.1758858634847020e-01
-3.1638281222922721e-01
-3.1554682025103481e-01
-3.1510507151369499e-01
0.0000000000000000e+00
4.4839187308732231e-01
3.6295210385578758e-02
1.4534768391059000e+01
];
