%Vec Object:sol 1 MPI processes
%  type: mpi
sol = [
0.0000000000000000e+00
-9.5182378288423508e-01
-9.3589871468585484e-01
-9.2065711150134333e-01
-9.0580226313078338e-01
-8.9153638739668295e-01
-8.7774191625882159e-01
-8.6423055661016024e-01
-8.5124726653642868e-01
-8.3865726622805259e-01
-8.2641643799793507e-01
-8.1453840944531897e-01
-8.0297377792180058e-01
-7.9173464645599001e-01
-7.8088662074318460e-01
-7.7020584178638740e-01
-7.5983878168902474e-01
-7.4980331727041505e-01
-7.3994122712795873e-01
-7.3035891583070878e-01
-7.2102565633858640e-01
-7.1186572709381135e-01
-7.0298981913206515e-01
-6.9427593636190610e-01
-6.8573779191748496e-01
-6.7747807242304359e-01
-6.6931522202751625e-01
-6.6133074118486990e-01
-6.5359804289498091e-01
-6.4593471221409582e-01
-6.3845722978544572e-01
-6.3118193611467188e-01
-6.2398187202345856e-01
-6.1695923109801898e-01
-6.1009861074609961e-01
-6.0331764417685185e-01
-5.9670279810450344e-01
-5.9022086665498230e-01
-5.8382130757881445e-01
-5.7757486049259488e-01
-5.7144127251773025e-01
-5.6539109643944596e-01
-5.5948012480145404e-01
-5.5366938776801244e-01
-5.4794150357528570e-01
-5.4233857624178883e-01
-5.3682937908743011e-01
-5.3140100744169350e-01
-5.2608339205666299e-01
-5.2085806760160414e-01
-5.1570615451598600e-01
-5.1065933791772355e-01
-5.0570347714571573e-01
-5.0080834150920794e-01
-4.9602142505558644e-01
-4.9132345764924718e-01
-4.8667222069535321e-01
-4.8213368904125442e-01
-4.7768462454987498e-01
-4.7326733608408711e-01
-4.6896154112261051e-01
-4.6474986173569699e-01
-4.6057051497608043e-01
-4.5648667995782666e-01
-4.5250546664958152e-01
-4.4856482925176272e-01
-4.4469894466569948e-01
-4.4093464471639870e-01
-4.3724050833995293e-01
-4.3359052755338956e-01
-4.3004014460282153e-01
-4.2658696734638718e-01
-4.2315875682049092e-01
-4.1982266607619523e-01
-4.1658331674077997e-01
-4.1340029355393249e-01
-4.1028475357952249e-01
-4.0726054560276792e-01
-4.0431767128566587e-01
-4.0142690533112890e-01
-3.9862675073213188e-01
-3.9591622920943703e-01
-3.9325724100261111e-01
-3.9068316930809704e-01
-3.8820275881316968e-01
-3.8579279171204028e-01
-3.8344417049222340e-01
-3.8119115068990733e-01
-3.7903319587779027e-01
-3.7692550369755790e-01
-3.7490256131732258e-01
-3.7297568276594123e-01
-3.7113125902949740e-01
-3.6935154576074836e-01
-3.6766561624174809e-01
-3.6608081308182422e-01
-3.6457058823654548e-01
-3.6316748700623314e-01
-3.6190039097603632e-01
0.0000000000000000e+00
4.3870891106543708e-01
3.6295210385578758e-02
1.4534768391059000e+01
];
