%Vec Object:sol 1 MPI processes
%  type: mpi
sol = [
0.0000000000000000e+00
-1.1802615245805712e+00
-1.1569546561294417e+00
-1.1342976534316753e+00
-1.1125850602081044e+00
-1.0915628452935340e+00
-1.0712424841540678e+00
-1.0515137055796928e+00
-1.0325648921977690e+00
-1.0139659973867299e+00
-9.9623626240380325e-01
-9.7865250971904338e-01
-9.6185850898210024e-01
-9.4532822566742114e-01
-9.2937254526038193e-01
-9.1373918264369081e-01
-8.9857674549841748e-01
-8.8366450738434155e-01
-8.6929623159405578e-01
-8.5502860618705034e-01
-8.4128270194747157e-01
-8.2768675916913703e-01
-8.1447406239240805e-01
-8.0147612448072392e-01
-7.8877662397976900e-01
-7.7626540896706442e-01
-7.6407896598902614e-01
-7.5201537880179525e-01
-7.4021537427781037e-01
-7.2863552714695112e-01
-7.1718309408635850e-01
-7.0598226323591295e-01
-6.9490431827197974e-01
-6.8403765186338106e-01
-6.7326155182751324e-01
-6.6270412073567997e-01
-6.5222145583312063e-01
-6.4191959183508762e-01
-6.3174436654637578e-01
-6.2164962238468202e-01
-6.1174042763337177e-01
-6.0186493162428190e-01
-5.9212812916826707e-01
-5.8248115642332721e-01
-5.7292660938599005e-01
-5.6347216478088991e-01
-5.5405762689987936e-01
-5.4476624352704128e-01
-5.3550702260516447e-01
-5.2631602953205581e-01
-5.1722598037363421e-01
-5.0811496316766636e-01
-4.9904749548558230e-01
-4.8993484911185819e-01
-4.8046941328875931e-01
-4.7008997944858433e-01
-4.5734962654268974e-01
-4.3980903284694789e-01
-4.1538527875778447e-01
-3.8570004533297381e-01
-3.5741673549752473e-01
-3.3536393427569844e-01
-3.2038770144336304e-01
-3.1060499189175866e-01
-3.0404119807045310e-01
-2.9934401762512325e-01
-2.9569426603250876e-01
-2.9260634806157187e-01
-2.8980850682642983e-01
-2.8715227595123322e-01
-2.8454715106058559e-01
-2.8193077000165262e-01
-2.7929602995739522e-01
-2.7662274416662630e-01
-2.7388899556017443e-01
-2.7109919750070588e-01
-2.6825622407579330e-01
-2.6535498820940578e-01
-2.6239242636881166e-01
-2.5937240169264275e-01
-2.5630421501249046e-01
-2.5318235906901970e-01
-2.5000674171745785e-01
-2.4677406181591907e-01
-2.4349182026454991e-01
-2.4015872356795120e-01
-2.3676978132999948e-01
-2.3332262137252405e-01
-2.2981312625419364e-01
-2.2625058297488046e-01
-2.2262464080368852e-01
-2.1892653405328000e-01
-2.1515371424643318e-01
-2.1130297172389501e-01
-2.0736001710703211e-01
-2.0331778002517051e-01
-1.9916662249479028e-01
-1.9488793499816010e-01
-1.9047461605095273e-01
0.0000000000000000e+00
4.7261567903492352e-01
3.6147301655819170e-02
1.1721069341072720e+01
];
