%Vec Object:sol 1 MPI processes
%  type: mpi
sol = [
0.0000000000000000e+00
-1.0737283502621591e+00
-1.0543293597726344e+00
-1.0353451532555282e+00
-1.0172242299584018e+00
-9.9956172883067129e-01
-9.8252400025179243e-01
-9.6594017914269947e-01
-9.4997512021421426e-01
-9.3435822131378710e-01
-9.1936070207102161e-01
-9.0460958851084139e-01
-8.9034971084599945e-01
-8.7650161912411528e-01
-8.6290220501820847e-01
-8.4982940210801128e-01
-8.3685959158536605e-01
-8.2437018730719047e-01
-8.1208283309798091e-01
-8.0008794260531757e-01
-7.8837381447787880e-01
-7.7690112279400947e-01
-7.6568686753350512e-01
-7.5467488840578079e-01
-7.4393746301449759e-01
-7.3329911112873802e-01
-7.2297853594367645e-01
-7.1274855021337979e-01
-7.0273534255619541e-01
-6.9294902119128299e-01
-6.8321441508628844e-01
-6.7374115225984832e-01
-6.6435094366336234e-01
-6.5511201231563532e-01
-6.4604150703813046e-01
-6.3705931128216453e-01
-6.2824224258782690e-01
-6.1949397717848198e-01
-6.1089103052850813e-01
-6.0238741949563657e-01
-5.9396530708733475e-01
-5.8568690204601348e-01
-5.7743855447713099e-01
-5.6930833434108430e-01
-5.6129156629623367e-01
-5.5327789234655445e-01
-5.4539202580929425e-01
-5.3757586329880935e-01
-5.2978236175165150e-01
-5.2209712993884039e-01
-5.1444809844093276e-01
-5.0683727628730624e-01
-4.9931284802025633e-01
-4.9179903696719618e-01
-4.8433653223394357e-01
-4.7693588424904826e-01
-4.6953005218119487e-01
-4.6217973968905535e-01
-4.5486747109866116e-01
-4.4754189117441429e-01
-4.4026067840501493e-01
-4.3300575842046612e-01
-4.2572519506751971e-01
-4.1845840937262502e-01
-4.1119503316340023e-01
-4.0385971053569897e-01
-3.9643540451785675e-01
-3.8886294166516333e-01
-3.8098669774465516e-01
-3.7251667470764488e-01
-3.6297909572994691e-01
-3.5156983936378899e-01
-3.3775599332987361e-01
-3.2229021670844682e-01
-3.0704303117272702e-01
-2.9354275712670208e-01
-2.8224299610045417e-01
-2.7327938772468252e-01
-2.6618510680684437e-01
-2.6046338183719420e-01
-2.5570864770109525e-01
-2.5160529962304301e-01
-2.4793308928221072e-01
-2.4453392166185053e-01
-2.4130622580837055e-01
-2.3817314327923367e-01
-2.3507676199300595e-01
-2.3197775804956008e-01
-2.2884661505768006e-01
-2.2567412133107945e-01
-2.2243667970994449e-01
-2.1911426529482750e-01
-2.1569823828496723e-01
-2.1218037855007318e-01
-2.0854270421844429e-01
-2.0477611991323558e-01
-2.0086716013979408e-01
-1.9679503500670315e-01
-1.9255199535959944e-01
0.0000000000000000e+00
4.6561165327456250e-01
3.6256517773450257e-02
1.3703471277299130e+01
];
