%Vec Object:sol 1 MPI processes
%  type: mpi
sol = [
0.0000000000000000e+00
-9.8902938613095182e-01
-9.7167211590230207e-01
-9.5507093093859530e-01
-9.3880998741397936e-01
-9.2330923629769257e-01
-9.0815437699581569e-01
-8.9350986862127701e-01
-8.7943797160252346e-01
-8.6557214304234897e-01
-8.5232623993141654e-01
-8.3931787638227184e-01
-8.2670016473473573e-01
-8.1455062918061649e-01
-8.0252678815387257e-01
-7.9097979532549356e-01
-7.7966574274154810e-01
-7.6859854591581123e-01
-7.5793953756091714e-01
-7.4736240766192485e-01
-7.3713176479434639e-01
-7.2716761873391267e-01
-7.1730972607233501e-01
-7.0779653967011125e-01
-6.9840534093953710e-01
-6.8921189310228925e-01
-6.8031710030438142e-01
-6.7143859932947680e-01
-6.6281937922584977e-01
-6.5440973885202036e-01
-6.4604414535539101e-01
-6.3792477214493470e-01
-6.2993322116868000e-01
-6.2203376347488148e-01
-6.1435072466442231e-01
-6.0673692817498470e-01
-5.9924532468381986e-01
-5.9194492965297241e-01
-5.8467386204550709e-01
-5.7754076654061404e-01
-5.7056532781969960e-01
-5.6361947912830057e-01
-5.5680384379488956e-01
-5.5011504904178654e-01
-5.4346819776501665e-01
-5.3693448092713247e-01
-5.3050687668031804e-01
-5.2412869841566345e-01
-5.1784703509309749e-01
-5.1165930219727007e-01
-5.0552023613469799e-01
-4.9946998810098414e-01
-4.9350473705678144e-01
-4.8757980225964498e-01
-4.8174506251156862e-01
-4.7598864352878012e-01
-4.7026106213655483e-01
-4.6462685241169654e-01
-4.5906776089058177e-01
-4.5352662707627284e-01
-4.4807519464255408e-01
-4.4269832837881223e-01
-4.3735122985148306e-01
-4.3207270602487385e-01
-4.2687729670847607e-01
-4.2172361086094173e-01
-4.1661715996995258e-01
-4.1159435183065424e-01
-4.0664788666721707e-01
-4.0171833600136864e-01
-3.9687341035533208e-01
-3.9211264042406802e-01
-3.8740304751766169e-01
-3.8274873990439906e-01
-3.7818292394887620e-01
-3.7370644983142981e-01
-3.6927251446372994e-01
-3.6492401628262372e-01
-3.6067283294586305e-01
-3.5651410963266333e-01
-3.5241871585895373e-01
-3.4842642943786079e-01
-3.4454574670405852e-01
-3.4076770084140678e-01
-3.3708351735954628e-01
-3.3351994938936436e-01
-3.3008988482344359e-01
-3.2678712300414486e-01
-3.2361284069481411e-01
-3.2059713839915160e-01
-3.1775687840445777e-01
-3.1510411987123671e-01
-3.1265328429081174e-01
-3.1046011136594487e-01
-3.0855934407722807e-01
-3.0699246392001317e-01
-3.0577151793707402e-01
-3.0492298411419672e-01
-3.0438657053932561e-01
0.0000000000000000e+00
4.4989686003043333e-01
3.6295210385578758e-02
1.4534768391059000e+01
];
