%Vec Object:sol 1 MPI processes
%  type: mpi
sol = [
0.0000000000000000e+00
-1.0524350772916826e+00
-1.0336568345383126e+00
-1.0153218854342279e+00
-9.9769880472154493e-01
-9.8072539925422608e-01
-9.6412264216136079e-01
-9.4822171098678798e-01
-9.3265814720272799e-01
-9.1769591288110952e-01
-9.0307110462729556e-01
-8.8888963663311427e-01
-8.7503983554900067e-01
-8.6164786131702142e-01
-8.4852709595336184e-01
-8.3580780589689496e-01
-8.2337925559234104e-01
-8.1119406160566521e-01
-7.9944937199678556e-01
-7.8775789010938146e-01
-7.7648202248467957e-01
-7.6538731371867630e-01
-7.5451586875158638e-01
-7.4395102152219184e-01
-7.3347754363080375e-01
-7.2331120076909883e-01
-7.1327721732551519e-01
-7.0342433428401807e-01
-6.9377367378619770e-01
-6.8427577487789859e-01
-6.7496969444908816e-01
-6.6574171879209643e-01
-6.5672969353422417e-01
-6.4781441288276442e-01
-6.3903666315801610e-01
-6.3044413478532335e-01
-6.2186652498471007e-01
-6.1347634337876467e-01
-6.0519059455651969e-01
-5.9696313682347013e-01
-5.8890298217942205e-01
-5.8088275830370872e-01
-5.7295725767753791e-01
-5.6516185385129791e-01
-5.5738973207817777e-01
-5.4971898369507255e-01
-5.4212879670870273e-01
-5.3459003411750594e-01
-5.2713101956979891e-01
-5.1971631162972554e-01
-5.1236732356764936e-01
-5.0508528134933728e-01
-4.9781837504332505e-01
-4.9061869322268520e-01
-4.8348174575188363e-01
-4.7633616014750013e-01
-4.6925133045586570e-01
-4.6222569987755169e-01
-4.5517538388291617e-01
-4.4817238006471810e-01
-4.4121859648081929e-01
-4.3424370885450320e-01
-4.2728986523770046e-01
-4.2037109568551467e-01
-4.1344594494418524e-01
-4.0650478592448341e-01
-3.9958057422742715e-01
-3.9265095315871862e-01
-3.8567036202324839e-01
-3.7865946918068283e-01
-3.7160313724445726e-01
-3.6443625502069754e-01
-3.5711657721908030e-01
-3.4953225449204989e-01
-3.4139916475268312e-01
-3.3219203717148543e-01
-3.2148765542706464e-01
-3.0939095745396389e-01
-2.9676594883307950e-01
-2.8474144228490916e-01
-2.7401296040748724e-01
-2.6471801383138271e-01
-2.5695422880149044e-01
-2.5045007696995153e-01
-2.4491742465676780e-01
-2.4010109548932501e-01
-2.3579174805443437e-01
-2.3183007896264254e-01
-2.2809596031970511e-01
-2.2451219998700131e-01
-2.2100669099482562e-01
-2.1752282011243551e-01
-2.1402511055729359e-01
-2.1048533030989852e-01
-2.0687094983952944e-01
-2.0316205224140979e-01
-1.9933714651006079e-01
-1.9536990936216100e-01
-1.9124906885531986e-01
0.0000000000000000e+00
4.6360895977062877e-01
3.6274740475686927e-02
1.4085545989480762e+01
];
