%Vec Object:sol 1 MPI processes
%  type: mpi
sol = [
0.0000000000000000e+00
-1.1143353542138072e+00
-1.0933637955491551e+00
-1.0732601666358619e+00
-1.0536622237724751e+00
-1.0349886266688264e+00
-1.0166055736698663e+00
-9.9904968337320499e-01
-9.8188748260310410e-01
-9.6530291206211671e-01
-9.4924276763193816e-01
-9.3352229691993660e-01
-9.1831733083797318e-01
-9.0349800698422633e-01
-8.8906063216349795e-01
-8.7500906214157859e-01
-8.6130069099372830e-01
-8.4786234902990198e-01
-8.3488765407006504e-01
-8.2200039917609347e-01
-8.0958264656112311e-01
-7.9729835788493775e-01
-7.8534023922952245e-01
-7.7361213061975986e-01
-7.6210186456451823e-01
-7.5082556412080315e-01
-7.3976963631562564e-01
-7.2890945352321712e-01
-7.1819202504504620e-01
-7.0776118869418569e-01
-6.9737252819080275e-01
-6.8723731381672182e-01
-6.7724216842603935e-01
-6.6736340270782357e-01
-6.5769306458406851e-01
-6.4809147802626832e-01
-6.3866459647298657e-01
-6.2932862312152071e-01
-6.2013188077295589e-01
-6.1104325554965866e-01
-6.0204085736880675e-01
-5.9318822886124356e-01
-5.8436262221105517e-01
-5.7566831895446324e-01
-5.6707577422909017e-01
-5.5850611231010749e-01
-5.5006751631040152e-01
-5.4167947136194805e-01
-5.3333872538592975e-01
-5.2510789777896527e-01
-5.1688851537707614e-01
-5.0873499375804054e-01
-5.0065052243805608e-01
-4.9258354438877211e-01
-4.8457914723760420e-01
-4.7660663107383711e-01
-4.6865095075215413e-01
-4.6074567616747852e-01
-4.5282927713083032e-01
-4.4487959442208802e-01
-4.3686524798226928e-01
-4.2860125737440197e-01
-4.1978097817131999e-01
-4.0987453125391554e-01
-3.9786626164245098e-01
-3.8236432644049750e-01
-3.6296827748138533e-01
-3.4190420738272020e-01
-3.2283019823060699e-01
-3.0732539930269742e-01
-2.9586952756931878e-01
-2.8753430063473384e-01
-2.8135400947827460e-01
-2.7656801977728318e-01
-2.7264696970312952e-01
-2.6926002389663534e-01
-2.6619373623674453e-01
-2.6330470022776914e-01
-2.6050143281437788e-01
-2.5773100561516288e-01
-2.5496477312283566e-01
-2.5217266979255848e-01
-2.4933844172060046e-01
-2.4644815876095255e-01
-2.4350163211601708e-01
-2.4049250809294623e-01
-2.3741211423182682e-01
-2.3425569247265693e-01
-2.3101774363558936e-01
-2.2770643082605840e-01
-2.2431055038891690e-01
-2.2081973508885530e-01
-2.1723152498444459e-01
-2.1354235188911688e-01
-2.0973764949961818e-01
-2.0581056557945901e-01
-2.0175024726175503e-01
-1.9753749571849585e-01
-1.9316525767513848e-01
0.0000000000000000e+00
4.6862089431360571e-01
3.6217600957645125e-02
1.2939829558036283e+01
];
