%Vec Object:sol 1 MPI processes
%  type: mpi
sol = [
0.0000000000000000e+00
-1.0265509225577396e+00
-1.0082122753528651e+00
-9.9069099234289559e-01
-9.7352510020472072e-01
-9.5720277379725704e-01
-9.4116046071621218e-01
-9.2577050933043736e-01
-9.1085731152084637e-01
-8.9628185402545157e-01
-8.8238687628284629e-01
-8.6854179302631362e-01
-8.5531948297107907e-01
-8.4236878287286876e-01
-8.2975011120843301e-01
-8.1756759582189931e-01
-8.0552707219316233e-01
-7.9393498726158551e-01
-7.8251755723031624e-01
-7.7138058966722844e-01
-7.6053293766664021e-01
-7.4988029887565588e-01
-7.3952950896739156e-01
-7.2930471524426987e-01
-7.1933905692147582e-01
-7.0954955512395301e-01
-6.9997359887950983e-01
-6.9058987475453060e-01
-6.8130030931378738e-01
-6.7226793325302392e-01
-6.6332602703023524e-01
-6.5454727600071561e-01
-6.4598129927318904e-01
-6.3742924865333339e-01
-6.2908749229067840e-01
-6.2087141591348538e-01
-6.1271585584211741e-01
-6.0474870180021922e-01
-5.9683738730524172e-01
-5.8902661389974498e-01
-5.8137550762739543e-01
-5.7373859843443975e-01
-5.6622237703424394e-01
-5.5881312281320072e-01
-5.5144636187547136e-01
-5.4417966996981837e-01
-5.3698088398390686e-01
-5.2984402602521230e-01
-5.2278681417138873e-01
-5.1576981219275742e-01
-5.0882226735048597e-01
-5.0194260056763174e-01
-4.9508103177855145e-01
-4.8828526429832203e-01
-4.8155413404318953e-01
-4.7482308677712254e-01
-4.6814767556565839e-01
-4.6153447436385758e-01
-4.5491000955588201e-01
-4.4832540578131136e-01
-4.4179444952226765e-01
-4.3525975415347351e-01
-4.2873781326417232e-01
-4.2225759119162226e-01
-4.1579273005398137e-01
-4.0930612062319494e-01
-4.0284974732753220e-01
-3.9641806760697368e-01
-3.8995130282510743e-01
-3.8349079387142371e-01
-3.7704328337569043e-01
-3.7058443696158316e-01
-3.6409572513915095e-01
-3.5760241854232039e-01
-3.5110532546558332e-01
-3.4457407331602408e-01
-3.3802140278488318e-01
-3.3146770362816952e-01
-3.2492613571777940e-01
-3.1837655496198414e-01
-3.1181841546525924e-01
-3.0519017956386196e-01
-2.9835204815697941e-01
-2.9109766690313604e-01
-2.8329562840307104e-01
-2.7498600414232294e-01
-2.6640402899176091e-01
-2.5788537108718951e-01
-2.4972972161447002e-01
-2.4215936890802162e-01
-2.3524434006867231e-01
-2.2882240467421056e-01
-2.2298824670068526e-01
-2.1765528163342007e-01
-2.1272785188859752e-01
-2.0812774376980292e-01
-2.0377969580138131e-01
-1.9961851794842575e-01
-1.9560409910168067e-01
0.0000000000000000e+00
4.6008402649826763e-01
3.6292426930278329e-02
1.4472396803784294e+01
];
