%Vec Object:sol 1 MPI processes
%  type: mpi
sol = [
0.0000000000000000e+00
-9.9155321241485306e-01
-9.7414517348971918e-01
-9.5747962237507933e-01
-9.4109908634256001e-01
-9.2555688649170709e-01
-9.1027476224842652e-01
-8.9559350198162180e-01
-8.8142872516285897e-01
-8.6750365667071516e-01
-8.5422654864293324e-01
-8.4110695656991330e-01
-8.2846070131242899e-01
-8.1623202615988710e-01
-8.0415564818847396e-01
-7.9258320272316951e-01
-7.8116944445747483e-01
-7.7007812887455973e-01
-7.5937675857395548e-01
-7.4872317974075764e-01
-7.3846983450467285e-01
-7.2841423374967917e-01
-7.1853398697566662e-01
-7.0899766736406467e-01
-6.9951736886142535e-01
-6.9030065912413718e-01
-6.8133662674792461e-01
-6.7241733421345717e-01
-6.6377423323338836e-01
-6.5527966809983329e-01
-6.4688925984061429e-01
-6.3874374759287300e-01
-6.3066746546420738e-01
-6.2274048833193485e-01
-6.1501425807473986e-01
-6.0733059987531712e-01
-5.9980901191863523e-01
-5.9243347876616259e-01
-5.8512185399570127e-01
-5.7795560598225992e-01
-5.7089501383684904e-01
-5.6391345000081872e-01
-5.5706000534968403e-01
-5.5028363316259188e-01
-5.4359600532330021e-01
-5.3701924034620840e-01
-5.3050097116865591e-01
-5.2407631928142606e-01
-5.1774569052469011e-01
-5.1146343958665130e-01
-5.0527143081375159e-01
-4.9916548315457515e-01
-4.9310096878431720e-01
-4.8711571428646239e-01
-4.8121758026848094e-01
-4.7535613213613903e-01
-4.6955978814453936e-01
-4.6385332348979780e-01
-4.5818394781666677e-01
-4.5256317617707836e-01
-4.4703005016278596e-01
-4.4155219211616242e-01
-4.3609839384570420e-01
-4.3072795281905502e-01
-4.2543642033380330e-01
-4.2015118816366243e-01
-4.1494105068128312e-01
-4.0981005649242847e-01
-4.0472195903145958e-01
-3.9967612909136913e-01
-3.9471023672007022e-01
-3.8982345106811012e-01
-3.8495813416260649e-01
-3.8017022709740850e-01
-3.7546603482130908e-01
-3.7082804964729177e-01
-3.6624263830563508e-01
-3.6174374126060421e-01
-3.5733787211109447e-01
-3.5299950010980369e-01
-3.4874288917299562e-01
-3.4458610780471977e-01
-3.4053809180683309e-01
-3.3657250659775056e-01
-3.3271855801369904e-01
-3.2898487027320977e-01
-3.2538556348636133e-01
-3.2190112826491901e-01
-3.1856634427274344e-01
-3.1539798834248856e-01
-3.1241650712425145e-01
-3.0962593469965355e-01
-3.0707048179737773e-01
-3.0479526817312497e-01
-3.0283440160270342e-01
-3.0121247837947152e-01
-2.9994255090260508e-01
-2.9900876022821138e-01
-2.9831248035160518e-01
0.0000000000000000e+00
4.5066256324180837e-01
3.6295210385578758e-02
1.4534768391059000e+01
];
