%Vec Object:sol 1 MPI processes
%  type: mpi
sol = [
0.0000000000000000e+00
-1.0949371975304310e+00
-1.0747285579827375e+00
-1.0551783044438932e+00
-1.0362953537383506e+00
-1.0181209089091667e+00
-1.0004110638748842e+00
-9.8331090096276685e-01
-9.6678293098967827e-01
-9.5061753822817030e-01
-9.3515714262851801e-01
-9.1982475178736034e-01
-9.0518323192384931e-01
-8.9073037574159575e-01
-8.7677316218441459e-01
-8.6312111228576605e-01
-8.4981451398699503e-01
-8.3681045577789326e-01
-8.2416295016607943e-01
-8.1174475803808632e-01
-7.9961473634075741e-01
-7.8780439231249200e-01
-7.7612113038645314e-01
-7.6482764607222731e-01
-7.5360296044448738e-01
-7.4268410904598980e-01
-7.3196515656789773e-01
-7.2139004053874045e-01
-7.1106000957651372e-01
-7.0086872838850989e-01
-6.9088252787402782e-01
-6.8099080091836717e-01
-6.7132141954414737e-01
-6.6174605020714217e-01
-6.5232988050237584e-01
-6.4308825395629687e-01
-6.3388269888321103e-01
-6.2487943042181548e-01
-6.1594846063910524e-01
-6.0712018976508098e-01
-5.9844528520702711e-01
-5.8980788037950815e-01
-5.8129776707550207e-01
-5.7286620986120496e-01
-5.6451778872639824e-01
-5.5627306150609512e-01
-5.4805038587023513e-01
-5.3994331556613007e-01
-5.3188712030529384e-01
-5.2387205523668534e-01
-5.1595910138830059e-01
-5.0806301357748918e-01
-5.0021507577673874e-01
-4.9245133184480117e-01
-4.8468962757564915e-01
-4.7696896911413150e-01
-4.6931562053120435e-01
-4.6165845818171963e-01
-4.5402466761746801e-01
-4.4643786956896814e-01
-4.3883200849313397e-01
-4.3121313195574545e-01
-4.2356076887279431e-01
-4.1576306892279835e-01
-4.0768994172826079e-01
-3.9906850058557486e-01
-3.8937906333555761e-01
-3.7771359763795576e-01
-3.6304864738450193e-01
-3.4544110095403030e-01
-3.2703137732731613e-01
-3.1052091087334427e-01
-2.9690105286711305e-01
-2.8651282088188390e-01
-2.7866688023954506e-01
-2.7263242758238793e-01
-2.6781984481714977e-01
-2.6379952892601344e-01
-2.6027848092665601e-01
-2.5706646221469237e-01
-2.5404361081241789e-01
-2.5111872646821731e-01
-2.4823453475826873e-01
-2.4534944825801713e-01
-2.4244426048768911e-01
-2.3949984321475479e-01
-2.3649863975911967e-01
-2.3342971229451073e-01
-2.3028333542899318e-01
-2.2706460623379782e-01
-2.2376012984930982e-01
-2.2035765118393416e-01
-2.1685374559861426e-01
-2.1324401096812262e-01
-2.0951327363848771e-01
-2.0565435855682557e-01
-2.0165573449810856e-01
-1.9749782634509172e-01
-1.9317350378135500e-01
0.0000000000000000e+00
4.6727278945467715e-01
3.6236721195263610e-02
1.3306420729808556e+01
];
