%Vec Object:sol 1 MPI processes
%  type: mpi
sol = [
0.0000000000000000e+00
-1.8745379837122211e+00
-1.8101456886633036e+00
-1.7489464140589386e+00
-1.6907416442269090e+00
-1.6354644825267528e+00
-1.5823756519658210e+00
-1.5317889498973802e+00
-1.4832061377601657e+00
-1.4365261907881284e+00
-1.3917629083540151e+00
-1.3483909765715902e+00
-1.3066511744674234e+00
-1.2661976441848555e+00
-1.2269761211652992e+00
-1.1890569510290734e+00
-1.1521277211905754e+00
-1.1162782109375269e+00
-1.0813244780627165e+00
-1.0471436563635095e+00
-1.0136914420886232e+00
-9.6682414997434585e-01
-7.1162099487612651e-01
-4.8411176207002349e-01
-4.3074515627451332e-01
-4.2253613557237241e-01
-4.2098913941414950e-01
-4.1964018507325423e-01
-4.1773918763695855e-01
-4.1486987580831675e-01
-4.1124171525428649e-01
-4.0686574022131472e-01
-4.0190352365712873e-01
-3.9640926826830386e-01
-3.9045384177290066e-01
-3.8419906292903855e-01
-3.7767537619940572e-01
-3.7096136089683651e-01
-3.6414647184850274e-01
-3.5725837219147011e-01
-3.5034563181448575e-01
-3.4346551021382116e-01
-3.3662712122170918e-01
-3.2988025289735173e-01
-3.2324909645001892e-01
-3.1672193499465090e-01
-3.1034385389532776e-01
-3.0412826211461536e-01
-2.9805873343159184e-01
-2.9215545769038498e-01
-2.8642905020707699e-01
-2.8086625520686725e-01
-2.7548057114191005e-01
-2.7025898011853045e-01
-2.6519724588087512e-01
-2.6030567743097094e-01
-2.5557403484870334e-01
-2.5098705352692202e-01
-2.4654699800611801e-01
-2.4225177026555572e-01
-2.3808093293656543e-01
-2.3405328518347085e-01
-2.3014999783579360e-01
-2.2635760368490410e-01
-2.2267439063900979e-01
-2.1910181200434312e-01
-2.1563231705750166e-01
-2.1224957901642988e-01
-2.0895473826793651e-01
-2.0574771747838785e-01
-2.0261657550436066e-01
-1.9954678025287517e-01
-1.9655612760203653e-01
-1.9363352389841904e-01
-1.9075809745043193e-01
-1.8793337122618370e-01
-1.8516147700235361e-01
-1.8243297341733908e-01
-1.7973706907671044e-01
-1.7706928857678736e-01
-1.7443746947614150e-01
-1.7182948962511976e-01
-1.6923810510173909e-01
-1.6665297946351748e-01
-1.6407858375597476e-01
-1.6150822192539072e-01
-1.5893217608408899e-01
-1.5634261341263678e-01
-1.5372836379672386e-01
-1.5109469473226839e-01
-1.4842539347486861e-01
-1.4571199469961682e-01
-1.4294411451882508e-01
-1.4011374011892749e-01
-1.3720020664789517e-01
-1.3418812590179593e-01
-1.3106591210861118e-01
-1.2780761779266700e-01
-1.2439496527923978e-01
0.0000000000000000e+00
5.2320360819747114e-01
3.5206261572352682e-02
4.6950566629113863e+00
];
