%Vec Object:sol 1 MPI processes
%  type: mpi
sol = [
0.0000000000000000e+00
-2.2113571926887291e-06
-2.5026169204883212e-06
-2.5627754937043064e-06
-2.6061669417343144e-06
-2.6363809007121447e-06
-3.0764172716754931e-04
-1.8741495045517576e+00
-1.6923797826324283e+00
-1.5305282241280704e+00
-1.3721566134310255e+00
-1.2165952760963870e+00
-1.0595755032412941e+00
-8.9557498606475383e-01
-7.3863253794145023e-01
-5.8107267789302508e-01
-4.4887603464978304e-01
-3.3282287028862806e-01
-2.5172347137009699e-01
-1.9387125395666283e-01
-1.6259745456534722e-01
-1.4760198480512368e-01
-1.4500979788410270e-01
-1.4897665432181076e-01
-1.5599192825704336e-01
-1.6388547972645612e-01
-1.7122248754611658e-01
-1.7732219194827745e-01
-1.8223950909846370e-01
-1.8560017013900057e-01
-1.8797454411714468e-01
-1.8921522361224466e-01
-1.8969337477773388e-01
-1.8955900731575287e-01
-1.8888251811816861e-01
-1.8786397892395618e-01
-1.8655641854686586e-01
-1.8503244998705717e-01
-1.8335898580693721e-01
-1.8158045483617602e-01
-1.7972712518643100e-01
-1.7782153832630673e-01
-1.7585680401462189e-01
-1.7390218769194063e-01
-1.7195224385941726e-01
-1.6993076057535475e-01
-1.6795416631660148e-01
-1.6599766063729146e-01
-1.6405089358128574e-01
-1.6205273030739734e-01
-1.6011767997399548e-01
-1.5820188939479018e-01
-1.5630802487690593e-01
-1.5439809847859068e-01
-1.5248856426117208e-01
-1.5064259647270922e-01
-1.4880311410072117e-01
-1.4696446162566898e-01
-1.4515878174073349e-01
-1.4335314555930778e-01
-1.4154057411945112e-01
-1.3978323706693377e-01
-1.3804628080118059e-01
-1.3631116552725406e-01
-1.3458155681345865e-01
-1.3288695220055313e-01
-1.3120738350843761e-01
-1.2952515195848019e-01
-1.2786180140629805e-01
-1.2622514397161150e-01
-1.2458858246285036e-01
-1.2295564703515151e-01
-1.2135476528199604e-01
-1.1977709168338545e-01
-1.1819768538728362e-01
-1.1662412200239541e-01
-1.1507313187758114e-01
-1.1353742484188756e-01
-1.1200358286551611e-01
-1.1046673128148891e-01
-1.0895406954453116e-01
-1.0745787541121296e-01
-1.0596706958643284e-01
-1.0447657792116800e-01
-1.0299877723233256e-01
-1.0153527708836378e-01
-1.0007745953381442e-01
-9.8623185205579916e-02
-9.7167474750145130e-02
-9.5720216984347697e-02
-9.4269460634049285e-02
-9.2836392705674869e-02
-9.1406525944571368e-02
-8.9983951843660939e-02
-8.8560203363743303e-02
-8.7116299222480875e-02
-8.5683704664690746e-02
-8.4259169960864286e-02
-8.2839284127784560e-02
0.0000000000000000e+00
7.2763342251014074e-01
2.9839124816178484e-02
8.2437179136411398e-01
];
