%Vec Object:sol 1 MPI processes
%  type: mpi
sol = [
0.0000000000000000e+00
-1.0777201685825379e+00
-1.0581700517945873e+00
-1.0390819966530864e+00
-1.0208183676951332e+00
-1.0030620001534367e+00
-9.8593456173463379e-01
-9.6921957896846789e-01
-9.5317291261683368e-01
-9.3743166710583103e-01
-9.2235940395585747e-01
-9.0748968960705578e-01
-8.9316018395188523e-01
-8.7919895269712056e-01
-8.6553412275314867e-01
-8.5235268710369216e-01
-8.3932111080322003e-01
-8.2676992700675167e-01
-8.1438154279832897e-01
-8.0233022068268345e-01
-7.9051664627854146e-01
-7.7898996984495739e-01
-7.6767920440209236e-01
-7.5661523598232572e-01
-7.4579345962000854e-01
-7.3509598302882528e-01
-7.2472646905065030e-01
-7.1440627963415393e-01
-7.0434521392019522e-01
-6.9447098790590278e-01
-6.8468942522002663e-01
-6.7516418291020786e-01
-6.6569443961629637e-01
-6.5641040777765991e-01
-6.4725678498690642e-01
-6.3823003332071293e-01
-6.2935153449540227e-01
-6.2053959756909671e-01
-6.1189321079810544e-01
-6.0331032005051444e-01
-5.9484486539810977e-01
-5.8651948928707909e-01
-5.7819727844793534e-01
-5.7002432441097917e-01
-5.6193148631860435e-01
-5.5387485674993042e-01
-5.4594555800881817e-01
-5.3805395328442374e-01
-5.3021666025211711e-01
-5.2248708100274366e-01
-5.1476400599222627e-01
-5.0710910833526390e-01
-4.9952376847653468e-01
-4.9195328503510249e-01
-4.8444600606980781e-01
-4.7697652129253937e-01
-4.6952141630803340e-01
-4.6212488000710567e-01
-4.5474312925267402e-01
-4.4736676268630055e-01
-4.4003668450436989e-01
-4.3271613087668176e-01
-4.2537169353816207e-01
-4.1804293072398113e-01
-4.1070118787387588e-01
-4.0323841784106151e-01
-3.9565259922754109e-01
-3.8781427279618630e-01
-3.7945238959355609e-01
-3.7012509774713359e-01
-3.5907315608641238e-01
-3.4553977647900963e-01
-3.2984162480046181e-01
-3.1380930334466195e-01
-2.9938366318453830e-01
-2.8716822671530512e-01
-2.7751426794821532e-01
-2.6995983533374152e-01
-2.6395141386593396e-01
-2.5902499266346890e-01
-2.5483734468085756e-01
-2.5113200431812527e-01
-2.4773623010371651e-01
-2.4452641634613073e-01
-2.4142631272275353e-01
-2.3837705423829586e-01
-2.3533331651772710e-01
-2.3226502412392294e-01
-2.2914887954118746e-01
-2.2598026464025417e-01
-2.2273885800339388e-01
-2.1940705369291905e-01
-2.1597796316551549e-01
-2.1244459096068280e-01
-2.0878985433341421e-01
-2.0500529928209588e-01
-2.0107802978231987e-01
-1.9698761406858381e-01
-1.9272653026327988e-01
0.0000000000000000e+00
4.6594307695984460e-01
3.6252895147653216e-02
1.3629439456686049e+01
];
