%Vec Object:sol 1 MPI processes
%  type: mpi
sol = [
0.0000000000000000e+00
-9.3489986430061578e-01
-9.1996444201650573e-01
-9.0517892157238677e-01
-8.9106003320068616e-01
-8.7752957217824379e-01
-8.6414202667120044e-01
-8.5143660656102016e-01
-8.3900031791473884e-01
-8.2690690217250873e-01
-8.1538462201940376e-01
-8.0391297819305074e-01
-7.9290867517761832e-01
-7.8230582899200929e-01
-7.7177386205117637e-01
-7.6169806086963054e-01
-7.5185581271213764e-01
-7.4218553104985174e-01
-7.3288971422068294e-01
-7.2374729252491043e-01
-7.1482180778617777e-01
-7.0618883570437074e-01
-6.9768959607607506e-01
-6.8941375415272976e-01
-6.8137088978208493e-01
-6.7344221027868745e-01
-6.6573777140188406e-01
-6.5822313022875067e-01
-6.5080475544030814e-01
-6.4359655667535631e-01
-6.3656771347449836e-01
-6.2960921895262001e-01
-6.2284583745307209e-01
-6.1625488186030597e-01
-6.0971373204772461e-01
-6.0335460609577218e-01
-5.9715601272477048e-01
-5.9099855688453162e-01
-5.8500944658536125e-01
-5.7916720937287869e-01
-5.7336236099389082e-01
-5.6771322322426376e-01
-5.6219989139252580e-01
-5.5671776707234510e-01
-5.5138298517318662e-01
-5.4617144508727333e-01
-5.4099022312488898e-01
-5.3594733066813716e-01
-5.3101370152145333e-01
-5.2611573111631582e-01
-5.2134191855550593e-01
-5.1667171317085780e-01
-5.1204096397369625e-01
-5.0751613441830745e-01
-5.0309791624348488e-01
-4.9872084780828890e-01
-4.9443119297338722e-01
-4.9025237601059335e-01
-4.8611766628993042e-01
-4.8205175205884748e-01
-4.7809495976609717e-01
-4.7420011716250499e-01
-4.7034860413594182e-01
-4.6660129229982050e-01
-4.6294256492929636e-01
-4.5929787545481249e-01
-4.5575324709623000e-01
-4.5230578660916437e-01
-4.4888004966235123e-01
-4.4553232050585495e-01
-4.4227859888336080e-01
-4.3907278839270258e-01
-4.3592420934291637e-01
-4.3286065207100766e-01
-4.2986476501675297e-01
-4.2691299989133552e-01
-4.2404208602442411e-01
-4.2125327959794329e-01
-4.1848828787714060e-01
-4.1580964142394844e-01
-4.1321089024818547e-01
-4.1065179683937586e-01
-4.0815663912530209e-01
-4.0574504698036595e-01
-4.0339851483303474e-01
-4.0108607564746823e-01
-3.9885614707397227e-01
-3.9670755828707827e-01
-3.9459174932666563e-01
-3.9254590722327803e-01
-3.9057750510688960e-01
-3.8866425612503369e-01
-3.8680382723121221e-01
-3.8502276643945932e-01
-3.8331242700564194e-01
-3.8163329137420188e-01
-3.8003402829526911e-01
-3.7851508233797598e-01
-3.7704904284294122e-01
0.0000000000000000e+00
4.3352812276077080e-01
3.6295210385578758e-02
1.4534768391059000e+01
];
