%Vec Object:sol 1 MPI processes
%  type: mpi
sol = [
0.0000000000000000e+00
-1.2613074329402416e+00
-1.2344747438072374e+00
-1.2087261273155900e+00
-1.1837033685087419e+00
-1.1599216493814024e+00
-1.1365580367750900e+00
-1.1142671622010385e+00
-1.0925830653784738e+00
-1.0715889959625486e+00
-1.0513886294625396e+00
-1.0315464911675640e+00
-1.0125030987088164e+00
-9.9383347458593940e-01
-9.7579401011402100e-01
-9.5814630400619527e-01
-9.4100553624096706e-01
-9.2422322199098905e-01
-9.0797278280309679e-01
-8.9195809775206092e-01
-8.7642347204207627e-01
-8.6117706391913706e-01
-8.4626573779298919e-01
-8.3169108447977580e-01
-8.1737949228494777e-01
-8.0334594377145851e-01
-7.8963120450968471e-01
-7.7608596425519760e-01
-7.6283336130282420e-01
-7.4980360455554795e-01
-7.3697023636058800e-01
-7.2433818804042893e-01
-7.1194930566300774e-01
-6.9966070462239460e-01
-6.8763838085210227e-01
-6.7570422984042011e-01
-6.6397770581123317e-01
-6.5235496455606268e-01
-6.4091667582791390e-01
-6.2956581790951771e-01
-6.1836914187822722e-01
-6.0729872342923386e-01
-5.9629378733020744e-01
-5.8545697715131095e-01
-5.7465289665330610e-01
-5.6395232424809882e-01
-5.5328867462218478e-01
-5.4250201102963891e-01
-5.3100942090025860e-01
-5.1680240877687622e-01
-4.9536795694242269e-01
-4.6201568017945371e-01
-4.2010583928935508e-01
-3.8181009962730039e-01
-3.5470570020232556e-01
-3.3846355454218119e-01
-3.2895379720412371e-01
-3.2304304844563470e-01
-3.1895245746785728e-01
-3.1575686703499178e-01
-3.1296066955323187e-01
-3.1033726836000930e-01
-3.0775412607107078e-01
-3.0514347575934131e-01
-3.0247928842224731e-01
-2.9975115603728553e-01
-2.9695602848816222e-01
-2.9408479778735030e-01
-2.9114216577829261e-01
-2.8813818340838848e-01
-2.8507438916088279e-01
-2.8194328953326814e-01
-2.7877035781454884e-01
-2.7555492895554085e-01
-2.7228694015947991e-01
-2.6897813959004979e-01
-2.6563650162216279e-01
-2.6226010583101889e-01
-2.5884748922991524e-01
-2.5540325334456365e-01
-2.5193805987868773e-01
-2.4844681820763556e-01
-2.4492940251208301e-01
-2.4138231973906185e-01
-2.3781325007443865e-01
-2.3422072245391010e-01
-2.3059592766679538e-01
-2.2691143409446443e-01
-2.2319165617698911e-01
-2.1944614438535592e-01
-2.1566483228876959e-01
-2.1184032523298654e-01
-2.0797002040405752e-01
-2.0405132763762088e-01
-2.0007067843705750e-01
-1.9602128517181819e-01
-1.9189544536270484e-01
-1.8767602145803894e-01
-1.8335703478458976e-01
0.0000000000000000e+00
4.7706830645162324e-01
3.6054052758158532e-02
1.0369758446242555e+01
];
