%Vec Object:sol 1 MPI processes
%  type: mpi
sol = [
0.0000000000000000e+00
-1.2258597124966462e+00
-1.2006998918119405e+00
-1.1762616383868025e+00
-1.1527765385691791e+00
-1.1302271701575710e+00
-1.1082136084805783e+00
-1.0871532987645429e+00
-1.0665951098473818e+00
-1.0468183383422469e+00
-1.0275663191651896e+00
-1.0089095332847673e+00
-9.9068965654945584e-01
-9.7313307749866962e-01
-9.5586860520574246e-01
-9.3925543584431048e-01
-9.2287880400569133e-01
-9.0703163176214752e-01
-8.9152620530811699e-01
-8.7636930957579295e-01
-8.6155747980371167e-01
-8.4710808317365727e-01
-8.3289360292155723e-01
-8.1907114052161478e-01
-8.0542639137375438e-01
-7.9211449400669687e-01
-7.7903316434096204e-01
-7.6618998138275429e-01
-7.5353698474042552e-01
-7.4119788841571999e-01
-7.2892889288341711e-01
-7.1697670857920759e-01
-7.0512234750752545e-01
-6.9348731144468745e-01
-6.8199091237706710e-01
-6.7068718568140306e-01
-6.5949662863357783e-01
-6.4846960108529683e-01
-6.3759570464015280e-01
-6.2679324495300026e-01
-6.1618728103174814e-01
-6.0562325060646738e-01
-5.9519777364160509e-01
-5.8486995344522819e-01
-5.7463678212014535e-01
-5.6450370139864825e-01
-5.5441614401280936e-01
-5.4444780109826230e-01
-5.3448431838188282e-01
-5.2450806166771091e-01
-5.1431000096574464e-01
-5.0300964062599218e-01
-4.8865202069261227e-01
-4.6741979641018333e-01
-4.3655065563123951e-01
-3.9986009651217386e-01
-3.6721410865526666e-01
-3.4382185329574649e-01
-3.2922796878620481e-01
-3.2026220497588548e-01
-3.1444483207705282e-01
-3.1031564886233082e-01
-3.0705184406683661e-01
-3.0420822449193730e-01
-3.0155398236844161e-01
-2.9896662093214632e-01
-2.9638181574986816e-01
-2.9375632545393654e-01
-2.9107500660198682e-01
-2.8833673056532139e-01
-2.8553664419498892e-01
-2.8266308702047210e-01
-2.7973905231044366e-01
-2.7676236991001507e-01
-2.7372207378413155e-01
-2.7062935685679634e-01
-2.6749164998973191e-01
-2.6430675271788912e-01
-2.6107323351523565e-01
-2.5779586995291903e-01
-2.5448511411250135e-01
-2.5113598711800167e-01
-2.4774861902101331e-01
-2.4431978840163643e-01
-2.4085729227723479e-01
-2.3735990728917633e-01
-2.3382272881360819e-01
-2.3024333517728990e-01
-2.2661741518664955e-01
-2.2295419559196070e-01
-2.1924328401785287e-01
-2.1547649543521491e-01
-2.1165102193857449e-01
-2.0776379244147972e-01
-2.0380074098252043e-01
-1.9975478440000255e-01
-1.9561724973263842e-01
-1.9137019533766683e-01
-1.8700689438076820e-01
0.0000000000000000e+00
4.7514661945570985e-01
3.6095441603260635e-02
1.0936250413545242e+01
];
