%Vec Object:sol 1 MPI processes
%  type: mpi
sol = [
0.0000000000000000e+00
-1.2430387370616560e+00
-1.2170832497408490e+00
-1.1920207601136645e+00
-1.1678006016015221e+00
-1.1446946449819213e+00
-1.1219984316187297e+00
-1.1004128937267386e+00
-1.0792450671556755e+00
-1.0589073762364927e+00
-1.0391735023887581e+00
-1.0199461200155813e+00
-1.0013299048104858e+00
-9.8323742385767476e-01
-9.6560711115879838e-01
-9.4848793826987576e-01
-9.3177182578249140e-01
-9.1544417536959366e-01
-8.9962253232310752e-01
-8.8400774282093464e-01
-8.6889855016393325e-01
-8.5401218085087782e-01
-8.3951608012930024e-01
-8.2527506197225142e-01
-8.1136227944926720e-01
-7.9764760226757336e-01
-7.8431000428679809e-01
-7.7107800349605005e-01
-7.5817769149570824e-01
-7.4546259982895924e-01
-7.3295339118319092e-01
-7.2064449789221274e-01
-7.0854850876710562e-01
-6.9659705869928623e-01
-6.8483456247178010e-01
-6.7325556741780346e-01
-6.6177103861157138e-01
-6.5051011134969217e-01
-6.3931204403005770e-01
-6.2828866364555369e-01
-6.1735871583961210e-01
-6.0656964500338262e-01
-5.9587039458710378e-01
-5.8527295032112470e-01
-5.7481480635005311e-01
-5.6436590758676020e-01
-5.5404957807292599e-01
-5.4377016613383855e-01
-5.3340414349833554e-01
-5.2265591862709593e-01
-5.1023182110180632e-01
-4.9307417630420070e-01
-4.6654263286657571e-01
-4.2988220655901438e-01
-3.9114823369918444e-01
-3.6055409541297473e-01
-3.4063785906229621e-01
-3.2870642595516919e-01
-3.2139121436336832e-01
-3.1653935117926174e-01
-3.1293119463270425e-01
-3.0994673993553301e-01
-3.0724327392262407e-01
-3.0464112932173149e-01
-3.0205408741369244e-01
-2.9943902194182637e-01
-2.9677489444234079e-01
-2.9404260130269866e-01
-2.9124088187770036e-01
-2.8837645772863446e-01
-2.8544896712087409e-01
-2.8244958148499011e-01
-2.7940298396615870e-01
-2.7630803362913992e-01
-2.7315439474798359e-01
-2.6995365107628938e-01
-2.6671358386002986e-01
-2.6343219311869642e-01
-2.6010808071634323e-01
-2.5674597599238425e-01
-2.5335646811954898e-01
-2.4993455590211883e-01
-2.4648027634717737e-01
-2.4299030487389495e-01
-2.3947241684870835e-01
-2.3592530385635804e-01
-2.3234397209121604e-01
-2.2872587006857104e-01
-2.2506650365825678e-01
-2.2137493860205723e-01
-2.1764058769740777e-01
-2.1384689639370894e-01
-2.0998359997359262e-01
-2.0606593583591243e-01
-2.0208029476796419e-01
-1.9801992920119726e-01
-1.9387683076190892e-01
-1.8963365712213939e-01
-1.8528429390275269e-01
0.0000000000000000e+00
4.7607732068608560e-01
3.6075551398896677e-02
1.0657804470604773e+01
];
