%Vec Object:sol 1 MPI processes
%  type: mpi
sol = [
0.0000000000000000e+00
-1.6028156054068721e-04
-1.5922819337654050e-04
-1.5818137210416006e-04
-1.5716344630835747e-04
-1.5619139940482301e-04
-1.5521972664256730e-04
-1.5429442393999606e-04
-1.5338668046780616e-04
-1.5248056508210459e-04
-1.5160877292824554e-04
-1.5073661731318931e-04
-1.4990144555840316e-04
-1.4908563779446159e-04
-1.4828430246061256e-04
-1.4751192826466275e-04
-1.4672470975472340e-04
-1.4596213486284181e-04
-1.4522331708753517e-04
-1.4448976382167139e-04
-1.4378275624046680e-04
-1.4308951919854779e-04
-1.4240119728261267e-04
-1.4172198240099506e-04
-1.4105022958334689e-04
-1.4039555548311716e-04
-1.3976178472831905e-04
-1.3913095544280824e-04
-1.3851949877091620e-04
-1.3791368046720063e-04
-1.3730336645267194e-04
-1.3671156687403382e-04
-1.3613308535299126e-04
-1.3556131710696970e-04
-1.3500622267049013e-04
-1.3446219795722964e-04
-1.3391227927836682e-04
-1.3337239443395908e-04
-1.3284275151611774e-04
-1.3232070933612194e-04
-1.3181285934689527e-04
-1.3131480184600580e-04
-1.3082355021795010e-04
-1.3033022275252504e-04
-1.2984486803800392e-04
-1.2936540668729820e-04
-1.2889836099808105e-04
-1.2844227395853968e-04
-1.2799044231365678e-04
-1.2754989790259046e-04
-1.2710437127198482e-04
-1.2666348104074931e-04
-1.2623274246206808e-04
-1.2581265321180550e-04
-1.2539913713320922e-04
-1.2499309576295499e-04
-1.2459458089719607e-04
-1.2419200862282901e-04
-1.2379446568103021e-04
-1.2340674763688874e-04
-1.2302851834126354e-04
-1.2265595570177040e-04
-1.2229104420722711e-04
-1.2193058543098074e-04
-1.2156875526653051e-04
-1.2121170136289382e-04
-1.2086363974179545e-04
-1.2052433106345589e-04
-1.2019193443202822e-04
-1.1986559549388125e-04
-1.1954106322718957e-04
-1.1921793314633351e-04
-1.1890111679372339e-04
-1.1859115151655338e-04
-1.1828953027960639e-04
-1.1799610947788417e-04
-1.1770883616962165e-04
-1.1741960545627498e-04
-1.1713437041411737e-04
-1.1685732861664783e-04
-1.1658705234371762e-04
-1.1632340199193195e-04
-1.1606787132213437e-04
-1.1582039339515697e-04
-1.1556944618722724e-04
-1.1532320294848660e-04
-1.1508521546859487e-04
-1.1485543845386298e-04
-1.1463383769856817e-04
-1.1441904853954512e-04
-1.1420996742942630e-04
-1.1399900124712880e-04
-1.1379648450313749e-04
-1.1360241594097474e-04
-1.1341526139623376e-04
-1.1323638763246269e-04
-1.1306613938182125e-04
-1.1289942412205280e-04
-1.1273512833479187e-04
0.0000000000000000e+00
1.4079823449093228e+03
3.6295486867788043e+02
7.2925350558628823e+04
];
