%Vec Object:sol 1 MPI processes
%  type: mpi
sol = [
0.0000000000000000e+00
-1.6746973556935169e-04
-1.6632100206868700e-04
-1.6519598394435642e-04
-1.6410235422927420e-04
-1.6305795568067203e-04
-1.6201023918662125e-04
-1.6098957450198456e-04
-1.5998884134361312e-04
-1.5901342165881811e-04
-1.5807964990528650e-04
-1.5714612997822877e-04
-1.5625210314724157e-04
-1.5535413985035758e-04
-1.5447245984809776e-04
-1.5362501785870229e-04
-1.5278499435762846e-04
-1.5197135762450278e-04
-1.5118314122151489e-04
-1.5038280080786914e-04
-1.4960609787460752e-04
-1.4884480020189891e-04
-1.4809734199252859e-04
-1.4737508908719253e-04
-1.4666100198535648e-04
-1.4595394083756930e-04
-1.4525909674457257e-04
-1.4456812811112626e-04
-1.4389824271993925e-04
-1.4324633835958222e-04
-1.4259986399271562e-04
-1.4196837649954467e-04
-1.4133581851455570e-04
-1.4071095861909670e-04
-1.4010420759838943e-04
-1.3950966917398425e-04
-1.3892345934062763e-04
-1.3835368055413477e-04
-1.3777750364913797e-04
-1.3720832709801479e-04
-1.3665454058903555e-04
-1.3611151622044517e-04
-1.3557610885133768e-04
-1.3505483594773745e-04
-1.3453401629212844e-04
-1.3401257009474409e-04
-1.3350455038561209e-04
-1.3300841640860950e-04
-1.3251715083214719e-04
-1.3203836065564379e-04
-1.3156721151222039e-04
-1.3108884584921873e-04
-1.3062145681438738e-04
-1.3016554941388064e-04
-1.2971685663365088e-04
-1.2927630984731168e-04
-1.2884659311442371e-04
-1.2841193890533601e-04
-1.2798153829048894e-04
-1.2756168951383391e-04
-1.2715202753632961e-04
-1.2674855500758225e-04
-1.2635333018473863e-04
-1.2595931675534068e-04
-1.2556824266580496e-04
-1.2518238774838813e-04
-1.2480613475478880e-04
-1.2443922342360070e-04
-1.2407972627020579e-04
-1.2372333220332684e-04
-1.2336551086435061e-04
-1.2301677991124143e-04
-1.2267480397673802e-04
-1.2234013526665597e-04
-1.2201431930291491e-04
-1.2169722118090238e-04
-1.2137433928389988e-04
-1.2105793085417756e-04
-1.2075029405024143e-04
-1.2045130479916646e-04
-1.2015947051282930e-04
-1.1987464061698669e-04
-1.1959048893619527e-04
-1.1931011249883705e-04
-1.1903795002680998e-04
-1.1877219424821306e-04
-1.1851509864491801e-04
-1.1826660445507338e-04
-1.1802251825330341e-04
-1.1777760928481533e-04
-1.1754066336709151e-04
-1.1731254047012877e-04
-1.1709322599990904e-04
-1.1688271248588119e-04
-1.1667830671729183e-04
-1.1647191620319731e-04
-1.1627467216859061e-04
-1.1608660043034048e-04
-1.1590773301469656e-04
0.0000000000000000e+00
1.4466036691251495e+03
3.6295486867788043e+02
7.2925350558628823e+04
];
