%Vec Object:sol 1 MPI processes
%  type: mpi
sol = [
0.0000000000000000e+00
-1.7570759521706028e-04
-1.7446391585392086e-04
-1.7323987922381032e-04
-1.7202751124725530e-04
-1.7086918226801774e-04
-1.6971389787471484e-04
-1.6861295051205359e-04
-1.6753400152378996e-04
-1.6646592255525601e-04
-1.6543271224541529e-04
-1.6440124833478367e-04
-1.6341306068569684e-04
-1.6244840254526601e-04
-1.6150192166958886e-04
-1.6056797112065755e-04
-1.5964197449171670e-04
-1.5874506638464923e-04
-1.5787615985124814e-04
-1.5701467592500211e-04
-1.5617842950463952e-04
-1.5534136066683608e-04
-1.5451991463258946e-04
-1.5372603369307423e-04
-1.5294170797789630e-04
-1.5217753581777299e-04
-1.5142671715405557e-04
-1.5066971778498242e-04
-1.4993576281466874e-04
-1.4922154342154770e-04
-1.4851381721041790e-04
-1.4782751374179683e-04
-1.4714193808095530e-04
-1.4645954449827675e-04
-1.4579687999098472e-04
-1.4514771241800313e-04
-1.4450793649660850e-04
-1.4388616811470171e-04
-1.4325826107232695e-04
-1.4263874512490993e-04
-1.4203595040347341e-04
-1.4144499251602914e-04
-1.4086255178254910e-04
-1.4029322099534341e-04
-1.3972013620456791e-04
-1.3915446898872489e-04
-1.3860333983583154e-04
-1.3806511203510807e-04
-1.3753241019949397e-04
-1.3700811344852579e-04
-1.3648494453037481e-04
-1.3596764487551564e-04
-1.3546220899045676e-04
-1.3496914882447195e-04
-1.3448397829302875e-04
-1.3400019356231730e-04
-1.3351966014696432e-04
-1.3304956584731485e-04
-1.3258557357508457e-04
-1.3213289572156842e-04
-1.3169114066867611e-04
-1.3124659011976426e-04
-1.3080544467574559e-04
-1.3037500188014739e-04
-1.2995445865812225e-04
-1.2953958388876112e-04
-1.2913493425040524e-04
-1.2872892084174676e-04
-1.2832795608842254e-04
-1.2793425686339626e-04
-1.2755043405560720e-04
-1.2717626257737353e-04
-1.2680941408757301e-04
-1.2643707049027789e-04
-1.2607373835078891e-04
-1.2571985883188104e-04
-1.2537318044777184e-04
-1.2503442979640088e-04
-1.2470339389296036e-04
-1.2436990385592209e-04
-1.2404419833208876e-04
-1.2372610795978033e-04
-1.2341723547631064e-04
-1.2311747846240938e-04
-1.2282257230623205e-04
-1.2252562335933871e-04
-1.2223796082543373e-04
-1.2195951061159903e-04
-1.2169021368693727e-04
-1.2142857461275476e-04
-1.2116920325590487e-04
-1.2091303558029355e-04
-1.2066624283358725e-04
-1.2042880500954837e-04
-1.2019904672066140e-04
-1.1997841294772283e-04
-1.1975885088760812e-04
-1.1954564000383507e-04
-1.1934215177516245e-04
0.0000000000000000e+00
1.4889961108061009e+03
3.6295486867788043e+02
7.2925350558628823e+04
];
