%Vec Object:sol 1 MPI processes
%  type: mpi
sol = [
0.0000000000000000e+00
-1.6049736619351475e-04
-1.5943524799708845e-04
-1.5838699934747044e-04
-1.5736770092232701e-04
-1.5639436198324944e-04
-1.5542140403969242e-04
-1.5449489485820257e-04
-1.5358343483307574e-04
-1.5267168581486394e-04
-1.5179891833666805e-04
-1.5092578765783026e-04
-1.5008969931389591e-04
-1.4927300569049490e-04
-1.4847080744408327e-04
-1.4769064457451477e-04
-1.4690266504627738e-04
-1.4613936417121257e-04
-1.4539985362974319e-04
-1.4466561293679294e-04
-1.4395795462362172e-04
-1.4326408415405936e-04
-1.4256830522055687e-04
-1.4188854722307827e-04
-1.4121625713805206e-04
-1.4056106626858902e-04
-1.3992680567720558e-04
-1.3929548904612554e-04
-1.3868357370163265e-04
-1.3807059550362003e-04
-1.3745987352688753e-04
-1.3686768777189078e-04
-1.3628883235093116e-04
-1.3571669210938887e-04
-1.3516124142977463e-04
-1.3461577090543623e-04
-1.3406010455086577e-04
-1.3351998189746529e-04
-1.3299010574135885e-04
-1.3246783064924732e-04
-1.3195975609616494e-04
-1.3146147421426059e-04
-1.3096591090300616e-04
-1.3047011157915920e-04
-1.2998463864213975e-04
-1.2950505256344134e-04
-1.2903788661889712e-04
-1.2858168273141687e-04
-1.2812972896279745e-04
-1.2768279167543330e-04
-1.2723717836986281e-04
-1.2679620906596550e-04
-1.2636539329720440e-04
-1.2594522992289339e-04
-1.2553163782276635e-04
-1.2512552016437662e-04
-1.2472077475294074e-04
-1.2431816811004501e-04
-1.2392058707832808e-04
-1.2353283367865401e-04
-1.2315457175381887e-04
-1.2278197562168189e-04
-1.2241703931013912e-04
-1.2205051095716480e-04
-1.2168869438476284e-04
-1.2133165345059350e-04
-1.2098360923726113e-04
-1.2064432257723446e-04
-1.2031195010818879e-04
-1.1998559106980281e-04
-1.1965519603807300e-04
-1.1933212211869533e-04
-1.1901536217957938e-04
-1.1870545442494057e-04
-1.1840389272987997e-04
-1.1811053213451090e-04
-1.1782178194155991e-04
-1.1752838983848334e-04
-1.1724329738269528e-04
-1.1696639415769783e-04
-1.1669625138080041e-04
-1.1643273135299856e-04
-1.1617733387455875e-04
-1.1592564409035207e-04
-1.1567350960058337e-04
-1.1542745518437566e-04
-1.1518965932576060e-04
-1.1496007279480994e-04
-1.1473865928044478e-04
-1.1452405228026492e-04
-1.1430952429132733e-04
-1.1409876392970155e-04
-1.1389645376608438e-04
-1.1370259596156142e-04
-1.1351565787575301e-04
-1.1333701125402818e-04
-1.1316693450455536e-04
-1.1299493497539181e-04
-1.1283088551965720e-04
0.0000000000000000e+00
1.4091602465943331e+03
3.6295486867788043e+02
7.2925350558628823e+04
];
