%Vec Object:sol 1 MPI processes
%  type: mpi
sol = [
0.0000000000000000e+00
-1.6649747936912679e-04
-1.6535480465844037e-04
-1.6423571640783024e-04
-1.6314783100578761e-04
-1.6210886662839009e-04
-1.6107114259315686e-04
-1.6008264688562789e-04
-1.5908673131841448e-04
-1.5811600157004547e-04
-1.5718667938132628e-04
-1.5625765774046746e-04
-1.5536795524434319e-04
-1.5449911145557296e-04
-1.5362731497144282e-04
-1.5278350639925549e-04
-1.5194712031974631e-04
-1.5113699440789645e-04
-1.5035216858394262e-04
-1.4957332146057489e-04
-1.4881211884725830e-04
-1.4805377611560181e-04
-1.4730923515264948e-04
-1.4658978581574857e-04
-1.4587849995707872e-04
-1.4518539017646244e-04
-1.4451174088828177e-04
-1.4382317490023103e-04
-1.4315560819823760e-04
-1.4250595724036018e-04
-1.4186174964431908e-04
-1.4123709931063188e-04
-1.4062657857164649e-04
-1.4000827234524873e-04
-1.3940328238237312e-04
-1.3881047348011255e-04
-1.3822598301432013e-04
-1.3765785244485861e-04
-1.3710056747188808e-04
-1.3654437177716816e-04
-1.3599192275414243e-04
-1.3545021368316528e-04
-1.3491611834533677e-04
-1.3439611444087616e-04
-1.3388697351687481e-04
-1.3338407205072564e-04
-1.3287731906245519e-04
-1.3238210776887017e-04
-1.3189178140620624e-04
-1.3141389976572315e-04
-1.3094788421306262e-04
-1.3048677585669128e-04
-1.3002690982635230e-04
-1.2957155196301171e-04
-1.2912340671453174e-04
-1.2868339731481558e-04
-1.2825418005177837e-04
-1.2783431750885716e-04
-1.2741709909299119e-04
-1.2699752099132940e-04
-1.2658811176973896e-04
-1.2618489694007242e-04
-1.2578992319739235e-04
-1.2540465316952584e-04
-1.2502834196048923e-04
-1.2464588201120216e-04
-1.2426958371829702e-04
-1.2390261906157932e-04
-1.2354307011920351e-04
-1.2319004269371826e-04
-1.2284603651706893e-04
-1.2250574863241983e-04
-1.2216344837072114e-04
-1.2182845720545573e-04
-1.2150231035467592e-04
-1.2118484894723963e-04
-1.2087394254450899e-04
-1.2057027948562666e-04
-1.2026225513524294e-04
-1.1996271809084703e-04
-1.1967034137481459e-04
-1.1938497461849688e-04
-1.1910815851219421e-04
-1.1883980770874957e-04
-1.1857155322319557e-04
-1.1830502279730838e-04
-1.1804715295283570e-04
-1.1779788447557885e-04
-1.1755717222529549e-04
-1.1732359817693706e-04
-1.1709419482601115e-04
-1.1686507284172477e-04
-1.1664476062728967e-04
-1.1643324989703422e-04
-1.1622894974779660e-04
-1.1603326539970297e-04
-1.1584650226800669e-04
-1.1565721419381050e-04
-1.1547713094382397e-04
0.0000000000000000e+00
1.4413549763398453e+03
3.6295486867788043e+02
7.2925350558628823e+04
];
