%Vec Object:sol 1 MPI processes
%  type: mpi
sol = [
0.0000000000000000e+00
-1.8523947590562621e-04
-1.8385015750961724e-04
-1.8249099272921540e-04
-1.8117064818932413e-04
-1.7987909646594735e-04
-1.7859228946925321e-04
-1.7736522080310688e-04
-1.7616328423176715e-04
-1.7499246940155870e-04
-1.7384607093730165e-04
-1.7269993911779618e-04
-1.7160133539904237e-04
-1.7052914983962085e-04
-1.6947748131885789e-04
-1.6844676450923735e-04
-1.6742026696109472e-04
-1.6642588358482683e-04
-1.6546238912958628e-04
-1.6450788988582347e-04
-1.6357364169351731e-04
-1.6264799502808925e-04
-1.6173992415225043e-04
-1.6086204471008506e-04
-1.5999522227013940e-04
-1.5914285661715376e-04
-1.5830251171259401e-04
-1.5746824087249929e-04
-1.5665917934014711e-04
-1.5587178341969156e-04
-1.5509003655172110e-04
-1.5431254611015190e-04
-1.5355281237626998e-04
-1.5280307019881035e-04
-1.5207483714999641e-04
-1.5136150053467228e-04
-1.5064240329180258e-04
-1.4993954208373386e-04
-1.4925041044722487e-04
-1.4857188839952648e-04
-1.4791155031366825e-04
-1.4725446696740405e-04
-1.4659811216949367e-04
-1.4595886030481110e-04
-1.4533306392321149e-04
-1.4471555384350774e-04
-1.4411024155850730e-04
-1.4350492344013924e-04
-1.4290626096464699e-04
-1.4232260915870946e-04
-1.4175328043531689e-04
-1.4119051407641552e-04
-1.4062606000153391e-04
-1.4007309239406058e-04
-1.3952915075530136e-04
-1.3899522904674977e-04
-1.3847423235845071e-04
-1.3795622997723344e-04
-1.3743755258990376e-04
-1.3693141517426830e-04
-1.3643738514755721e-04
-1.3595104796993262e-04
-1.3547215203237091e-04
-1.3499220806820360e-04
-1.3452324106175725e-04
-1.3406080308654681e-04
-1.3360967204159712e-04
-1.3316953646209234e-04
-1.3272670763722137e-04
-1.3228909496350530e-04
-1.3186235384180043e-04
-1.3144623432027788e-04
-1.3103816206877630e-04
-1.3063276205490525e-04
-1.3022996823103481e-04
-1.2983754284887227e-04
-1.2945312163047871e-04
-1.2907745546505633e-04
-1.2871109026578039e-04
-1.2834236283554336e-04
-1.2798220932358088e-04
-1.2763044414931761e-04
-1.2728873121521078e-04
-1.2695695316812433e-04
-1.2662572354766270e-04
-1.2629824037469620e-04
-1.2598083989873076e-04
-1.2567343472807090e-04
-1.2537595341746607e-04
-1.2508268306549191e-04
-1.2479044600115412e-04
-1.2450836123158187e-04
-1.2423639089146387e-04
-1.2397450525827985e-04
-1.2372096472096665e-04
-1.2346554418971603e-04
-1.2322044160059057e-04
-1.2298574394355426e-04
-1.2276146466607638e-04
0.0000000000000000e+00
1.5364485465026032e+03
3.6295486867788043e+02
7.2925350558628823e+04
];
