%Vec Object:sol 1 MPI processes
%  type: mpi
sol = [
0.0000000000000000e+00
-9.1302619735948492e-04
-8.5013094532070306e-04
-7.6398806813728710e-04
-6.6914917800710836e-04
-5.9620345193110019e-04
-5.3551402879748768e-04
-4.8630029224127242e-04
-4.4165757463247184e-04
-4.0191286518462651e-04
-3.6229793620500353e-04
-3.2187322616596700e-04
-2.7140540040566219e-04
-1.6848277281051883e-04
-1.4817442965807224e-04
-1.6387041000067457e-04
-1.6462739493923115e-04
-1.5939141553418442e-04
-1.4813196355827765e-04
-1.2970069804631135e-04
-1.0939471684086876e-04
-9.2200548417563184e-05
-8.1108683710659293e-05
-7.6105251581060676e-05
-7.4878365706042093e-05
-7.5523364044177658e-05
-7.6915956748926928e-05
-7.8472347921244986e-05
-8.0040750066121070e-05
-8.1389018828709577e-05
-8.2594850898830416e-05
-8.3580261313620030e-05
-8.4394428106234834e-05
-8.5074833687066883e-05
-8.5595578133366128e-05
-8.6018796211648020e-05
-8.6347152098165312e-05
-8.6577876916912831e-05
-8.6747107739210418e-05
-8.6858346002245749e-05
-8.6903562854571753e-05
-8.6905359183613105e-05
-8.6865306449987473e-05
-8.6782147323139687e-05
-8.6665598652831529e-05
-8.6515241533098800e-05
-8.6332118789862576e-05
-8.6123475220639155e-05
-8.5890005902814254e-05
-8.5633105862546375e-05
-8.5352187699516729e-05
-8.5054524039715961e-05
-8.4741115102858431e-05
-8.4407695087231784e-05
-8.4061193008893800e-05
-8.3703521501278787e-05
-8.3333571423893456e-05
-8.2950579149989803e-05
-8.2559978654280262e-05
-8.2162569593572168e-05
-8.1752576535220090e-05
-8.1343949716876834e-05
-8.0930350458710256e-05
-8.0508743616951987e-05
-8.0083059048730043e-05
-7.9657649901526394e-05
-7.9230316016089191e-05
-7.8798165839205473e-05
-7.8363368894232132e-05
-7.7929433057335874e-05
-7.7493540326256324e-05
-7.7050520377864730e-05
-7.6611578643448710e-05
-7.6173585310095277e-05
-7.5728468544647990e-05
-7.5280370965958592e-05
-7.4831577394721840e-05
-7.4378583249488391e-05
-7.3918388705496250e-05
-7.3451825731472942e-05
-7.2982553232339375e-05
-7.2506267694088196e-05
-7.2020761614150386e-05
-7.1523801058751110e-05
-7.1017613273259678e-05
-7.0501001544383322e-05
-6.9969729903132462e-05
-6.9421921187039570e-05
-6.8855485887163299e-05
-6.8274862457897014e-05
-6.7674427472846945e-05
-6.7049767661438690e-05
-6.6400236943496021e-05
-6.5725457853241497e-05
-6.5020272135832651e-05
-6.4282594512845697e-05
-6.3510104175570114e-05
-6.2696613648525817e-05
-6.1843263947104039e-05
0.0000000000000000e+00
1.7419886763359082e+03
3.5372768585323644e+02
4.0020058352186250e+04
];
