%Vec Object:sol 1 MPI processes
%  type: mpi
sol = [
0.0000000000000000e+00
-1.6824081130963598e-04
-1.6708583139027813e-04
-1.6595473881793433e-04
-1.6485524921859454e-04
-1.6380437126240369e-04
-1.6272804821079671e-04
-1.6170237350043081e-04
-1.6069676298735306e-04
-1.5971662799378381e-04
-1.5877838971105750e-04
-1.5784042289947026e-04
-1.5691859921653610e-04
-1.5601655808373670e-04
-1.5513103010289918e-04
-1.5427993015685351e-04
-1.5343629470372639e-04
-1.5261919214895435e-04
-1.5180957352237064e-04
-1.5100091534744838e-04
-1.5022127313367071e-04
-1.4945711076144150e-04
-1.4870685417434301e-04
-1.4798192615874580e-04
-1.4725282494053979e-04
-1.4653289271881844e-04
-1.4583580711847639e-04
-1.4514260367826172e-04
-1.4447057524399795e-04
-1.4381660342700208e-04
-1.4316129005761900e-04
-1.4251233211420614e-04
-1.4187806313441616e-04
-1.4125150906403236e-04
-1.4064313007138506e-04
-1.4004700048228717e-04
-1.3945776661438249e-04
-1.3886754653018567e-04
-1.3828864840142771e-04
-1.3771827732338417e-04
-1.3716334045852185e-04
-1.3661918933898656e-04
-1.3608266380716257e-04
-1.3554600856807318e-04
-1.3501708937932612e-04
-1.3449479604719575e-04
-1.3398596336789093e-04
-1.3348904418820017e-04
-1.3299698962176539e-04
-1.3250874674394599e-04
-1.3202460355563563e-04
-1.3154569673965696e-04
-1.3107778447803009e-04
-1.3062137358974281e-04
-1.3017217741709402e-04
-1.2972750867529926e-04
-1.2928164069459492e-04
-1.2884547208062575e-04
-1.2841485324760203e-04
-1.2799479732409326e-04
-1.2758494055523025e-04
-1.2718131222120392e-04
-1.2677186169927855e-04
-1.2637154473449179e-04
-1.2598049232718909e-04
-1.2559464932335906e-04
-1.2521841694454930e-04
-1.2485153469191641e-04
-1.2448282041475017e-04
-1.2411590169508465e-04
-1.2375828183961750e-04
-1.2340975322708533e-04
-1.2306797057685297e-04
-1.2273348794688727e-04
-1.2240278077686975e-04
-1.2207249412486018e-04
-1.2174899095372834e-04
-1.2143297803968673e-04
-1.2112573231235269e-04
-1.2082713156302251e-04
-1.2053419162696077e-04
-1.2023694462187277e-04
-1.1994847710324268e-04
-1.1966869868090504e-04
-1.1939713499599680e-04
-1.1913197404167376e-04
-1.1887547883056682e-04
-1.1861674640151415e-04
-1.1836524525279425e-04
-1.1812107673972566e-04
-1.1788487092795473e-04
-1.1765749046533936e-04
-1.1743892192552074e-04
-1.1722122004836463e-04
-1.1700691737636487e-04
-1.1680141401742823e-04
-1.1660505663594680e-04
-1.1641787176305936e-04
-1.1623989214473180e-04
0.0000000000000000e+00
1.4505905122853615e+03
3.6295486867788043e+02
7.2925350558628823e+04
];
