%Vec Object:sol 1 MPI processes
%  type: mpi
sol = [
0.0000000000000000e+00
-1.9255822639585536e-04
-1.9104181023602682e-04
-1.8953430634415885e-04
-1.8806119300331182e-04
-1.8665162489984609e-04
-1.8524835433559510e-04
-1.8390804466353596e-04
-1.8256602634006297e-04
-1.8125830106243933e-04
-1.8000388980235509e-04
-1.7875376309724008e-04
-1.7754737300898840e-04
-1.7634877746466491e-04
-1.7517306929350156e-04
-1.7404098919924130e-04
-1.7292090824796297e-04
-1.7182417828936133e-04
-1.7074577202654559e-04
-1.6967800575179830e-04
-1.6864683256168357e-04
-1.6763638935309420e-04
-1.6663150300627171e-04
-1.6564830698118495e-04
-1.6467773672723289e-04
-1.6373141495049993e-04
-1.6281382972389762e-04
-1.6188845416402817e-04
-1.6098233378223739e-04
-1.6009972813932461e-04
-1.5922605152292977e-04
-1.5837762778630682e-04
-1.5753309434499653e-04
-1.5669373571418154e-04
-1.5587762102641859e-04
-1.5507787818462126e-04
-1.5428998727768571e-04
-1.5350852458255066e-04
-1.5273699933416205e-04
-1.5197736692777104e-04
-1.5123743702681489e-04
-1.5051185280092898e-04
-1.4978317264375881e-04
-1.4906816798972015e-04
-1.4836794360252622e-04
-1.4767716359497459e-04
-1.4700353330434916e-04
-1.4633267568419438e-04
-1.4566449379983172e-04
-1.4501266276702396e-04
-1.4437646666699413e-04
-1.4374793004214386e-04
-1.4312247105785478e-04
-1.4250639108569319e-04
-1.4190049202189895e-04
-1.4130579440336613e-04
-1.4072527783552173e-04
-1.4014794939469564e-04
-1.3957226190266291e-04
-1.3901036070458725e-04
-1.3846180145348774e-04
-1.3792206239142185e-04
-1.3738597352053135e-04
-1.3685530540814874e-04
-1.3633682747547868e-04
-1.3582599284307244e-04
-1.3532769295839116e-04
-1.3483607619326889e-04
-1.3434592439066689e-04
-1.3386509144439505e-04
-1.3339635927967340e-04
-1.3293947627503029e-04
-1.3248822927432291e-04
-1.3203689402981435e-04
-1.3159736685136074e-04
-1.3116944507564896e-04
-1.3075072328658658e-04
-1.3034030280240788e-04
-1.2992996298840845e-04
-1.2953109897568613e-04
-1.2914203467930343e-04
-1.2876258852518427e-04
-1.2839449960391774e-04
-1.2802522249545271e-04
-1.2766670950822712e-04
-1.2731708137828332e-04
-1.2697881462227217e-04
-1.2665182372927484e-04
-1.2632586105887643e-04
-1.2600781230064976e-04
-1.2570027541113776e-04
-1.2540418147515144e-04
-1.2511949531042010e-04
-1.2483797960938391e-04
-1.2456275756357100e-04
-1.2429887004958620e-04
-1.2404667672524845e-04
-1.2380618565609015e-04
-1.2357092591653782e-04
0.0000000000000000e+00
1.5716189169878269e+03
3.6295486867788043e+02
7.2925350558628823e+04
];
