%Vec Object:sol 1 MPI processes
%  type: mpi
sol = [
0.0000000000000000e+00
-2.0049411858455530e-04
-1.9864060986419019e-04
-1.9682728531458219e-04
-1.9504297226681709e-04
-1.9331913145387042e-04
-1.9160707202349586e-04
-1.8996669574981466e-04
-1.8835218630519458e-04
-1.8675585815950091e-04
-1.8521983061389025e-04
-1.8369275590542479e-04
-1.8222260923440311e-04
-1.8076455185986662e-04
-1.7932883582338406e-04
-1.7794244159108488e-04
-1.7657242811708527e-04
-1.7523465258832184e-04
-1.7391667586623728e-04
-1.7261339166178705e-04
-1.7135144814977381e-04
-1.7011437428065892e-04
-1.6888404250584406e-04
-1.6768320632242373e-04
-1.6649866276718082e-04
-1.6534223587732203e-04
-1.6421747781394851e-04
-1.6308223687717041e-04
-1.6197791265423644e-04
-1.6090062105332537e-04
-1.5983544390276995e-04
-1.5879210142185488e-04
-1.5775776297700524e-04
-1.5673783851767871e-04
-1.5574433398362695e-04
-1.5477023303358007e-04
-1.5380013800960033e-04
-1.5284643345136187e-04
-1.5191075161565359e-04
-1.5098979789765301e-04
-1.5009138817854926e-04
-1.4919687642570299e-04
-1.4831184941525635e-04
-1.4744811264444729e-04
-1.4660185385960759e-04
-1.4576772111046197e-04
-1.4493897164355473e-04
-1.4412655379733539e-04
-1.4332454403488006e-04
-1.4254149282257511e-04
-1.4177664569023859e-04
-1.4100748944190515e-04
-1.4025457071710211e-04
-1.3951927818186034e-04
-1.3879678621753355e-04
-1.3808814936943254e-04
-1.3738214446683684e-04
-1.3669113793181678e-04
-1.3601098616582207e-04
-1.3534720801014241e-04
-1.3469935018907517e-04
-1.3405015923091438e-04
-1.3341415694424690e-04
-1.3279384934382070e-04
-1.3218838666783858e-04
-1.3159333058035397e-04
-1.3100228947554492e-04
-1.3042465570528501e-04
-1.2986012188479098e-04
-1.2930770743453256e-04
-1.2877015073774683e-04
-1.2823800969343055e-04
-1.2771508870599606e-04
-1.2720514840577958e-04
-1.2670986521420236e-04
-1.2622906899565056e-04
-1.2575342765378176e-04
-1.2528619832979671e-04
-1.2483355012675546e-04
-1.2439535845041265e-04
-1.2397002675256034e-04
-1.2355270374056850e-04
-1.2314338177947892e-04
-1.2274858751696932e-04
-1.2236782349395241e-04
-1.2199916993126770e-04
-1.2164268866391874e-04
-1.2129236740069884e-04
-1.2095669339848255e-04
-1.2063415302720858e-04
-1.2032543284960426e-04
-1.2003135464222535e-04
-1.1974180013291390e-04
-1.1946714093328188e-04
-1.1920571151023138e-04
-1.1895902250963696e-04
-1.1872745079195160e-04
-1.1850299061623685e-04
-1.1829179862830014e-04
0.0000000000000000e+00
1.6155502925488026e+03
3.6295486867788043e+02
7.2925350558628823e+04
];
