%Vec Object:sol 1 MPI processes
%  type: mpi
sol = [
0.0000000000000000e+00
-7.8430133673260669e-04
-7.0953716610719494e-04
-6.2718572791902458e-04
-5.5252693942599784e-04
-4.9272238132869140e-04
-1.6369839753202413e-04
-1.8195690438549801e-04
-1.8016314642503893e-04
-1.7839726215539167e-04
-1.7667938285992072e-04
-1.7495240795680357e-04
-1.7325313445199400e-04
-1.7157412607465001e-04
-1.6990843860712995e-04
-1.6827597205505167e-04
-1.6662644002582959e-04
-1.6500108436084856e-04
-1.6339816446018336e-04
-1.6179426251705032e-04
-1.6020207408015043e-04
-1.5861490337591052e-04
-1.5703528982521933e-04
-1.5547620196939085e-04
-1.5391224001346556e-04
-1.5235006113488873e-04
-1.5080504967059598e-04
-1.4925574400756841e-04
-1.4772157528351377e-04
-1.4618716024282540e-04
-1.4464778993169086e-04
-1.4312227501619469e-04
-1.4160451792588708e-04
-1.4008559268278783e-04
-1.3856633595750581e-04
-1.3705265522461751e-04
-1.3554037269535984e-04
-1.3403799029703504e-04
-1.3253668857642319e-04
-1.3102716920171368e-04
-1.2952565272600808e-04
-1.2802672003516303e-04
-1.2652622145386768e-04
-1.2502766028969200e-04
-1.2351830498244219e-04
-1.2199961734501072e-04
-1.2047382603557398e-04
-1.1893338984460879e-04
-1.1736390540213255e-04
-1.1575611968013936e-04
-1.1410596974389534e-04
-1.1239953511319943e-04
-1.1063555945515507e-04
-1.0881271396922047e-04
-1.0693101158371706e-04
-1.0499749383850444e-04
-1.0303766214033559e-04
-1.0106891810765096e-04
-9.9106208606979682e-05
-9.7172499911092039e-05
-9.5284555593220713e-05
-9.3458093348438407e-05
-9.1716466294040436e-05
-9.0075837222641753e-05
-8.8549071048648392e-05
-8.7141613420977219e-05
-8.5855236099909016e-05
-8.4683760396040881e-05
-8.3616460536261287e-05
-8.2626443986769609e-05
-8.1724392355180225e-05
-8.0895430395025707e-05
-8.0136626961995388e-05
-7.9436436114603296e-05
-7.8780544312137410e-05
-7.8164214258680018e-05
-7.7581849537339240e-05
-7.7025840120113439e-05
-7.6489078984649054e-05
-7.5968145835280228e-05
-7.5461940185059853e-05
-7.4963929884622381e-05
-7.4470281694973551e-05
-7.3976917646168658e-05
-7.3483909987510950e-05
-7.2989047930614950e-05
-7.2487951597642806e-05
-7.1978076076380460e-05
-7.1456824682380898e-05
-7.0927387685148531e-05
-7.0384340308302177e-05
-6.9822075684505751e-05
-6.9239387133948331e-05
-6.8635153433669032e-05
-6.8003492204742831e-05
-6.7341612466248661e-05
-6.6643445346229152e-05
-6.5900136568444774e-05
-6.5108160179736961e-05
0.0000000000000000e+00
1.6955165397486305e+03
3.6099509776555846e+02
6.2999673353566192e+04
];
