%Vec Object:sol 1 MPI processes
%  type: mpi
sol = [
0.0000000000000000e+00
-1.6201237043480995e-04
-1.6093285812299790e-04
-1.5987521737953594e-04
-1.5884684268592311e-04
-1.5786493251517285e-04
-1.5688290800809298e-04
-1.5592185513689348e-04
-1.5497919528848400e-04
-1.5406015731167128e-04
-1.5318049363363564e-04
-1.5230041776262187e-04
-1.5145775337057350e-04
-1.5062354599501893e-04
-1.4979099838586401e-04
-1.4899085220194854e-04
-1.4819731292616713e-04
-1.4742866323255252e-04
-1.4668400343986938e-04
-1.4594461318620544e-04
-1.4521319089070010e-04
-1.4449248386517885e-04
-1.4378469001544093e-04
-1.4310078800749314e-04
-1.4242436823993598e-04
-1.4176516444175841e-04
-1.4112323773690522e-04
-1.4046736437481596e-04
-1.3983149866972838e-04
-1.3921266588716395e-04
-1.3859876410368099e-04
-1.3800351822805608e-04
-1.3742167191834969e-04
-1.3683690226551636e-04
-1.3625948222803825e-04
-1.3569360704772157e-04
-1.3513553207230658e-04
-1.3459308713871293e-04
-1.3406092358032940e-04
-1.3353637222830925e-04
-1.3301177577310840e-04
-1.3249361051134289e-04
-1.3198262402894502e-04
-1.3148512744070982e-04
-1.3099798954155001e-04
-1.3051672965592456e-04
-1.3004663578542892e-04
-1.2957205155317647e-04
-1.2910204357882981e-04
-1.2864397902335721e-04
-1.2819730377679344e-04
-1.2775524942316464e-04
-1.2732337881135429e-04
-1.2689652413582186e-04
-1.2646620039430704e-04
-1.2604367205672448e-04
-1.2563153335971289e-04
-1.2522839066077656e-04
-1.2483025303866116e-04
-1.2444196823276492e-04
-1.2405365262242539e-04
-1.2366579322155817e-04
-1.2328587840525646e-04
-1.2291533991704427e-04
-1.2255345793102051e-04
-1.2219633033222420e-04
-1.2184823531308667e-04
-1.2149574999563210e-04
-1.2114941269354489e-04
-1.2080938462704154e-04
-1.2047810638559783e-04
-1.2015538682061058e-04
-1.1983896859273349e-04
-1.1952628879034849e-04
-1.1921173721917341e-04
-1.1890562965830473e-04
-1.1860588986538785e-04
-1.1831320889047517e-04
-1.1802882993356653e-04
-1.1775264351482691e-04
-1.1747608241775110e-04
-1.1720061126776168e-04
-1.1693348467063730e-04
-1.1667462350194594e-04
-1.1642357694834457e-04
-1.1617859891632011e-04
-1.1594189981118152e-04
-1.1570220347559903e-04
-1.1546980699277587e-04
-1.1524440783735107e-04
-1.1502662275174879e-04
-1.1481729452258446e-04
-1.1461641611047710e-04
-1.1442038040303692e-04
-1.1422316812615978e-04
-1.1403441545572412e-04
-1.1385446522486511e-04
-1.1368335007335168e-04
-1.1352110865204576e-04
0.0000000000000000e+00
1.4175097684263490e+03
3.6295486867788043e+02
7.2925350558628823e+04
];
