%Vec Object:sol 1 MPI processes
%  type: mpi
sol = [
0.0000000000000000e+00
-7.4196846750572930e-04
-6.6397373504587832e-04
-5.8332347003295902e-04
-3.2863118427437068e-04
-1.8829483516660274e-04
-1.8617665590202706e-04
-1.8412789167707177e-04
-1.8211848251842953e-04
-1.8015339321970022e-04
-1.7823134285845294e-04
-1.7632338825900964e-04
-1.7447700683570586e-04
-1.7266870735775213e-04
-1.7087445270043815e-04
-1.6912890274347649e-04
-1.6740325331278494e-04
-1.6571948745838615e-04
-1.6406666034990251e-04
-1.6242024869570686e-04
-1.6081636221848382e-04
-1.5923850957943724e-04
-1.5768428893331177e-04
-1.5614849460121583e-04
-1.5462897085901704e-04
-1.5313665573917068e-04
-1.5167533578991856e-04
-1.5021658495706198e-04
-1.4877638162816894e-04
-1.4736045554406441e-04
-1.4595430613511474e-04
-1.4457310595905932e-04
-1.4320031081372844e-04
-1.4183350068779394e-04
-1.4048836573290514e-04
-1.3915803456461686e-04
-1.3783793237055557e-04
-1.3652551281436969e-04
-1.3522312442529322e-04
-1.3393010972910407e-04
-1.3265335738398110e-04
-1.3138770058907526e-04
-1.3012016559670386e-04
-1.2886442719953586e-04
-1.2761956129505914e-04
-1.2638063781180426e-04
-1.2515436759993434e-04
-1.2393268269546943e-04
-1.2271048115995308e-04
-1.2149987853264757e-04
-1.2030016038532775e-04
-1.1910436873730679e-04
-1.1791630405679488e-04
-1.1673027688428480e-04
-1.1555033972099056e-04
-1.1437736891228420e-04
-1.1321387246869540e-04
-1.1205847553619591e-04
-1.1090263771140409e-04
-1.0975211173736861e-04
-1.0861067620599214e-04
-1.0747485857815949e-04
-1.0634681200324579e-04
-1.0522823003689523e-04
-1.0411403021977331e-04
-1.0300388525556519e-04
-1.0190533231834477e-04
-1.0081926354746887e-04
-9.9745465371023308e-05
-9.8684814757849261e-05
-9.7638350560467593e-05
-9.6607089283566426e-05
-9.5595073316510424e-05
-9.4604734804051486e-05
-9.3638881338308812e-05
-9.2698889062707825e-05
-9.1784507759143393e-05
-9.0892575541944341e-05
-9.0028936778822197e-05
-8.9193989342472067e-05
-8.8387120719133494e-05
-8.7607961542129423e-05
-8.6857361672622947e-05
-8.6134384211446660e-05
-8.5434967795599217e-05
-8.4762444783009034e-05
-8.4119120390611731e-05
-8.3505127861924547e-05
-8.2919452019622291e-05
-8.2363147844286981e-05
-8.1836732949287831e-05
-8.1337979401102114e-05
-8.0869396021172508e-05
-8.0432743395934320e-05
-8.0027486941876887e-05
-7.9656329836794824e-05
-7.9318740358697487e-05
-7.9014764191612089e-05
-7.8745163060049762e-05
0.0000000000000000e+00
1.6802624712086770e+03
3.6180269477588854e+02
6.6823336535458351e+04
];
