%Vec Object:sol 1 MPI processes
%  type: mpi
sol = [
0.0000000000000000e+00
-7.5994838294374592e-04
-6.8313493823556049e-04
-6.0195389864766227e-04
-5.3043976222977621e-04
-1.6269224140864089e-04
-1.8323045746004071e-04
-1.8145863366044780e-04
-1.7969983049556391e-04
-1.7797121385302475e-04
-1.7629158922145616e-04
-1.7460195141623175e-04
-1.7294331786575401e-04
-1.7130657574833863e-04
-1.6968496678491696e-04
-1.6809768717453009e-04
-1.6649573450311660e-04
-1.6492011792598952e-04
-1.6336926116018548e-04
-1.6182005388139982e-04
-1.6028559412780292e-04
-1.5875805698731339e-04
-1.5724104759700709e-04
-1.5574758699404573e-04
-1.5425427920688392e-04
-1.5276376295302044e-04
-1.5129379811636761e-04
-1.4982309366338693e-04
-1.4837110525655554e-04
-1.4692492718587118e-04
-1.4547465616954934e-04
-1.4404206047506990e-04
-1.4262111593824197e-04
-1.4120432188498928e-04
-1.3979102955419213e-04
-1.3838552449183062e-04
-1.3698555821222127e-04
-1.3559977271907717e-04
-1.3422224577038397e-04
-1.3283810057671626e-04
-1.3146645975110010e-04
-1.3010296407789764e-04
-1.2874434998564038e-04
-1.2739723676171797e-04
-1.2604845827170712e-04
-1.2470196811791400e-04
-1.2336597428951450e-04
-1.2203877486087472e-04
-1.2071328302597463e-04
-1.1939109556973323e-04
-1.1807304507048266e-04
-1.1675645060949204e-04
-1.1544645865813990e-04
-1.1414308145081508e-04
-1.1284162767714230e-04
-1.1153413608459970e-04
-1.1023140185701633e-04
-1.0893161902100884e-04
-1.0763072628172562e-04
-1.0633321118788014e-04
-1.0503774761781918e-04
-1.0373685464855547e-04
-1.0244023162456721e-04
-1.0115109196138918e-04
-9.9871315993562161e-05
-9.8600513984169107e-05
-9.7345428224467954e-05
-9.6102615432913896e-05
-9.4879268067401309e-05
-9.3676806482274885e-05
-9.2498174323915648e-05
-9.1342960578287221e-05
-9.0211357977598079e-05
-8.9103033005519057e-05
-8.8016898042845808e-05
-8.6958129388861919e-05
-8.5928035573324066e-05
-8.4929324672002648e-05
-8.3963953147462306e-05
-8.3032996046999600e-05
-8.2138233921887522e-05
-8.1277181584184498e-05
-8.0453588296767580e-05
-7.9665944485868506e-05
-7.8914741084685125e-05
-7.8197929654941160e-05
-7.7514484280617483e-05
-7.6861965883251400e-05
-7.6235710313235277e-05
-7.5635640377021501e-05
-7.5059597757430347e-05
-7.4503975277259208e-05
-7.3967268610633931e-05
-7.3447768262250654e-05
-7.2941958608384544e-05
-7.2449729899512247e-05
-7.1967260221992484e-05
-7.1491139771934082e-05
-7.1023197360476311e-05
0.0000000000000000e+00
1.6867313653887784e+03
3.6153983827010978e+02
6.5540379029933290e+04
];
