%Vec Object:sol 1 MPI processes
%  type: mpi
sol = [
0.0000000000000000e+00
-1.6269819613295343e-04
-1.6161334109251929e-04
-1.6055050236188104e-04
-1.5951711155395880e-04
-1.5853045186090030e-04
-1.5752163497198172e-04
-1.5655622023138922e-04
-1.5560934071574603e-04
-1.5468621811178489e-04
-1.5380268046561908e-04
-1.5291874192764981e-04
-1.5206415610164619e-04
-1.5121302659510140e-04
-1.5037718945046217e-04
-1.4957391476704693e-04
-1.4877728267187517e-04
-1.4800566335562368e-04
-1.4725815144648273e-04
-1.4649827809028556e-04
-1.4576065493677757e-04
-1.4503750328269868e-04
-1.4432732078347915e-04
-1.4364113606951843e-04
-1.4296246258660623e-04
-1.4229739304008382e-04
-1.4163623001686837e-04
-1.4097846389723347e-04
-1.4034078439563354e-04
-1.3972020300763763e-04
-1.3910456352718564e-04
-1.3850765266640408e-04
-1.3791351200637684e-04
-1.3731745779172505e-04
-1.3673869148769381e-04
-1.3617150598029277e-04
-1.3561214091413712e-04
-1.3506846069656419e-04
-1.3453509030888778e-04
-1.3399303000847420e-04
-1.3346368947849194e-04
-1.3294458652256434e-04
-1.3243267528153938e-04
-1.3193429339008526e-04
-1.3144629606331383e-04
-1.3096027121016878e-04
-1.3047369048423886e-04
-1.2999849435178183e-04
-1.2952787075737763e-04
-1.2906921752470045e-04
-1.2862197860524400e-04
-1.2817935809461285e-04
-1.2773797821863291e-04
-1.2730041799728246e-04
-1.2686975225754903e-04
-1.2644689033325816e-04
-1.2603443774091301e-04
-1.2563099609037324e-04
-1.2523255811047444e-04
-1.2483055743178130e-04
-1.2443664254735873e-04
-1.2404867024113790e-04
-1.2366864730613484e-04
-1.2329800991634331e-04
-1.2293603401025406e-04
-1.2257561156835651e-04
-1.2221319135308345e-04
-1.2185981452182321e-04
-1.2151360818563610e-04
-1.2117370068704745e-04
-1.2084254400848540e-04
-1.2051994805050240e-04
-1.2019589006573998e-04
-1.1987301558538092e-04
-1.1955873876746389e-04
-1.1925290855370916e-04
-1.1895344240581356e-04
-1.1866103554942146e-04
-1.1837700059177891e-04
-1.1808889946947656e-04
-1.1780703330478857e-04
-1.1753199985482922e-04
-1.1726531181696541e-04
-1.1700688874836083e-04
-1.1675627696313155e-04
-1.1650759097957914e-04
-1.1625903151062016e-04
-1.1601888638407927e-04
-1.1578711448364635e-04
-1.1556232846761750e-04
-1.1534514896251225e-04
-1.1513642264458374e-04
-1.1492706071043278e-04
-1.1472349914102049e-04
-1.1452701335307582e-04
-1.1433898452620275e-04
-1.1415975757547679e-04
-1.1398936597094385e-04
-1.1382509042196441e-04
0.0000000000000000e+00
1.4211498358828364e+03
3.6295486867788043e+02
7.2925350558628823e+04
];
