%Vec Object:sol 1 MPI processes
%  type: mpi
sol = [
0.0000000000000000e+00
-7.0948408860186589e-04
-6.2926416529614291e-04
-3.6320510788566667e-04
-1.9037820712019055e-04
-1.8836072600901142e-04
-1.8633511254097270e-04
-1.8438291007395735e-04
-1.8246886220973287e-04
-1.8059952441977977e-04
-1.7877862475777781e-04
-1.7696371219172959e-04
-1.7521027173850304e-04
-1.7349495704535405e-04
-1.7180337622237275e-04
-1.7014989558682928e-04
-1.6851641180697967e-04
-1.6692489013335989e-04
-1.6537342219275931e-04
-1.6382006795370851e-04
-1.6230792789833758e-04
-1.6082219325028538e-04
-1.5936051184934141e-04
-1.5792821693400469e-04
-1.5650148676879899e-04
-1.5510283156138508e-04
-1.5373620551371327e-04
-1.5237969348020296e-04
-1.5103969487798315e-04
-1.4972111649569781e-04
-1.4841377417558179e-04
-1.4713313398756307e-04
-1.4587270482953720e-04
-1.4460917040408884e-04
-1.4336940099488881e-04
-1.4214666263360625e-04
-1.4093644707571278e-04
-1.3974559670819339e-04
-1.3855719608513560e-04
-1.3738084534974928e-04
-1.3622369826930860e-04
-1.3508062352921249e-04
-1.3394671344600940e-04
-1.3281881020059364e-04
-1.3170513254927955e-04
-1.3060075091593664e-04
-1.2951267975604386e-04
-1.2843925244210600e-04
-1.2736183296352025e-04
-1.2629958324473733e-04
-1.2525230606312513e-04
-1.2421292249741972e-04
-1.2318729019006669e-04
-1.2216875027134486e-04
-1.2115706628298300e-04
-1.2015690845370008e-04
-1.1917103787566398e-04
-1.1819816194907040e-04
-1.1723234327927581e-04
-1.1627314810361692e-04
-1.1532831105988284e-04
-1.1439420341748966e-04
-1.1347306423798340e-04
-1.1256656067275527e-04
-1.1166911536834470e-04
-1.1077885197314595e-04
-1.0990407282916662e-04
-1.0904489653195356e-04
-1.0819993031931839e-04
-1.0736879445096621e-04
-1.0654813570223029e-04
-1.0574269196889671e-04
-1.0495288684659640e-04
-1.0417985382994432e-04
-1.0342565414997866e-04
-1.0269088063129549e-04
-1.0196891408030419e-04
-1.0126514234773942e-04
-1.0058350546189057e-04
-9.9924878009842024e-05
-9.9289046720320230e-05
-9.8677007937858328e-05
-9.8087528726100253e-05
-9.7522501145394259e-05
-9.6985794607021587e-05
-9.6477047739195956e-05
-9.5999399417660947e-05
-9.5553892446342139e-05
-9.5139976571947710e-05
-9.4753878875111284e-05
-9.4401927683236686e-05
-9.4085408820100932e-05
-9.3804855444689218e-05
-9.3560606028467053e-05
-9.3351641219676065e-05
-9.3175464926064636e-05
-9.3034997702836760e-05
-9.2931598315302788e-05
-9.2865313437184423e-05
0.0000000000000000e+00
1.6685136948459965e+03
3.6220744133487142e+02
6.8875445477731671e+04
];
