%Vec Object:sol 1 MPI processes
%  type: mpi
sol = [
0.0000000000000000e+00
-1.6316015219839362e-04
-1.6207168129801709e-04
-1.6100532472187423e-04
-1.5996853944197486e-04
-1.5896823734919358e-04
-1.5795186228101518e-04
-1.5698356875324556e-04
-1.5603388636610787e-04
-1.5510805423981023e-04
-1.5422195178457944e-04
-1.5333545777130867e-04
-1.5246378795294698e-04
-1.5161039188565117e-04
-1.5077234497744621e-04
-1.4996697179692323e-04
-1.4916826748997814e-04
-1.4839466089422906e-04
-1.4763605825303337e-04
-1.4686921156223463e-04
-1.4612993411280287e-04
-1.4540517135765626e-04
-1.4469341593543124e-04
-1.4400573009001039e-04
-1.4332557469101326e-04
-1.4264496902774849e-04
-1.4198252750240428e-04
-1.4132348571667638e-04
-1.4068458387637991e-04
-1.4006282399038343e-04
-1.3944601288712227e-04
-1.3884318587278405e-04
-1.3823900909121188e-04
-1.3764201916421581e-04
-1.3706235516868688e-04
-1.3649429271936551e-04
-1.3593406013394981e-04
-1.3538954456415717e-04
-1.3484380264077787e-04
-1.3429908940371425e-04
-1.3376912038237077e-04
-1.3324940184112458e-04
-1.3273688002583605e-04
-1.3223791155255664e-04
-1.3174920481381433e-04
-1.3124952962152557e-04
-1.3076252644613121e-04
-1.3028692370609549e-04
-1.2981589040241895e-04
-1.2935684488309956e-04
-1.2890922947619827e-04
-1.2846040867630295e-04
-1.2801158144861983e-04
-1.2757380234676544e-04
-1.2714291657426151e-04
-1.2671983566252116e-04
-1.2630717182695084e-04
-1.2590352256243819e-04
-1.2549386991342204e-04
-1.2509006885353280e-04
-1.2469609665691941e-04
-1.2430805989144492e-04
-1.2392797160343784e-04
-1.2355727268367026e-04
-1.2319397774563214e-04
-1.2282233015313692e-04
-1.2245997787372091e-04
-1.2210667171017769e-04
-1.2176053463775548e-04
-1.2142069342382328e-04
-1.2108960696589049e-04
-1.2076070561438379e-04
-1.2043093943784011e-04
-1.2010826083128857e-04
-1.1979418194777716e-04
-1.1948855157748058e-04
-1.1918928187703061e-04
-1.1889706820783249e-04
-1.1860191508221333e-04
-1.1831336817854412e-04
-1.1803179281106446e-04
-1.1775704500786975e-04
-1.1749064203923374e-04
-1.1723250385114056e-04
-1.1697863518116196e-04
-1.1672200150448835e-04
-1.1647383527107702e-04
-1.1623408177049432e-04
-1.1600270006031566e-04
-1.1577829978892161e-04
-1.1556150386272132e-04
-1.1534431624259366e-04
-1.1513261430247389e-04
-1.1492954343757299e-04
-1.1473354306807547e-04
-1.1454599780129228e-04
-1.1436725357779526e-04
-1.1419459798208292e-04
-1.1402210846341254e-04
0.0000000000000000e+00
1.4236022795355632e+03
3.6295486867788043e+02
7.2925350558628823e+04
];
