%Vec Object:sol 1 MPI processes
%  type: mpi
sol = [
0.0000000000000000e+00
-1.8949496721890042e-04
-1.8802448790807832e-04
-1.8658612821210798e-04
-1.8518869515710276e-04
-1.8385214435977674e-04
-1.8249126634687894e-04
-1.8119274287474240e-04
-1.7992093392539741e-04
-1.7868196603119490e-04
-1.7749112140274799e-04
-1.7627925117692407e-04
-1.7511695347641017e-04
-1.7398250197888279e-04
-1.7286981198090640e-04
-1.7179462004993971e-04
-1.7070930197210675e-04
-1.6965755980711240e-04
-1.6863809934503299e-04
-1.6762844939843872e-04
-1.6664942687215904e-04
-1.6567075477925028e-04
-1.6471063153673224e-04
-1.6378195674926764e-04
-1.6286511130617195e-04
-1.6196761270716582e-04
-1.6107917472803028e-04
-1.6019742621881602e-04
-1.5934193714051622e-04
-1.5850906222072134e-04
-1.5768188499376161e-04
-1.5686038166974026e-04
-1.5605745994128794e-04
-1.5526517386525531e-04
-1.5449528488101715e-04
-1.5374028930930476e-04
-1.5297720837983110e-04
-1.5223490363018146e-04
-1.5150701056743392e-04
-1.5079033734851144e-04
-1.5009261542176880e-04
-1.4939098797592902e-04
-1.4869851567148374e-04
-1.4802386412440170e-04
-1.4736330758979583e-04
-1.4671157244135590e-04
-1.4606202035707757e-04
-1.4542388576902602e-04
-1.4479290015938706e-04
-1.4417757450076919e-04
-1.4357720384656103e-04
-1.4297293770088721e-04
-1.4237645435723095e-04
-1.4179434266699340e-04
-1.4122178024447913e-04
-1.4065977832943870e-04
-1.4010361221249737e-04
-1.3955114993729131e-04
-1.3900625864101692e-04
-1.3847448526103050e-04
-1.3795538938416211e-04
-1.3743998995903984e-04
-1.3692443635423266e-04
-1.3642128100903751e-04
-1.3592965164054409e-04
-1.3544503062634479e-04
-1.3497085956012118e-04
-1.3449520422824317e-04
-1.3402923098660005e-04
-1.3357191611966353e-04
-1.3312602347931871e-04
-1.3269130845987661e-04
-1.3225276754871081e-04
-1.3182213315129378e-04
-1.3140261610140825e-04
-1.3099401032808019e-04
-1.3059391920789557e-04
-1.3019407975249525e-04
-1.2980083654003831e-04
-1.2941836010380269e-04
-1.2904497812185991e-04
-1.2868050492932136e-04
-1.2832070893743305e-04
-1.2796468955113047e-04
-1.2761884556910960e-04
-1.2728116499003910e-04
-1.2695411175085700e-04
-1.2663452367095529e-04
-1.2631628416079620e-04
-1.2600714398419298e-04
-1.2570777592367050e-04
-1.2541910525524813e-04
-1.2514059102435021e-04
-1.2486139534102365e-04
-1.2459125816794531e-04
-1.2433170751715862e-04
-1.2408310135337788e-04
-1.2384544429841455e-04
-1.2360899103417160e-04
0.0000000000000000e+00
1.5571018963625593e+03
3.6295486867788043e+02
7.2925350558628823e+04
];
