%Vec Object:sol 1 MPI processes
%  type: mpi
sol = [
0.0000000000000000e+00
-1.7224697637272023e-04
-1.7103074104543619e-04
-1.6984008867527341e-04
-1.6868293159750673e-04
-1.6757767274195291e-04
-1.6647457909240102e-04
-1.6540837066649947e-04
-1.6435104293494425e-04
-1.6332071842327449e-04
-1.6233423649967863e-04
-1.6134877367374585e-04
-1.6040493352032647e-04
-1.5946564747756960e-04
-1.5853609411516155e-04
-1.5764256142687989e-04
-1.5675732107499812e-04
-1.5589994113489913e-04
-1.5506936193329600e-04
-1.5422690581385492e-04
-1.5340965631030915e-04
-1.5260882781272371e-04
-1.5182278560471694e-04
-1.5106322873979376e-04
-1.5031260807631521e-04
-1.4956268661961552e-04
-1.4883315764465204e-04
-1.4810803655074519e-04
-1.4740504593078844e-04
-1.4672096434509692e-04
-1.4604281227674547e-04
-1.4536760552100774e-04
-1.4470498308139301e-04
-1.4405061246422900e-04
-1.4341520373222508e-04
-1.4279266643515292e-04
-1.4217894416324224e-04
-1.4156592447600323e-04
-1.4096213980914423e-04
-1.4036736785069754e-04
-1.3978867494132471e-04
-1.3922128653730568e-04
-1.3866193681684677e-04
-1.3810214736561434e-04
-1.3755137841638284e-04
-1.3700761531946660e-04
-1.3647784823182151e-04
-1.3596048302748210e-04
-1.3544832203309215e-04
-1.3493524761140207e-04
-1.3443184544738383e-04
-1.3393397751537353e-04
-1.3344753027808953e-04
-1.3297301598583119e-04
-1.3250612564730458e-04
-1.3203506741787352e-04
-1.3157212304578316e-04
-1.3111923905848139e-04
-1.3067216514641122e-04
-1.3023602350566255e-04
-1.2981046636080049e-04
-1.2938005519343618e-04
-1.2895456720298502e-04
-1.2853943769388184e-04
-1.2813388445908537e-04
-1.2773376057734551e-04
-1.2734354213447954e-04
-1.2695288912311790e-04
-1.2656581994618401e-04
-1.2618576886323340e-04
-1.2581530296868748e-04
-1.2545420535815669e-04
-1.2510004892819998e-04
-1.2474430715230198e-04
-1.2439329172986627e-04
-1.2405146916134730e-04
-1.2371663235012854e-04
-1.2338949894981013e-04
-1.2307134515966345e-04
-1.2275367412253928e-04
-1.2243883527794454e-04
-1.2213141195439848e-04
-1.2183298375836329e-04
-1.2154345396703376e-04
-1.2126231033235343e-04
-1.2097977663613624e-04
-1.2070167474535907e-04
-1.2043258375264974e-04
-1.2017245000284101e-04
-1.1991980702676559e-04
-1.1967526943694463e-04
-1.1943191634236016e-04
-1.1919345560543564e-04
-1.1896416854672047e-04
-1.1874240923697986e-04
-1.1852961689897464e-04
-1.1832616926578981e-04
-1.1812391117218209e-04
-1.1792762520911739e-04
0.0000000000000000e+00
1.4713691966764363e+03
3.6295486867788043e+02
7.2925350558628823e+04
];
