%Vec Object:sol 1 MPI processes
%  type: mpi
sol = [
0.0000000000000000e+00
-1.8674775661684540e-04
-1.8534187893356398e-04
-1.8395457395384878e-04
-1.8258771887223762e-04
-1.8128110725628650e-04
-1.7997966957332968e-04
-1.7873860013488469e-04
-1.7751202399908210e-04
-1.7629939471092043e-04
-1.7513743415806065e-04
-1.7397888020709439e-04
-1.7286831845743153e-04
-1.7177578004179604e-04
-1.7068617349504507e-04
-1.6963809516277919e-04
-1.6860100571257418e-04
-1.6759631715947894e-04
-1.6661719637827910e-04
-1.6562805780315790e-04
-1.6467379885708964e-04
-1.6373908667780926e-04
-1.6282208718812902e-04
-1.6193347904436929e-04
-1.6103493591710001e-04
-1.6015941981479317e-04
-1.5931130748340913e-04
-1.5846929754061745e-04
-1.5765268194134060e-04
-1.5683787845700286e-04
-1.5602950094524291e-04
-1.5524521421952258e-04
-1.5447880094252543e-04
-1.5372243460917080e-04
-1.5297292570723298e-04
-1.5223315108943024e-04
-1.5150446406810112e-04
-1.5079585309314624e-04
-1.5010104917828130e-04
-1.4940722243242700e-04
-1.4872240501526387e-04
-1.4805112180414688e-04
-1.4738982345948725e-04
-1.4674572577521238e-04
-1.4611041248832298e-04
-1.4547016808766813e-04
-1.4484620131088847e-04
-1.4423674853247684e-04
-1.4363397253726003e-04
-1.4304615133513512e-04
-1.4245589352973874e-04
-1.4187247553281912e-04
-1.4130237046119771e-04
-1.4074609748838135e-04
-1.4019889152047427e-04
-1.3964995266488344e-04
-1.3910981123803972e-04
-1.3858138068505781e-04
-1.3806006458771548e-04
-1.3755135455902358e-04
-1.3704806439662168e-04
-1.3654397153258697e-04
-1.3605018819536110e-04
-1.3556830295029381e-04
-1.3509745470606811e-04
-1.3463114316225426e-04
-1.3416359547097851e-04
-1.3370741386781729e-04
-1.3326044481807461e-04
-1.3282167452609479e-04
-1.3239383969322448e-04
-1.3196499051165944e-04
-1.3154212511178046e-04
-1.3112822569989155e-04
-1.3072496250554136e-04
-1.3033213411448290e-04
-1.2994032181196905e-04
-1.2955107354269864e-04
-1.2917227669366634e-04
-1.2880377241605034e-04
-1.2844390349102969e-04
-1.2808972476140862e-04
-1.2773561416946168e-04
-1.2739175545390321e-04
-1.2705760866246044e-04
-1.2673117945375810e-04
-1.2641491456084550e-04
-1.2609741286581769e-04
-1.2578898345034763e-04
-1.2548920197153916e-04
-1.2519873549498778e-04
-1.2491850214606332e-04
-1.2464112153096667e-04
-1.2436939198381952e-04
-1.2410626873792590e-04
-1.2385326854774103e-04
-1.2361074748353654e-04
-1.2337488963853413e-04
-1.2314182590398974e-04
0.0000000000000000e+00
1.5437148874793470e+03
3.6295486867788043e+02
7.2925350558628823e+04
];
