%Vec Object:sol 1 MPI processes
%  type: mpi
sol = [
0.0000000000000000e+00
-8.3352696245154708e-04
-7.6338606728970572e-04
-6.7894191458739916e-04
-5.9625382822610568e-04
-5.3319072590502718e-04
-4.8046474310354555e-04
-4.3476772071765653e-04
-1.4589099730787143e-04
-1.8510366046071028e-04
-1.8318856272358803e-04
-1.8118435406285014e-04
-1.7918919537527735e-04
-1.7719917373349881e-04
-1.7520825025537618e-04
-1.7323601689789596e-04
-1.7123674270949635e-04
-1.6925140232810338e-04
-1.6727918838296867e-04
-1.6529443896178304e-04
-1.6331223700497162e-04
-1.6133255021773458e-04
-1.5935411521890316e-04
-1.5739096485334756e-04
-1.5540814007255168e-04
-1.5343276684442642e-04
-1.5147001441618486e-04
-1.4949645485793796e-04
-1.4751816497518195e-04
-1.4552117126776765e-04
-1.4346488571496526e-04
-1.4129490725160569e-04
-1.3886798863362531e-04
-1.3593518454191046e-04
-1.3222452552589487e-04
-1.2753692063108125e-04
-1.2203206565744835e-04
-1.1625343910716176e-04
-1.1074087549452653e-04
-1.0579708568686706e-04
-1.0152466358312160e-04
-9.7947374914133541e-05
-9.5037836604771846e-05
-9.2700205089354764e-05
-9.0869417662828097e-05
-8.9460115764415307e-05
-8.8382534597483166e-05
-8.7564930803173610e-05
-8.6942714889437045e-05
-8.6468054658652332e-05
-8.6097759096013721e-05
-8.5807792135785528e-05
-8.5575084419257005e-05
-8.5377336939860784e-05
-8.5206334099861855e-05
-8.5050758450508609e-05
-8.4901657809142232e-05
-8.4751122437792925e-05
-8.4598025363351954e-05
-8.4439397221983695e-05
-8.4265764824632684e-05
-8.4087092783614718e-05
-8.3895202617833585e-05
-8.3685473708773931e-05
-8.3460375523969482e-05
-8.3222432942477682e-05
-8.2968954484693725e-05
-8.2696692124569526e-05
-8.2406787873003353e-05
-8.2102475113410644e-05
-8.1781365463586187e-05
-8.1437952187386745e-05
-8.1083316891091773e-05
-8.0714663030193737e-05
-8.0324526884976904e-05
-7.9917467270538872e-05
-7.9495919884197783e-05
-7.9056935625941547e-05
-7.8598384909335235e-05
-7.8122005139996673e-05
-7.7631655285722944e-05
-7.7123814981180428e-05
-7.6597279369790633e-05
-7.6050697838520251e-05
-7.5486916969184979e-05
-7.4905512200856004e-05
-7.4303111572168357e-05
-7.3678698309625641e-05
-7.3031142151816386e-05
-7.2365687171903028e-05
-7.1677607518873991e-05
-7.0962572561730777e-05
-7.0221058502416836e-05
-6.9453321418750055e-05
-6.8654854298999527e-05
-6.7824592028930132e-05
-6.6959939384388900e-05
-6.6054958493883684e-05
-6.5111316757549112e-05
0.0000000000000000e+00
1.7132878067471540e+03
3.5879771809208216e+02
5.4167353731135874e+04
];
