%Vec Object:sol 1 MPI processes
%  type: mpi
sol = [
0.0000000000000000e+00
-1.8450341412416292e-04
-1.8312184456379814e-04
-1.8177024268054709e-04
-1.8045716497847137e-04
-1.7919370799836107e-04
-1.7791369313408003e-04
-1.7669310423283838e-04
-1.7549750806523546e-04
-1.7433287070902075e-04
-1.7321311600718091e-04
-1.7207273406583863e-04
-1.7097965153280189e-04
-1.6991286043229847e-04
-1.6886648831630031e-04
-1.6786042765064014e-04
-1.6683962424321699e-04
-1.6584995578255255e-04
-1.6489104352178572e-04
-1.6394109079351785e-04
-1.6302493103051796e-04
-1.6210976215267749e-04
-1.6120572945084764e-04
-1.6033176699047072e-04
-1.5946882271242310e-04
-1.5862805191340832e-04
-1.5780310385602185e-04
-1.5697228910477177e-04
-1.5616659189696087e-04
-1.5538248361119305e-04
-1.5460598607379492e-04
-1.5384888041017266e-04
-1.5309205794482113e-04
-1.5234520321732333e-04
-1.5161978761215177e-04
-1.5090922371427637e-04
-1.5020917271277423e-04
-1.4951137922689407e-04
-1.4882467725319985e-04
-1.4814856038564828e-04
-1.4749057373083466e-04
-1.4684556521863827e-04
-1.4620011482856368e-04
-1.4556289844170549e-04
-1.4493910415388432e-04
-1.4432358040343283e-04
-1.4372378339246251e-04
-1.4313484503172889e-04
-1.4253786707915309e-04
-1.4195586091155006e-04
-1.4138814046840776e-04
-1.4082698064242342e-04
-1.4027865197978432e-04
-1.3973024739999626e-04
-1.3918761536996528e-04
-1.3865498068114842e-04
-1.3813523747073863e-04
-1.3762676624689624e-04
-1.3711829084106213e-04
-1.3661313419846319e-04
-1.3612005578316565e-04
-1.3563465442604995e-04
-1.3515915674007503e-04
-1.3469461655358014e-04
-1.3422631129997062e-04
-1.3376452394220429e-04
-1.3331401639699478e-04
-1.3287447691969897e-04
-1.3244377692656469e-04
-1.3201177839441644e-04
-1.3158537855373868e-04
-1.3116957499544803e-04
-1.3076180003789925e-04
-1.3036263568300756e-04
-1.2997047476424797e-04
-1.2957809223952500e-04
-1.2919369643217381e-04
-1.2881803487274586e-04
-1.2845246930763394e-04
-1.2809684494311796e-04
-1.2773851724401372e-04
-1.2738642660809537e-04
-1.2704436336209775e-04
-1.2671220988130148e-04
-1.2638943352838124e-04
-1.2606844245800831e-04
-1.2575043018104500e-04
-1.2544238822410645e-04
-1.2514424405083655e-04
-1.2485443142338197e-04
-1.2457288094995246e-04
-1.2428989616296857e-04
-1.2401699892718081e-04
-1.2375415824945497e-04
-1.2349962374885617e-04
-1.2325490407964147e-04
-1.2301223377605026e-04
-1.2277626237700956e-04
-1.2255067991111073e-04
0.0000000000000000e+00
1.5329049879942440e+03
3.6295486867788043e+02
7.2925350558628823e+04
];
