%Vec Object:sol 1 MPI processes
%  type: mpi
sol = [
0.0000000000000000e+00
-1.6758788045388023e-04
-1.9885891025507203e-04
-1.9686460603056039e-04
-1.9490198000889392e-04
-1.9300491031450548e-04
-1.9112313762932679e-04
-1.8931718238537215e-04
-1.8753794870554394e-04
-1.8578569026865888e-04
-1.8409818178261289e-04
-1.8242403771766009e-04
-1.8081137098393963e-04
-1.7921105909789528e-04
-1.7764312589563106e-04
-1.7612888044229045e-04
-1.7463539039271869e-04
-1.7317251836859076e-04
-1.7174078041931777e-04
-1.7032786052209733e-04
-1.6896013511334579e-04
-1.6762112373497923e-04
-1.6628684651386915e-04
-1.6499264997102655e-04
-1.6371823390745111e-04
-1.6247516007179580e-04
-1.6126019399464780e-04
-1.6004587577513979e-04
-1.5886520572801663e-04
-1.5771419771920149e-04
-1.5657799088517489e-04
-1.5546009001520076e-04
-1.5436071062814311e-04
-1.5327799442624740e-04
-1.5222362883732541e-04
-1.5119058411521669e-04
-1.5015847792885964e-04
-1.4915066323191497e-04
-1.4816245294814890e-04
-1.4719051013402582e-04
-1.4624158918891749e-04
-1.4529565693811693e-04
-1.4436491351555334e-04
-1.4345648383549327e-04
-1.4256655569388812e-04
-1.4168780043832168e-04
-1.4081657045096393e-04
-1.3996453510394994e-04
-1.3912381822344665e-04
-1.3830271218566068e-04
-1.3749839509405109e-04
-1.3669308689865869e-04
-1.3590545318456875e-04
-1.3513595913817214e-04
-1.3437988239083142e-04
-1.3363699793099516e-04
-1.3289928059196556e-04
-1.3217752718653824e-04
-1.3146725060144809e-04
-1.3077381275696155e-04
-1.3009679014988463e-04
-1.2941973858069744e-04
-1.2875692081398788e-04
-1.2811030752723606e-04
-1.2747909341154925e-04
-1.2685899714545175e-04
-1.2624537296840828e-04
-1.2564501507246283e-04
-1.2505845484291132e-04
-1.2448477667401507e-04
-1.2392666287458807e-04
-1.2337777689716512e-04
-1.2283699827388370e-04
-1.2231007565127394e-04
-1.2179867009504110e-04
-1.2130266143979070e-04
-1.2081707654384172e-04
-1.2033776307767472e-04
-1.1987406517028402e-04
-1.1942591147094617e-04
-1.1899181202021462e-04
-1.1857167630402025e-04
-1.1815770872705893e-04
-1.1775884412928865e-04
-1.1737534989573452e-04
-1.1700542778059218e-04
-1.1665146644840428e-04
-1.1630789428403651e-04
-1.1597626366945537e-04
-1.1565938725745311e-04
-1.1535798041238604e-04
-1.1507299458030101e-04
-1.1480265946609803e-04
-1.1454136004812510e-04
-1.1429519255795288e-04
-1.1406568201053077e-04
-1.1385326340179996e-04
-1.1365805138892732e-04
-1.1347273500068155e-04
0.0000000000000000e+00
1.6411405549683943e+03
3.6280761482986321e+02
7.2099506865496820e+04
];
