%Vec Object:sol 1 MPI processes
%  type: mpi
sol = [
0.0000000000000000e+00
-1.9349814014668962e-04
-1.9194708693803206e-04
-1.9041518000767271e-04
-1.8892625417037449e-04
-1.8750126301076209e-04
-1.8608261320819005e-04
-1.8470137561320724e-04
-1.8334471772993294e-04
-1.8202254807526996e-04
-1.8075398537016905e-04
-1.7948540421006742e-04
-1.7824413072344374e-04
-1.7703210428144533e-04
-1.7584307529469495e-04
-1.7469788930162233e-04
-1.7355487937844124e-04
-1.7243037114889994e-04
-1.7133952380789756e-04
-1.7025935558725202e-04
-1.6921594317703629e-04
-1.6817975386551072e-04
-1.6715222055995122e-04
-1.6615739495808694e-04
-1.6517524108927549e-04
-1.6421743364952355e-04
-1.6327257984451765e-04
-1.6232819966428917e-04
-1.6141115828505914e-04
-1.6051772329957111e-04
-1.5963325402081760e-04
-1.5875703348957804e-04
-1.5789604437913224e-04
-1.5704643897596461e-04
-1.5622017011361644e-04
-1.5541034422138491e-04
-1.5459497243289804e-04
-1.5379870757740145e-04
-1.5301764233554397e-04
-1.5224853450266905e-04
-1.5149921216039264e-04
-1.5074717401609197e-04
-1.5000469394991559e-04
-1.4928086433659495e-04
-1.4857190320132396e-04
-1.4787245955593512e-04
-1.4717392653592075e-04
-1.4648983733456383e-04
-1.4581358519268493e-04
-1.4515378843743816e-04
-1.4450972591723796e-04
-1.4385827506760364e-04
-1.4321979513944228e-04
-1.4259647354673483e-04
-1.4198343790725363e-04
-1.4138171516721887e-04
-1.4078062090293314e-04
-1.4019026379441833e-04
-1.3960821499186616e-04
-1.3904008019762038e-04
-1.3848541951534760e-04
-1.3792770986905694e-04
-1.3737844072318173e-04
-1.3684237981516261e-04
-1.3631865317436433e-04
-1.3580271424394505e-04
-1.3528926702656422e-04
-1.3478426990862311e-04
-1.3428977564314853e-04
-1.3380476140328621e-04
-1.3333201612755239e-04
-1.3286296301726226e-04
-1.3239813533340140e-04
-1.3194359586823489e-04
-1.3150104603252576e-04
-1.3107028787052348e-04
-1.3064246719763113e-04
-1.3021831630700368e-04
-1.2980599332027920e-04
-1.2940534397011140e-04
-1.2901469585814351e-04
-1.2862924983827472e-04
-1.2824750046903165e-04
-1.2787740566268558e-04
-1.2751842423321203e-04
-1.2716854371876214e-04
-1.2682736756488568e-04
-1.2648856104369434e-04
-1.2616141022193976e-04
-1.2584432089855066e-04
-1.2553797467967689e-04
-1.2524203753156606e-04
-1.2494739451247174e-04
-1.2466457411889823e-04
-1.2439179471986341e-04
-1.2413059361855353e-04
-1.2388138584441621e-04
-1.2363288986011811e-04
-1.2339644010110826e-04
0.0000000000000000e+00
1.5760745982776837e+03
3.6295486867788043e+02
7.2925350558628823e+04
];
