%Vec Object:sol 1 MPI processes
%  type: mpi
sol = [
0.0000000000000000e+00
-6.6084068139377744e-04
-1.8927711591668810e-04
-1.9251343541304699e-04
-1.9068910896826317e-04
-1.8892246641777802e-04
-1.8716569481174640e-04
-1.8547818747004669e-04
-1.8381433949250762e-04
-1.8216934241491387e-04
-1.8058185938868020e-04
-1.7900095231435377e-04
-1.7747397964728033e-04
-1.7595595227430763e-04
-1.7446051621343122e-04
-1.7301105929394255e-04
-1.7157499828676653e-04
-1.7016473566000667e-04
-1.6877668417771159e-04
-1.6740017869392330e-04
-1.6606140809554592e-04
-1.6474417388727251e-04
-1.6342769786177299e-04
-1.6214256092364338e-04
-1.6087061837571150e-04
-1.5962352325622523e-04
-1.5840018816360964e-04
-1.5717088936208182e-04
-1.5596941274403651e-04
-1.5479208152687580e-04
-1.5362449357668619e-04
-1.5247247158651397e-04
-1.5133320524572682e-04
-1.5020634904600367e-04
-1.4910370399767657e-04
-1.4801861768951998e-04
-1.4693367747620659e-04
-1.4586819866603919e-04
-1.4481938521816498e-04
-1.4378421211073183e-04
-1.4277035501656225e-04
-1.4175873327217629e-04
-1.4075916619205725e-04
-1.3978009103859435e-04
-1.3881797636026161e-04
-1.3786782169198251e-04
-1.3692365009666192e-04
-1.3599697841043014e-04
-1.3508096134770480e-04
-1.3418384500450451e-04
-1.3330503162670482e-04
-1.3242539883516735e-04
-1.3156173723306858e-04
-1.3071605949953785e-04
-1.2988388515373960e-04
-1.2906626259571812e-04
-1.2825706142991471e-04
-1.2746089546201693e-04
-1.2667675376812844e-04
-1.2590991696012269e-04
-1.2516006737763667e-04
-1.2441754200614050e-04
-1.2368457537372313e-04
-1.2296863045123231e-04
-1.2226900892657019e-04
-1.2158166855601735e-04
-1.2090954630013157e-04
-1.2024527045963140e-04
-1.1959610298781390e-04
-1.1896124659797671e-04
-1.1834335673856060e-04
-1.1774234569511710e-04
-1.1714867487179686e-04
-1.1656789580383853e-04
-1.1600437581712640e-04
-1.1545808868479608e-04
-1.1492703756443741e-04
-1.1440987137603373e-04
-1.1390312809533590e-04
-1.1341413693275257e-04
-1.1294158047793227e-04
-1.1248548185687250e-04
-1.1204754080164586e-04
-1.1162186809794186e-04
-1.1121137138643753e-04
-1.1081745508423225e-04
-1.1044253627847888e-04
-1.1008677483409158e-04
-1.0974986996152279e-04
-1.0942316987537402e-04
-1.0911569873786178e-04
-1.0882856956853911e-04
-1.0856206585495102e-04
-1.0831649412561579e-04
-1.0808722291188021e-04
-1.0787468764748369e-04
-1.0768444759761095e-04
-1.0751691601399615e-04
-1.0737253591039354e-04
0.0000000000000000e+00
1.6506261170011289e+03
3.6264821305330929e+02
7.1221305586965173e+04
];
