%Vec Object:sol 1 MPI processes
%  type: mpi
sol = [
0.0000000000000000e+00
-1.6480757738547618e-04
-1.6370641892686868e-04
-1.6261955542852603e-04
-1.6154294852283911e-04
-1.6051461361379733e-04
-1.5948745736425374e-04
-1.5850901044398436e-04
-1.5754944147558817e-04
-1.5661405219530623e-04
-1.5569398394766053e-04
-1.5477326108104576e-04
-1.5389138739593881e-04
-1.5303012413014105e-04
-1.5218440003117776e-04
-1.5137173511836248e-04
-1.5055199240154532e-04
-1.4974804584160921e-04
-1.4896912812350222e-04
-1.4819613918447337e-04
-1.4745101657062115e-04
-1.4672055726798930e-04
-1.4599993524463237e-04
-1.4528506694053457e-04
-1.4457830966753478e-04
-1.4388956549122038e-04
-1.4322275652888471e-04
-1.4255935526947806e-04
-1.4191628311361885e-04
-1.4127650893326030e-04
-1.4063562032164533e-04
-1.4001413330444619e-04
-1.3940667954405534e-04
-1.3880644694606593e-04
-1.3822368125415539e-04
-1.3764889339350865e-04
-1.3706677769010286e-04
-1.3650091728939948e-04
-1.3594585563875711e-04
-1.3539886579982553e-04
-1.3486671949214146e-04
-1.3434487703477193e-04
-1.3381802672852668e-04
-1.3329952509044931e-04
-1.3279184874232222e-04
-1.3229043104213305e-04
-1.3180197350181534e-04
-1.3132496983865897e-04
-1.3084971579647403e-04
-1.3037272650821491e-04
-1.2990756481932352e-04
-1.2944734049475867e-04
-1.2899770182370489e-04
-1.2855915309285782e-04
-1.2812749999237421e-04
-1.2769352183715892e-04
-1.2726465008423639e-04
-1.2684512486160063e-04
-1.2643088317435610e-04
-1.2602684462882031e-04
-1.2563265813861227e-04
-1.2524256551861852e-04
-1.2484750095504172e-04
-1.2446213200620378e-04
-1.2408571915837658e-04
-1.2371429062625090e-04
-1.2335216873741992e-04
-1.2299910297284333e-04
-1.2264463189508231e-04
-1.2229112576368233e-04
-1.2194664066268283e-04
-1.2161097780635038e-04
-1.2128184028484299e-04
-1.2095977547363788e-04
-1.2064487592400574e-04
-1.2032655744733399e-04
-1.2001481753765280e-04
-1.1971035328115793e-04
-1.1941442184973467e-04
-1.1912690700496191e-04
-1.1884634291814651e-04
-1.1856459467662263e-04
-1.1828656626991503e-04
-1.1801701147883536e-04
-1.1775546709615905e-04
-1.1750015555355999e-04
-1.1725330306160151e-04
-1.1701276390637934e-04
-1.1677052880847751e-04
-1.1653545560795598e-04
-1.1630816785641374e-04
-1.1608951766269735e-04
-1.1587949446858030e-04
-1.1567809448590091e-04
-1.1547489216400261e-04
-1.1527736482981079e-04
-1.1508881127608737e-04
-1.1490926130129829e-04
-1.1473875061440753e-04
0.0000000000000000e+00
1.4323502216582444e+03
3.6295486867788043e+02
7.2925350558628823e+04
];
