%Vec Object:sol 1 MPI processes
%  type: mpi
sol = [
0.0000000000000000e+00
-1.6928543132770028e-04
-1.6812203005120446e-04
-1.6698274716731333e-04
-1.6587001354733812e-04
-1.6478443245280855e-04
-1.6370088165898778e-04
-1.6266842390574968e-04
-1.6165620182258492e-04
-1.6066966479227367e-04
-1.5972110316727156e-04
-1.5875117576874347e-04
-1.5782198938535827e-04
-1.5691468734251954e-04
-1.5602402000356540e-04
-1.5516802902901743e-04
-1.5431758317368879e-04
-1.5347187470644310e-04
-1.5265249306668647e-04
-1.5183973176194018e-04
-1.5105618256661615e-04
-1.5028821501058588e-04
-1.4953438629719922e-04
-1.4878440958616878e-04
-1.4804240749060607e-04
-1.4731937330958754e-04
-1.4661932394793991e-04
-1.4592316648548431e-04
-1.4524830613904592e-04
-1.4457496400596006e-04
-1.4390337300495130e-04
-1.4325208173936898e-04
-1.4261554977363519e-04
-1.4198675778978836e-04
-1.4137623396275891e-04
-1.4076599707958581e-04
-1.4015706853251229e-04
-1.3956512445270365e-04
-1.3898454171325304e-04
-1.3841250813388241e-04
-1.3785597497744669e-04
-1.3730266239374411e-04
-1.3674665123519336e-04
-1.3620526392832134e-04
-1.3567520565823372e-04
-1.3515177739427430e-04
-1.3464185639079019e-04
-1.3414040074788346e-04
-1.3363036581013956e-04
-1.3313323659707642e-04
-1.3264841617185340e-04
-1.3216882381356316e-04
-1.3170025363238200e-04
-1.3124312705847023e-04
-1.3077765783631279e-04
-1.3032029363501009e-04
-1.2987411100225148e-04
-1.2943764088089391e-04
-1.2900670893311981e-04
-1.2858635403080161e-04
-1.2816470084960388e-04
-1.2774579576873578e-04
-1.2733544406459411e-04
-1.2693512475981346e-04
-1.2654407450639712e-04
-1.2615821644639574e-04
-1.2577425473144546e-04
-1.2539314843988347e-04
-1.2501972567144489e-04
-1.2465307328272750e-04
-1.2429572375499646e-04
-1.2394746908743880e-04
-1.2360154839097937e-04
-1.2325374730874007e-04
-1.2291505156970960e-04
-1.2258529421774533e-04
-1.2226230745499155e-04
-1.2194680273241586e-04
-1.2163851139634391e-04
-1.2132742279710494e-04
-1.2102370529630864e-04
-1.2072720324611481e-04
-1.2043947689260185e-04
-1.2016043645572245e-04
-1.1988971914798250e-04
-1.1961346122478312e-04
-1.1934537148587321e-04
-1.1908609291903842e-04
-1.1883557468643339e-04
-1.1859237365006159e-04
-1.1835712022828426e-04
-1.1812132960644362e-04
-1.1789182751856959e-04
-1.1767131500407029e-04
-1.1745817500822333e-04
-1.1725382907686212e-04
-1.1705862705061623e-04
-1.1686500154272309e-04
-1.1667668159020144e-04
0.0000000000000000e+00
1.4559930453447475e+03
3.6295486867788043e+02
7.2925350558628823e+04
];
