%Vec Object:sol 1 MPI processes
%  type: mpi
sol = [
0.0000000000000000e+00
-1.5713922202467177e-04
-1.5612233616158055e-04
-1.5512568830195283e-04
-1.5415642756326040e-04
-1.5323118397765712e-04
-1.5228916000796730e-04
-1.5138237129635944e-04
-1.5049266210293420e-04
-1.4962506535721697e-04
-1.4879481948679724e-04
-1.4796355722501099e-04
-1.4716780558644599e-04
-1.4637400848028511e-04
-1.4558664080843519e-04
-1.4483002942006895e-04
-1.4407928577441471e-04
-1.4335208702207113e-04
-1.4264759290985831e-04
-1.4194772946354660e-04
-1.4125829231539941e-04
-1.4057528639284272e-04
-1.3990434882219343e-04
-1.3925611530465987e-04
-1.3861473397142551e-04
-1.3798963122371073e-04
-1.3738457074243934e-04
-1.3676891685104089e-04
-1.3616490806817901e-04
-1.3557706476024774e-04
-1.3499368401260575e-04
-1.3442806397776094e-04
-1.3387513075475600e-04
-1.3332842571988485e-04
-1.3278691173936475e-04
-1.3224814748698517e-04
-1.3171669167792846e-04
-1.3120014076207110e-04
-1.3069332349774550e-04
-1.3019366012520823e-04
-1.2970762094914872e-04
-1.2922236626073815e-04
-1.2873470897161558e-04
-1.2825994357940399e-04
-1.2779504288567032e-04
-1.2733566798284372e-04
-1.2688822533669336e-04
-1.2645129688845566e-04
-1.2601189991323048e-04
-1.2557379193505115e-04
-1.2514659754868132e-04
-1.2472375398326949e-04
-1.2431066547608280e-04
-1.2390782880449699e-04
-1.2351125223488516e-04
-1.2311727603914356e-04
-1.2272227057929787e-04
-1.2233590353208915e-04
-1.2195430293644584e-04
-1.2158218170921555e-04
-1.2121921693781960e-04
-1.2086166286048184e-04
-1.2050846213512752e-04
-1.2015264215183683e-04
-1.1980516739505974e-04
-1.1946224719230047e-04
-1.1912802638102882e-04
-1.1880227572074768e-04
-1.1848319263647105e-04
-1.1816809131617180e-04
-1.1784943423486770e-04
-1.1753906412407466e-04
-1.1723478990660853e-04
-1.1693714328772970e-04
-1.1664759489274071e-04
-1.1636600773628548e-04
-1.1608925352461048e-04
-1.1580730355376901e-04
-1.1553342554287974e-04
-1.1526751589916221e-04
-1.1500817659537209e-04
-1.1475527640035701e-04
-1.1451029169531059e-04
-1.1427229479675701e-04
-1.1403022278607788e-04
-1.1379407229752239e-04
-1.1356598572130164e-04
-1.1334591845368395e-04
-1.1313383904233016e-04
-1.1292840890759682e-04
-1.1272910778696166e-04
-1.1252719478647928e-04
-1.1233355305717114e-04
-1.1214818555958540e-04
-1.1196958736147610e-04
-1.1179910646626136e-04
-1.1163708515613140e-04
-1.1148155991313253e-04
-1.1132519126926287e-04
0.0000000000000000e+00
1.3908352823670771e+03
3.6295486867788043e+02
7.2925350558628823e+04
];
