%Vec Object:sol 1 MPI processes
%  type: mpi
sol = [
0.0000000000000000e+00
-1.6433201788706309e-04
-1.6323450674431261e-04
-1.6215935685747076e-04
-1.6109329626724978e-04
-1.6006805248197542e-04
-1.5904396598901473e-04
-1.5806840418857424e-04
-1.5711163891137848e-04
-1.5617895226845466e-04
-1.5527659521099533e-04
-1.5435833499953183e-04
-1.5347878502082165e-04
-1.5261977089824470e-04
-1.5177624039491549e-04
-1.5096565859046122e-04
-1.5016185738143066e-04
-1.4936072636217542e-04
-1.4858356033336918e-04
-1.4781230972277815e-04
-1.4706884149549780e-04
-1.4633999509521835e-04
-1.4562425076398376e-04
-1.4492208667790053e-04
-1.4421666274115960e-04
-1.4352920437278509e-04
-1.4286362194429450e-04
-1.4220144579295686e-04
-1.4155954503763444e-04
-1.4093494617561965e-04
-1.4029530577892925e-04
-1.3967478215610787e-04
-1.3906826249457456e-04
-1.3846895493795899e-04
-1.3788707426367033e-04
-1.3731685326622459e-04
-1.3674579993573415e-04
-1.3618060943178500e-04
-1.3562620323785902e-04
-1.3507986299043736e-04
-1.3454834137975981e-04
-1.3402711317015770e-04
-1.3351310154409454e-04
-1.3299651586282094e-04
-1.3248925650612413e-04
-1.3198826090425806e-04
-1.3150021024131323e-04
-1.3102360159782071e-04
-1.3055155588819506e-04
-1.3008550043058938e-04
-1.2962057035549658e-04
-1.2916058520306002e-04
-1.2871117695496622e-04
-1.2827284804122407e-04
-1.2784141552957959e-04
-1.2741779797946251e-04
-1.2699202718468802e-04
-1.2657256894917099e-04
-1.2615840187371805e-04
-1.2575443190825580e-04
-1.2536030871097758e-04
-1.2497211338218038e-04
-1.2458812001779943e-04
-1.2420268116813602e-04
-1.2382619811844253e-04
-1.2345470927931936e-04
-1.2309252507944284e-04
-1.2273939526519592e-04
-1.2239343092981149e-04
-1.2204385216331682e-04
-1.2169918150032685e-04
-1.2136333387595239e-04
-1.2103401797840744e-04
-1.2071177935713021e-04
-1.2039814013736808e-04
-1.2009058134354604e-04
-1.1977854971332392e-04
-1.1947379959149223e-04
-1.1917758459122009e-04
-1.1888978839928582e-04
-1.1860894856293037e-04
-1.1833492136157392e-04
-1.1806075725589954e-04
-1.1779081716736075e-04
-1.1752889199322492e-04
-1.1727320816534348e-04
-1.1702598588592289e-04
-1.1678717139368279e-04
-1.1655444331203219e-04
-1.1631889555251170e-04
-1.1609113876688626e-04
-1.1587202274861043e-04
-1.1566153688513839e-04
-1.1545967754580677e-04
-1.1526487564481631e-04
-1.1506981007879862e-04
-1.1488069891161624e-04
-1.1470059416935194e-04
-1.1452953081642487e-04
0.0000000000000000e+00
1.4298245481872480e+03
3.6295486867788043e+02
7.2925350558628823e+04
];
