%Vec Object:sol 1 MPI processes
%  type: mpi
sol = [
0.0000000000000000e+00
-1.7783420101889736e-04
-1.7654256578951969e-04
-1.7527857004244929e-04
-1.7405041456330120e-04
-1.7287717126432387e-04
-1.7170709100924387e-04
-1.7056675249130647e-04
-1.6944648040191128e-04
-1.6835506974888944e-04
-1.6730996429476484e-04
-1.6626664795931854e-04
-1.6525731953551210e-04
-1.6425578039750791e-04
-1.6327320341503169e-04
-1.6232862404278963e-04
-1.6139323852588174e-04
-1.6048732487541404e-04
-1.5958997690007122e-04
-1.5869603656721231e-04
-1.5783405666715088e-04
-1.5698957365775285e-04
-1.5616087961091438e-04
-1.5535535195030167e-04
-1.5454162113304028e-04
-1.5374881865300996e-04
-1.5298113893181660e-04
-1.5221840224372655e-04
-1.5147894669729711e-04
-1.5074725118004582e-04
-1.5001332802387147e-04
-1.4930153514117637e-04
-1.4860599731775294e-04
-1.4791929447857709e-04
-1.4725246231786856e-04
-1.4658114256056813e-04
-1.4591789350739014e-04
-1.4527311176859201e-04
-1.4464085311551643e-04
-1.4401814002227447e-04
-1.4340794308683016e-04
-1.4279542188704177e-04
-1.4219185160410888e-04
-1.4160412790947911e-04
-1.4102876576242536e-04
-1.4046081110443082e-04
-1.3989807047874749e-04
-1.3934032709854259e-04
-1.3878846136204830e-04
-1.3825052151634660e-04
-1.3772586262697929e-04
-1.3720705222070140e-04
-1.3668642213233859e-04
-1.3617560950908385e-04
-1.3567302792097727e-04
-1.3517964373882421e-04
-1.3469826692599456e-04
-1.3422567598631125e-04
-1.3374516548567180e-04
-1.3327632497766095e-04
-1.3281874870075974e-04
-1.3236818958446285e-04
-1.3192681052360603e-04
-1.3149041333839509e-04
-1.3105486060056265e-04
-1.3062523744304777e-04
-1.3020616215223885e-04
-1.2979734253857868e-04
-1.2939672652725209e-04
-1.2899396473315585e-04
-1.2859644123075416e-04
-1.2820884851225421e-04
-1.2782870770149763e-04
-1.2745659127662997e-04
-1.2709411843831071e-04
-1.2672833122264965e-04
-1.2636912170395156e-04
-1.2601808473752037e-04
-1.2567654565130088e-04
-1.2534436059874268e-04
-1.2501704134982425e-04
-1.2468730296709559e-04
-1.2436701936283527e-04
-1.2405608200087261e-04
-1.2375397977359127e-04
-1.2345879937850925e-04
-1.2316640285006317e-04
-1.2287735526300093e-04
-1.2259767486290981e-04
-1.2232584519556992e-04
-1.2206251710718747e-04
-1.2180857508980404e-04
-1.2155398064533235e-04
-1.2130690202706550e-04
-1.2106767925593812e-04
-1.2083778467266232e-04
-1.2061757145132531e-04
-1.2040505913216790e-04
-1.2019268747440433e-04
0.0000000000000000e+00
1.4997805272624182e+03
3.6295486867788043e+02
7.2925350558628823e+04
];
