%Vec Object:sol 1 MPI processes
%  type: mpi
sol = [
0.0000000000000000e+00
-1.7481441942657295e-04
-1.7357821891923406e-04
-1.7236811181464383e-04
-1.7118315316796753e-04
-1.7003124884042582e-04
-1.6888234222578038e-04
-1.6778741266644902e-04
-1.6671432511985019e-04
-1.6566871851323323e-04
-1.6465064551585623e-04
-1.6362430795965367e-04
-1.6264097917558458e-04
-1.6168103270797242e-04
-1.6073899698186038e-04
-1.5983355984243029e-04
-1.5891391547797885e-04
-1.5802090644231222e-04
-1.5715574267005574e-04
-1.5629796459335691e-04
-1.5547097747808326e-04
-1.5465732333669790e-04
-1.5383900692047940e-04
-1.5304811630181085e-04
-1.5226674279481632e-04
-1.5150542542415534e-04
-1.5076830295356259e-04
-1.5002823513208841e-04
-1.4929665974584348e-04
-1.4858473491232739e-04
-1.4787928981970815e-04
-1.4719517084879716e-04
-1.4652662676521838e-04
-1.4585607686258716e-04
-1.4519519264329580e-04
-1.4454776033487942e-04
-1.4390969510664597e-04
-1.4328943541422307e-04
-1.4268115471183804e-04
-1.4206945862442271e-04
-1.4146794710677164e-04
-1.4087824260471964e-04
-1.4029704263649517e-04
-1.3973113539258837e-04
-1.3917710654603812e-04
-1.3861600787734734e-04
-1.3806571897887208e-04
-1.3752830560161182e-04
-1.3699642976178355e-04
-1.3647801425285946e-04
-1.3597245412874320e-04
-1.3545705553588247e-04
-1.3495209994875116e-04
-1.3445950301174916e-04
-1.3397479878745049e-04
-1.3349894321518471e-04
-1.3303424344838027e-04
-1.3256436868574846e-04
-1.3210060754074342e-04
-1.3164814600619457e-04
-1.3120659126673330e-04
-1.3077176956133993e-04
-1.3034372339768561e-04
-1.2991326059994652e-04
-1.2949269009175860e-04
-1.2907779966705890e-04
-1.2867314022994581e-04
-1.2827842971129699e-04
-1.2788809263744805e-04
-1.2749416650708199e-04
-1.2711010932676251e-04
-1.2673569553928979e-04
-1.2636848710146116e-04
-1.2600904937941978e-04
-1.2565402623453283e-04
-1.2529968394081928e-04
-1.2495255039602702e-04
-1.2461334903413193e-04
-1.2428339210817656e-04
-1.2396254402031076e-04
-1.2364290280151771e-04
-1.2332413420654135e-04
-1.2301458718135715e-04
-1.2271415919183157e-04
-1.2242235073453242e-04
-1.2213728010940426e-04
-1.2185346296254172e-04
-1.2157413528692878e-04
-1.2130396648768842e-04
-1.2104146599180373e-04
-1.2078727972550114e-04
-1.2054229044463644e-04
-1.2029704937711984e-04
-1.2005854337545617e-04
-1.1982773024817125e-04
-1.1960606450147070e-04
-1.1939389826968418e-04
-1.1919123952981856e-04
-1.1898690694218185e-04
0.0000000000000000e+00
1.4844907389797324e+03
3.6295486867788043e+02
7.2925350558628823e+04
];
