%Vec Object:sol 1 MPI processes
%  type: mpi
sol = [
0.0000000000000000e+00
-6.7329778331041035e-04
-5.6338353022747411e-04
-1.9096829843542784e-04
-1.8908503233462103e-04
-1.8726805550677849e-04
-1.8544277391532673e-04
-1.8369042234625069e-04
-1.8197258738860705e-04
-1.8029513506103928e-04
-1.7865564547867819e-04
-1.7702217323655063e-04
-1.7544481109842648e-04
-1.7390038008616209e-04
-1.7237134473098987e-04
-1.7087784557807701e-04
-1.6939951417755465e-04
-1.6795844747236082e-04
-1.6655296828218372e-04
-1.6513906732543702e-04
-1.6376387736773845e-04
-1.6241131511773882e-04
-1.6107927990877349e-04
-1.5977239599275299e-04
-1.5846817766440433e-04
-1.5718934322893964e-04
-1.5594016346115721e-04
-1.5469883343106422e-04
-1.5347118212398502e-04
-1.5226340057444596e-04
-1.5106536838089551e-04
-1.4989297534504059e-04
-1.4873969063809644e-04
-1.4758172787539232e-04
-1.4644723917226385e-04
-1.4532953474571725e-04
-1.4422424828864841e-04
-1.4313777088901069e-04
-1.4205383218888291e-04
-1.4098237951994992e-04
-1.3993087843846370e-04
-1.3889424875296696e-04
-1.3786614121320465e-04
-1.3684564093150673e-04
-1.3584055692417185e-04
-1.3484594073028770e-04
-1.3386909166814221e-04
-1.3290642877411866e-04
-1.3194169808202283e-04
-1.3099422809566979e-04
-1.3006345249666119e-04
-1.2914211808252686e-04
-1.2823633182936319e-04
-1.2733494641572552e-04
-1.2644552516383046e-04
-1.2556936998296984e-04
-1.2470934044170719e-04
-1.2386407419023708e-04
-1.2302179554670879e-04
-1.2219238326445300e-04
-1.2137901931789665e-04
-1.2057783924195248e-04
-1.1979110925759838e-04
-1.1901744606819116e-04
-1.1825229573624816e-04
-1.1749918452094485e-04
-1.1676268569278760e-04
-1.1604276208265936e-04
-1.1533774813531886e-04
-1.1463962008319724e-04
-1.1395660307770468e-04
-1.1329088738764209e-04
-1.1264047215390188e-04
-1.1200618113378237e-04
-1.1138848607286335e-04
-1.1078138846800673e-04
-1.1019080720831354e-04
-1.0961774686891883e-04
-1.0906375454382638e-04
-1.0852906289817700e-04
-1.0800920377640481e-04
-1.0750308753088370e-04
-1.0701752764779702e-04
-1.0655286014417686e-04
-1.0610909414044499e-04
-1.0568502146115855e-04
-1.0527864730561523e-04
-1.0489197375329353e-04
-1.0452875034284236e-04
-1.0418825926947053e-04
-1.0387170260903891e-04
-1.0358050621324863e-04
-1.0331002338973675e-04
-1.0306408457420945e-04
-1.0284410919885443e-04
-1.0265217602144520e-04
-1.0248918006141114e-04
-1.0235575118025400e-04
-1.0224672410641912e-04
0.0000000000000000e+00
1.6551998886641124e+03
3.6255606456392900e+02
7.0720968464683086e+04
];
