%Vec Object:sol 1 MPI processes
%  type: mpi
sol = [
0.0000000000000000e+00
-1.7631066954539924e-04
-1.7506200045452446e-04
-1.7381476246433765e-04
-1.7259783381711971e-04
-1.7143519100011617e-04
-1.7027562427231169e-04
-1.6917063777377583e-04
-1.6808037105892309e-04
-1.6699790583970747e-04
-1.6596125846448748e-04
-1.6492637008351448e-04
-1.6393493670627520e-04
-1.6296712927503127e-04
-1.6200093884816518e-04
-1.6106310130290750e-04
-1.6013438127121459e-04
-1.5923486027169913e-04
-1.5836344706750952e-04
-1.5749953350566263e-04
-1.5664345575134539e-04
-1.5580422797149420e-04
-1.5498067529799058e-04
-1.5418478382304385e-04
-1.5339847449749206e-04
-1.5262631484215907e-04
-1.5186271881275561e-04
-1.5110407037987892e-04
-1.5036853607330213e-04
-1.4965279436523660e-04
-1.4894355410626073e-04
-1.4824460139965272e-04
-1.4755217151000706e-04
-1.4686855704971552e-04
-1.4620472111130382e-04
-1.4555440861143296e-04
-1.4491349899357084e-04
-1.4427530586962812e-04
-1.4364536746870802e-04
-1.4302495751380528e-04
-1.4242130116479544e-04
-1.4182949798787864e-04
-1.4124600056470294e-04
-1.4065999983979715e-04
-1.4008629506868613e-04
-1.3952000710196270e-04
-1.3896828119215843e-04
-1.3842947557189106e-04
-1.3789237732300991e-04
-1.3735558854381181e-04
-1.3683204653072614e-04
-1.3631436623498335e-04
-1.3580856260839435e-04
-1.3531514983040728e-04
-1.3482276014787587e-04
-1.3433006984984162e-04
-1.3384936593472416e-04
-1.3337910683548351e-04
-1.3291494189068058e-04
-1.3246210073956320e-04
-1.3201068725513665e-04
-1.3156035913382123e-04
-1.3111921353425453e-04
-1.3068877467784046e-04
-1.3026823751981714e-04
-1.2985335846194213e-04
-1.2943688958741989e-04
-1.2902787084508938e-04
-1.2862706530224330e-04
-1.2823351682965387e-04
-1.2784984439114633e-04
-1.2747566369944858e-04
-1.2709507766937552e-04
-1.2672242508921338e-04
-1.2635940422410166e-04
-1.2600583221829696e-04
-1.2565945208908529e-04
-1.2531826652632810e-04
-1.2497585922770498e-04
-1.2464280328194013e-04
-1.2431752424623064e-04
-1.2399985310722323e-04
-1.2369139814890536e-04
-1.2338675931809911e-04
-1.2308341495788862e-04
-1.2278700998462656e-04
-1.2249988877203411e-04
-1.2222197778247052e-04
-1.2195321859917091e-04
-1.2168424168314548e-04
-1.2141933669031621e-04
-1.2116383269473253e-04
-1.2091770372076818e-04
-1.2068093155517633e-04
-1.2045183292562423e-04
-1.2022133552639772e-04
-1.1999920614747630e-04
-1.1978678018819867e-04
-1.1958407954971703e-04
0.0000000000000000e+00
1.4920384810218675e+03
3.6295486867788043e+02
7.2925350558628823e+04
];
