%Vec Object:sol 1 MPI processes
%  type: mpi
sol = [
0.0000000000000000e+00
-1.8106164469949333e-04
-1.7974250061449180e-04
-1.7844757930834696e-04
-1.7716338349741119e-04
-1.7593621761504140e-04
-1.7471312440883960e-04
-1.7354727885990177e-04
-1.7240507965094221e-04
-1.7126913497771579e-04
-1.7017642625902522e-04
-1.6908626756885237e-04
-1.6804166772577497e-04
-1.6702212008587873e-04
-1.6600955059765647e-04
-1.6502252708774332e-04
-1.6404551076945151e-04
-1.6309918907217257e-04
-1.6218240143473986e-04
-1.6127198858306710e-04
-1.6037196208903203e-04
-1.5949032897758959e-04
-1.5862533119439704e-04
-1.5778929316898521e-04
-1.5696357372192008e-04
-1.5614464258674395e-04
-1.5534360258725151e-04
-1.5454806157085601e-04
-1.5377670583565723e-04
-1.5302609638419780e-04
-1.5227878382072138e-04
-1.5153678127062176e-04
-1.5081174841927853e-04
-1.5009611177400109e-04
-1.4940113336625057e-04
-1.4872036661566626e-04
-1.4803593155310690e-04
-1.4736441725203447e-04
-1.4670600481600987e-04
-1.4605765187785749e-04
-1.4542677256993068e-04
-1.4480496962728591e-04
-1.4417704818140334e-04
-1.4356557001592475e-04
-1.4296697617717426e-04
-1.4237621537342994e-04
-1.4180061709329013e-04
-1.4122700367033247e-04
-1.4065346911801995e-04
-1.4009437501604161e-04
-1.3954905555711979e-04
-1.3900992677461343e-04
-1.3848125560384923e-04
-1.3795086052514427e-04
-1.3742907602097234e-04
-1.3691687879335601e-04
-1.3641711929257932e-04
-1.3592821103738657e-04
-1.3543678468985767e-04
-1.3495048288015042e-04
-1.3447583852332231e-04
-1.3400852760030033e-04
-1.3355074377482962e-04
-1.3310389513238006e-04
-1.3265257182083366e-04
-1.3220743879850322e-04
-1.3177320314644055e-04
-1.3134956238660531e-04
-1.3093442568741664e-04
-1.3052038763862727e-04
-1.3010887771903434e-04
-1.2970761224338965e-04
-1.2931406689063122e-04
-1.2892881709611722e-04
-1.2855349909834539e-04
-1.2817577532686015e-04
-1.2780423579984606e-04
-1.2744112607038577e-04
-1.2708779021759414e-04
-1.2674407943128122e-04
-1.2640398541835144e-04
-1.2606318805677473e-04
-1.2573210745226975e-04
-1.2541062941514168e-04
-1.2509823110436332e-04
-1.2479296703849253e-04
-1.2448731860643881e-04
-1.2418867545576102e-04
-1.2389963735457787e-04
-1.2361866301104841e-04
-1.2334641127508209e-04
-1.2308067476564290e-04
-1.2281564614493372e-04
-1.2256039450043120e-04
-1.2231319597947351e-04
-1.2207554003638741e-04
-1.2184778098545074e-04
-1.2162122938239092e-04
-1.2140176017473610e-04
0.0000000000000000e+00
1.5158443681713716e+03
3.6295486867788043e+02
7.2925350558628823e+04
];
