%Vec Object:sol 1 MPI processes
%  type: mpi
sol = [
0.0000000000000000e+00
-8.7266851796627800e-04
-8.0609620830715751e-04
-7.2088953898872762e-04
-6.3169043863528387e-04
-5.6369424494107524e-04
-5.0785190941793638e-04
-4.6186188958582361e-04
-4.1951271938658722e-04
-3.7835463127930630e-04
-1.6349009126711615e-04
-1.8644145445702849e-04
-1.8560963323168108e-04
-1.8304304563821042e-04
-1.8044558225014927e-04
-1.7786928796670098e-04
-1.7527666874675614e-04
-1.7268681009248435e-04
-1.7011380132744394e-04
-1.6753334367559017e-04
-1.6496243177701819e-04
-1.6235129101725733e-04
-1.5955409227460564e-04
-1.5592347198426643e-04
-1.4940078484532870e-04
-1.3738610648182569e-04
-1.2229376384031689e-04
-1.0946341670558782e-04
-1.0029817057528024e-04
-9.4243941386820465e-05
-9.0503518455359994e-05
-8.8318457845738783e-05
-8.7132243448419835e-05
-8.6558181094723778e-05
-8.6313250485752676e-05
-8.6287460901797097e-05
-8.6377360092621577e-05
-8.6513094372080059e-05
-8.6685514231471574e-05
-8.6868273432738483e-05
-8.7032928249179483e-05
-8.7187936947888392e-05
-8.7325019591438574e-05
-8.7434772107021564e-05
-8.7521644106214319e-05
-8.7581907736875088e-05
-8.7612114974069979e-05
-8.7617312911043239e-05
-8.7596174049756019e-05
-8.7549102250929076e-05
-8.7472667872711391e-05
-8.7373399493903824e-05
-8.7251258680194448e-05
-8.7101307799596973e-05
-8.6929452529002207e-05
-8.6736166021007845e-05
-8.6520328203432061e-05
-8.6280522421995699e-05
-8.6021326519006205e-05
-8.5743625923656163e-05
-8.5441209102987405e-05
-8.5127156223631240e-05
-8.4795271845400063e-05
-8.4442558597656644e-05
-8.4072829769778567e-05
-8.3690086074830023e-05
-8.3292531291296264e-05
-8.2877501211195444e-05
-8.2447116329778430e-05
-8.2005163723298047e-05
-8.1549489885522679e-05
-8.1075194430785402e-05
-8.0593777908441526e-05
-8.0102730881886805e-05
-7.9594755063203067e-05
-7.9074594516358217e-05
-7.8545058605514756e-05
-7.8003408361506900e-05
-7.7447540829124627e-05
-7.6879175797921990e-05
-7.6302578607072643e-05
-7.5714347402354809e-05
-7.5113273359321206e-05
-7.4498039716644596e-05
-7.3871705011075667e-05
-7.3233962164407672e-05
-7.2581542696400448e-05
-7.1913503701617933e-05
-7.1228725207214704e-05
-7.0532547756233663e-05
-6.9820317263935710e-05
-6.9088252804968840e-05
-6.8336741294388725e-05
-6.7566240831777558e-05
-6.6772441899693192e-05
-6.5954258151809417e-05
-6.5109852968057489e-05
-6.4233744391718574e-05
-6.3327890633032573e-05
0.0000000000000000e+00
1.7274187185847163e+03
3.5639145400443840e+02
4.6574717411023135e+04
];
