%Vec Object:sol 1 MPI processes
%  type: mpi
sol = [
0.0000000000000000e+00
-1.7251569821278911e-04
-1.7129759791723360e-04
-1.7010514015029161e-04
-1.6894625124059601e-04
-1.6783936748596904e-04
-1.6673471596260372e-04
-1.6565836218548300e-04
-1.6459963936645475e-04
-1.6356796979028452e-04
-1.6258022250312457e-04
-1.6159349084387167e-04
-1.6064783443487648e-04
-1.5969961282457450e-04
-1.5876902342679418e-04
-1.5787450765652076e-04
-1.5698828417442316e-04
-1.5612995485235476e-04
-1.5529526904049237e-04
-1.5444689695671813e-04
-1.5362890242311272e-04
-1.5282733514381940e-04
-1.5204055920751462e-04
-1.5128029571024218e-04
-1.5052429368985826e-04
-1.4977027688018430e-04
-1.4904016230347456e-04
-1.4831444313468040e-04
-1.4761087459133642e-04
-1.4692623163528961e-04
-1.4624234331501583e-04
-1.4556383429465783e-04
-1.4490074663343417e-04
-1.4424590634177860e-04
-1.4361004069587491e-04
-1.4298705043636921e-04
-1.4236768267813902e-04
-1.4175164179564779e-04
-1.4114748811470176e-04
-1.4055234413158866e-04
-1.3997328675461733e-04
-1.3940553510586841e-04
-1.3884090719093039e-04
-1.3827805677639877e-04
-1.3772700553062661e-04
-1.3718295539477457e-04
-1.3665290697536863e-04
-1.3613526402101882e-04
-1.3561834805785438e-04
-1.3510200048189722e-04
-1.3459840292887596e-04
-1.3410033337962315e-04
-1.3361368749806714e-04
-1.3313897711194193e-04
-1.3266793005979480e-04
-1.3219330786870282e-04
-1.3173024696117445e-04
-1.3127724474594488e-04
-1.3083004534174145e-04
-1.3039377773448908e-04
-1.2996476162500397e-04
-1.2953039059894418e-04
-1.2910487300886046e-04
-1.2868970853252505e-04
-1.2828411420808209e-04
-1.2788393563525669e-04
-1.2749088177069066e-04
-1.2709593159982653e-04
-1.2670891928296947e-04
-1.2632891152971614e-04
-1.2595848067617447e-04
-1.2559741020001355e-04
-1.2524089387288173e-04
-1.2488064708033529e-04
-1.2452975906143617e-04
-1.2418805533677375e-04
-1.2385332652842108e-04
-1.2352629243298348e-04
-1.2320607646332628e-04
-1.2288386326310454e-04
-1.2256921837271355e-04
-1.2226197926588572e-04
-1.2196372770912313e-04
-1.2167436725239844e-04
-1.2139124018526870e-04
-1.2110432530569263e-04
-1.2082648157361794e-04
-1.2055763981687578e-04
-1.2029774551972701e-04
-1.2004532918737009e-04
-1.1979861216838075e-04
-1.1955129412873070e-04
-1.1931315606448611e-04
-1.1908418189787465e-04
-1.1886272510044662e-04
-1.1865022711385539e-04
-1.1844404546004318e-04
-1.1823858759153169e-04
-1.1804267332786504e-04
0.0000000000000000e+00
1.4728037644333165e+03
3.6295486867788043e+02
7.2925350558628823e+04
];
