%Vec Object:sol 1 MPI processes
%  type: mpi
sol = [
0.0000000000000000e+00
-1.6625790433047954e-04
-1.6511936363026666e-04
-1.6400190614691276e-04
-1.6291558762063555e-04
-1.6187809663658430e-04
-1.6084183758420672e-04
-1.5985483562666917e-04
-1.5886790686183531e-04
-1.5789836283035993e-04
-1.5697015423953898e-04
-1.5604224516849996e-04
-1.5515358799296313e-04
-1.5428575476761390e-04
-1.5342263443142521e-04
-1.5257970508065122e-04
-1.5174418965275860e-04
-1.5093489476462280e-04
-1.5015086262264190e-04
-1.4937280415579089e-04
-1.4861988906675764e-04
-1.4786222404502463e-04
-1.4711834597093214e-04
-1.4639952683271276e-04
-1.4568886611264918e-04
-1.4499636033125796e-04
-1.4432596741474358e-04
-1.4364262077733294e-04
-1.4297550433476557e-04
-1.4232628619785742e-04
-1.4168251360211013e-04
-1.4105827830176421e-04
-1.4044816133263404e-04
-1.3983750590194338e-04
-1.3923285419497765e-04
-1.3864037732717888e-04
-1.3805621848632290e-04
-1.3748840680623980e-04
-1.3693143654452679e-04
-1.3638258594146513e-04
-1.3583045639881195e-04
-1.3528899389585072e-04
-1.3475514647173602e-04
-1.3423538121422348e-04
-1.3372647346763603e-04
-1.3322381695268234e-04
-1.3272420590634698e-04
-1.3222913768696836e-04
-1.3173895859649876e-04
-1.3126121779712295e-04
-1.3079533773884602e-04
-1.3033436980866057e-04
-1.2988145548818792e-04
-1.2942618776634778e-04
-1.2897813571074817e-04
-1.2853822102903176e-04
-1.2810909602283370e-04
-1.2768932513482854e-04
-1.2727481248038961e-04
-1.2685933148428091e-04
-1.2644991670258428e-04
-1.2604670126558615e-04
-1.2565172874818108e-04
-1.2526645951712904e-04
-1.2489014961485133e-04
-1.2451425875545472e-04
-1.2413793058303714e-04
-1.2377093790827369e-04
-1.2341136546131489e-04
-1.2305832005133640e-04
-1.2271429742780838e-04
-1.2237909730446420e-04
-1.2203803384079181e-04
-1.2170293975983657e-04
-1.2137669202356210e-04
-1.2105913172487040e-04
-1.2074813060221871e-04
-1.2044439238653063e-04
-1.2014255155918522e-04
-1.1984284671303879e-04
-1.1955030527436302e-04
-1.1926477707350185e-04
-1.1898780075307834e-04
-1.1871929099241849e-04
-1.1845710552377064e-04
-1.1819039142664794e-04
-1.1793234031214773e-04
-1.1768289297975925e-04
-1.1744200428711820e-04
-1.1720825797716782e-04
-1.1698228357393134e-04
-1.1675545691353286e-04
-1.1653489405655295e-04
-1.1632313614212374e-04
-1.1611859416225416e-04
-1.1592267147044623e-04
-1.1573571579631351e-04
-1.1555215581544127e-04
-1.1537175855764819e-04
0.0000000000000000e+00
1.4400532107771617e+03
3.6295486867788043e+02
7.2925350558628823e+04
];
