%Vec Object:sol 1 MPI processes
%  type: mpi
sol = [
0.0000000000000000e+00
-1.7753359858025295e-04
-1.7624430853985218e-04
-1.7498258672771233e-04
-1.7375661741746116e-04
-1.7258543458134127e-04
-1.7141739025017627e-04
-1.7028828445924044e-04
-1.6916980836754748e-04
-1.6808013110212658e-04
-1.6703666171279926e-04
-1.6599497661860620e-04
-1.6499634101601332e-04
-1.6399622791990975e-04
-1.6301504087290407e-04
-1.6207177791084708e-04
-1.6113769382731648e-04
-1.6023302815681227e-04
-1.5934586736181285e-04
-1.5845304885522563e-04
-1.5759213646044667e-04
-1.5674869607066973e-04
-1.5592102393716456e-04
-1.5512119725540364e-04
-1.5431244386872634e-04
-1.5352046029891650e-04
-1.5275356567276570e-04
-1.5199161804008583e-04
-1.5125292010620701e-04
-1.5053061184518618e-04
-1.4979735654489099e-04
-1.4908620435759279e-04
-1.4839129099834578e-04
-1.4770521038623985e-04
-1.4703900576653039e-04
-1.4637674495926548e-04
-1.4571402588957057e-04
-1.4506975659900199e-04
-1.4443800307422969e-04
-1.4381579310155548e-04
-1.4321040248801371e-04
-1.4260227795777645e-04
-1.4199906702721217e-04
-1.4141169199268197e-04
-1.4083667341818453e-04
-1.4026906543727495e-04
-1.3971482921566666e-04
-1.3915735735888453e-04
-1.3860577075111265e-04
-1.3806810372536056e-04
-1.3754371213913001e-04
-1.3702516225951562e-04
-1.3651282296012104e-04
-1.3600221009729956e-04
-1.3549983248217022e-04
-1.3500665461500667e-04
-1.3452548133073051e-04
-1.3405476238887020e-04
-1.3358058906404833e-04
-1.3311184171340050e-04
-1.3265435730557950e-04
-1.3220389452358599e-04
-1.3176261093121141e-04
-1.3133202870399177e-04
-1.3089847314987535e-04
-1.3046883958481691e-04
-1.3004975137314364e-04
-1.2964091752511587e-04
-1.2924028867906294e-04
-1.2884510329417851e-04
-1.2844751741363837e-04
-1.2805985927674804e-04
-1.2767965131210259e-04
-1.2730746195059657e-04
-1.2694490418061009e-04
-1.2658651731014934e-04
-1.2622719140335787e-04
-1.2587603198595655e-04
-1.2553436438593609e-04
-1.2520204615456290e-04
-1.2487749516902668e-04
-1.2455198602204996e-04
-1.2423146522299634e-04
-1.2392029135060650e-04
-1.2361795510075539e-04
-1.2332254726255530e-04
-1.2303650939318999e-04
-1.2274778605413192e-04
-1.2246778880876613e-04
-1.2219564874951496e-04
-1.2193201520948146e-04
-1.2167778004615184e-04
-1.2142999380938584e-04
-1.2118256815426050e-04
-1.2094300171515842e-04
-1.2071276274302866e-04
-1.2049220258503491e-04
-1.2028133833914543e-04
-1.2007358748719980e-04
0.0000000000000000e+00
1.4982167562940544e+03
3.6295486867788043e+02
7.2925350558628823e+04
];
