%Vec Object:sol 1 MPI processes
%  type: mpi
sol = [
0.0000000000000000e+00
-1.6427193284392670e-10
-1.8425499166652779e-10
-1.1391388944152056e-03
-9.9366266545651322e-04
-8.8644562774123315e-04
-7.9589539149699034e-04
-7.1941829545537901e-04
-6.4955411713816635e-04
-5.8722220087233535e-04
-5.2589031052784042e-04
-4.6512194884428248e-04
-4.0332703157221840e-04
-3.3821329973175327e-04
-2.7545857232321439e-04
-2.1209961651056942e-04
-1.5870848182550305e-04
-1.1170540901470157e-04
-7.8839802894580406e-05
-5.5415024515476370e-05
-4.2861708041166925e-05
-3.7005429983916246e-05
-3.6253170563357993e-05
-3.8242291482563066e-05
-4.1510742399554356e-05
-4.5167465752628098e-05
-4.8613782437634523e-05
-5.1556328738025448e-05
-5.4034854558378174e-05
-5.5850674133066016e-05
-5.7277444623472433e-05
-5.8223110226465536e-05
-5.8842895501755232e-05
-5.9222054801738244e-05
-5.9351555332721372e-05
-5.9339647935209455e-05
-5.9208054501316911e-05
-5.8964516519950658e-05
-5.8658948382252098e-05
-5.8308256520727048e-05
-5.7905185148252953e-05
-5.7475655404971920e-05
-5.7021731945219165e-05
-5.6550889883117097e-05
-5.6070509771488487e-05
-5.5564628965617218e-05
-5.5053788518356081e-05
-5.4537070982301908e-05
-5.4016771557618515e-05
-5.3470130099819198e-05
-5.2923019622621983e-05
-5.2374572018039926e-05
-5.1819172331458727e-05
-5.1241740153353991e-05
-5.0653882570076881e-05
-5.0068667921604441e-05
-4.9467948985944656e-05
-4.8850146151451877e-05
-4.8226939086627006e-05
-4.7586431529198911e-05
-4.6921261935615965e-05
-4.6258592075584534e-05
-4.5581834188280148e-05
-4.4881884593174209e-05
-4.4162118051097409e-05
-4.3433412394192155e-05
-4.2685422649469698e-05
-4.1910121541239079e-05
-4.1112894546806240e-05
-4.0296399411891461e-05
-3.9446754719450226e-05
-3.8554618816767634e-05
-3.7631553866340710e-05
-3.6661695953883139e-05
-3.5612749425290702e-05
-3.4464332175262368e-05
-3.3180481505066834e-05
2.0857224493375302e-03
9.1784562773816270e-04
-5.8975986558804509e-05
-6.1464548153027993e-05
-6.2932901600036952e-05
-6.3637213506091131e-05
-6.3764680296500036e-05
-6.3472260622254766e-05
-6.2888523988474977e-05
-6.2120761614169323e-05
-6.1258667444554583e-05
-6.0369808958342978e-05
-5.9506747583806704e-05
-5.8688839381243722e-05
-5.7919238722807315e-05
-5.7187248655221881e-05
-5.6475341100776406e-05
-5.5757878208976997e-05
-5.5013519210603124e-05
-5.4226695053196929e-05
-5.3380092393712033e-05
-5.2465626965086022e-05
0.0000000000000000e+00
1.9412002496773375e+03
3.2190330348608421e+02
1.3010446096472966e+04
];
