%Vec Object:sol 1 MPI processes
%  type: mpi
sol = [
0.0000000000000000e+00
-1.9033522839018621e-04
-1.8885373250751729e-04
-1.8740445772777421e-04
-1.8599634123187355e-04
-1.8462574133727900e-04
-1.8325459414949395e-04
-1.8194607093533760e-04
-1.8066435071136647e-04
-1.7941561717451493e-04
-1.7819203399146858e-04
-1.7697080114495377e-04
-1.7579935708687458e-04
-1.7465586794626880e-04
-1.7353321565138067e-04
-1.7242754882737255e-04
-1.7133374790015714e-04
-1.7027366461735391e-04
-1.6924599890944433e-04
-1.6822573570474215e-04
-1.6721887074077536e-04
-1.6623251259177465e-04
-1.6526477372571786e-04
-1.6432861301841618e-04
-1.6340152369347200e-04
-1.6247767477439219e-04
-1.6158226273790843e-04
-1.6069355919820890e-04
-1.5983121901026412e-04
-1.5898920462064744e-04
-1.5813633258590962e-04
-1.5730845697852465e-04
-1.5649923164836330e-04
-1.5570068062164421e-04
-1.5492323200380051e-04
-1.5414262291842782e-04
-1.5337373232206927e-04
-1.5262569640391721e-04
-1.5189213008955722e-04
-1.5116980306704224e-04
-1.5044750346693246e-04
-1.4973932361099295e-04
-1.4904170959091130e-04
-1.4836198364623490e-04
-1.4769642416528385e-04
-1.4702336672802640e-04
-1.4636552634550873e-04
-1.4572282593941092e-04
-1.4508730222341740e-04
-1.4446753764798894e-04
-1.4384925277620373e-04
-1.4323485117863536e-04
-1.4263435626667232e-04
-1.4204829265320197e-04
-1.4147185877356994e-04
-1.4089539488153775e-04
-1.4032722828903119e-04
-1.3977133915290535e-04
-1.3922307713533803e-04
-1.3868800963144268e-04
-1.3815793387756255e-04
-1.3762867584567114e-04
-1.3711028226144175e-04
-1.3660437422453604e-04
-1.3611004359276896e-04
-1.3561786767396977e-04
-1.3512804901996055e-04
-1.3465018191438269e-04
-1.3418205768888695e-04
-1.3372269880627464e-04
-1.3327257896391545e-04
-1.3282207949765146e-04
-1.3238049184873411e-04
-1.3194842703877517e-04
-1.3152757550180920e-04
-1.3111776762252065e-04
-1.3070348361122233e-04
-1.3029850747360669e-04
-1.2990456028664992e-04
-1.2952147878810271e-04
-1.2914759662166207e-04
-1.2877265920061148e-04
-1.2840584040535121e-04
-1.2804984462195433e-04
-1.2770413009058964e-04
-1.2736668394523173e-04
-1.2703266065433041e-04
-1.2670439137149400e-04
-1.2638692629682498e-04
-1.2607867313451347e-04
-1.2578029758308237e-04
-1.2548791719388725e-04
-1.2519930816501390e-04
-1.2492165754763513e-04
-1.2465317049445681e-04
-1.2439539933627828e-04
-1.2414605434512221e-04
-1.2389892845863978e-04
-1.2366306924541822e-04
0.0000000000000000e+00
1.5611038026764543e+03
3.6295486867788043e+02
7.2925350558628823e+04
];
