%Vec Object:sol 1 MPI processes
%  type: mpi
sol = [
0.0000000000000000e+00
-1.9654992725981837e-04
-1.9492036121186691e-04
-1.9332535835240149e-04
-1.9175507580921971e-04
-1.9023774319200083e-04
-1.8872770389138119e-04
-1.8728361454976085e-04
-1.8586721740351705e-04
-1.8445745791734164e-04
-1.8310301181327868e-04
-1.8175366798401762e-04
-1.8045662908240911e-04
-1.7917789775965056e-04
-1.7790683108757609e-04
-1.7668099282371405e-04
-1.7546805294438864e-04
-1.7429057674076600e-04
-1.7312828520304048e-04
-1.7197080715398937e-04
-1.7085125432417402e-04
-1.6975343555126365e-04
-1.6867480518661563e-04
-1.6760627070793862e-04
-1.6655120068795196e-04
-1.6552140987438561e-04
-1.6452144288965116e-04
-1.6352312443230528e-04
-1.6253640830208817e-04
-1.6157419358324958e-04
-1.6062167238789217e-04
-1.5969540154421935e-04
-1.5877934387915270e-04
-1.5786396748800714e-04
-1.5697280035141108e-04
-1.5609887846917858e-04
-1.5523762947650176e-04
-1.5438643427493666e-04
-1.5354357006547604e-04
-1.5271344269883813e-04
-1.5190394565926731e-04
-1.5110967076022153e-04
-1.5031360918175480e-04
-1.4953199500536418e-04
-1.4876606910503584e-04
-1.4801046144830035e-04
-1.4727294472833993e-04
-1.4653778122226502e-04
-1.4580790669257353e-04
-1.4509534954013778e-04
-1.4439939778857451e-04
-1.4371204529977237e-04
-1.4302595168769509e-04
-1.4235345570907812e-04
-1.4169213413567889e-04
-1.4104302528809943e-04
-1.4040913407540042e-04
-1.3977553415278819e-04
-1.3914902191945863e-04
-1.3853737023322826e-04
-1.3794014710578466e-04
-1.3735284051657361e-04
-1.3676548194809299e-04
-1.3618998051946463e-04
-1.3562781339844827e-04
-1.3507445004953909e-04
-1.3453479520246977e-04
-1.3399754325407916e-04
-1.3346894242643136e-04
-1.3295088431325896e-04
-1.3244616083213704e-04
-1.3195453614671987e-04
-1.3146387823082784e-04
-1.3098088187603446e-04
-1.3051098664076588e-04
-1.3005400582648803e-04
-1.2960755829253954e-04
-1.2916449203192781e-04
-1.2872965427815391e-04
-1.2830765739279656e-04
-1.2789684740787606e-04
-1.2749705832682274e-04
-1.2710369606860181e-04
-1.2671730950381151e-04
-1.2634325724842106e-04
-1.2597954833905371e-04
-1.2562865918019803e-04
-1.2528582792491736e-04
-1.2494885487533130e-04
-1.2462321525238444e-04
-1.2430959477878649e-04
-1.2400892981880184e-04
-1.2371802278506348e-04
-1.2343204474111387e-04
-1.2315741427512618e-04
-1.2289566436823570e-04
-1.2264716147117048e-04
-1.2241011033073355e-04
-1.2217730904231028e-04
0.0000000000000000e+00
1.5905986961877327e+03
3.6295486867788043e+02
7.2925350558628823e+04
];
