%Vec Object:sol 1 MPI processes
%  type: mpi
sol = [
0.0000000000000000e+00
-1.6772561668873602e-04
-1.6657481703069333e-04
-1.6544778947551899e-04
-1.6435222097350353e-04
-1.6330598590526987e-04
-1.6224846145445818e-04
-1.6122612013427763e-04
-1.6022375289865783e-04
-1.5924675111620416e-04
-1.5831147763587961e-04
-1.5737646078036111e-04
-1.5647328491435282e-04
-1.5557386755820865e-04
-1.5469089542022898e-04
-1.5384222287368284e-04
-1.5300098318386652e-04
-1.5218617784999169e-04
-1.5139431991194398e-04
-1.5058774145006100e-04
-1.4981008238078357e-04
-1.4904785391086828e-04
-1.4829948764472770e-04
-1.4757636826861407e-04
-1.4686142386420668e-04
-1.4614596174735046e-04
-1.4545037365043480e-04
-1.4475866395726012e-04
-1.4408806866841531e-04
-1.4343548007343481e-04
-1.4278832619836059e-04
-1.4214876391103771e-04
-1.4151562124683803e-04
-1.4089018138131309e-04
-1.4028287079863265e-04
-1.3968778268344038e-04
-1.3910102558087450e-04
-1.3852494133786481e-04
-1.3794685129597025e-04
-1.3737727675798832e-04
-1.3682310348591033e-04
-1.3627969784336239e-04
-1.3574391111840362e-04
-1.3522218156243897e-04
-1.3469400832448187e-04
-1.3417229895660947e-04
-1.3366402693682083e-04
-1.3316764920931284e-04
-1.3267613785207649e-04
-1.3219711129153352e-04
-1.3171874424440332e-04
-1.3124019221186133e-04
-1.3077262086619914e-04
-1.3031653521115364e-04
-1.2986766093399881e-04
-1.2942692945923324e-04
-1.2899147452230487e-04
-1.2855545164701748e-04
-1.2812498161482059e-04
-1.2770506222360451e-04
-1.2729532967452553e-04
-1.2689178224129633e-04
-1.2649603374737520e-04
-1.2609572978689737e-04
-1.2570468345384555e-04
-1.2531885149612098e-04
-1.2494262306405639e-04
-1.2457573770228089e-04
-1.2421626556059453e-04
-1.2385329157420930e-04
-1.2349553124106527e-04
-1.2314686001648585e-04
-1.2280493879089462e-04
-1.2247031976875435e-04
-1.2214454952289635e-04
-1.2182203073169968e-04
-1.2149826061120980e-04
-1.2118198447976381e-04
-1.2087447536585818e-04
-1.2057561087933518e-04
-1.2028389796590644e-04
-1.1999769217876959e-04
-1.1970883986771384e-04
-1.1942867677193174e-04
-1.1915672862338021e-04
-1.1889118671916847e-04
-1.1863430820725485e-04
-1.1838603420061452e-04
-1.1813587697579765e-04
-1.1789121326908617e-04
-1.1765451488776230e-04
-1.1742664299017935e-04
-1.1720758293001031e-04
-1.1699732725053344e-04
-1.1678698782216971e-04
-1.1658088678394765e-04
-1.1638393428558203e-04
-1.1619615620931095e-04
-1.1601758472367921e-04
0.0000000000000000e+00
1.4479265575993795e+03
3.6295486867788043e+02
7.2925350558628823e+04
];
