%Vec Object:sol 1 MPI processes
%  type: mpi
sol = [
0.0000000000000000e+00
-1.7540837276195992e-04
-1.7416721540470511e-04
-1.7295228982217823e-04
-1.7174463423730849e-04
-1.7058843964972654e-04
-1.6943527425545841e-04
-1.6833632551896299e-04
-1.6725932303463103e-04
-1.6620208345564485e-04
-1.6517059897068806e-04
-1.6414085341697357e-04
-1.6315429374780385e-04
-1.6219121308295320e-04
-1.6124611775254839e-04
-1.6032257937210039e-04
-1.5939795607753648e-04
-1.5850236452369412e-04
-1.5763472116985954e-04
-1.5677448742419428e-04
-1.5594515790058963e-04
-1.5511207546234018e-04
-1.5429164902147247e-04
-1.5349874145811812e-04
-1.5271537695827895e-04
-1.5195213404294920e-04
-1.5121068619752381e-04
-1.5045451288931837e-04
-1.4972134995030871e-04
-1.4900789468386675e-04
-1.4830092860328202e-04
-1.4761535173898481e-04
-1.4693880312567411e-04
-1.4625704587465212e-04
-1.4559499084967916e-04
-1.4494641632245109e-04
-1.4430722326382611e-04
-1.4368587985089481e-04
-1.4306680067104058e-04
-1.4244775224811978e-04
-1.4184540451549714e-04
-1.4125488224905333e-04
-1.4067287205538596e-04
-1.4010618567691246e-04
-1.3953920032731072e-04
-1.3897382114088261e-04
-1.3842296866564135e-04
-1.3788500906019245e-04
-1.3735257937023772e-04
-1.3683362836981259e-04
-1.3631338366425891e-04
-1.3579623049041553e-04
-1.3529093747887257e-04
-1.3479801617536963e-04
-1.3431298876001206e-04
-1.3383682580507151e-04
-1.3335657396610311e-04
-1.3288654000485605e-04
-1.3242261526037416e-04
-1.3197000189338261e-04
-1.3152830578838049e-04
-1.3109137436758555e-04
-1.3065023852894991e-04
-1.3021980115079774e-04
-1.2979925983280783e-04
-1.2938438971702327e-04
-1.2897975633793964e-04
-1.2858114896712914e-04
-1.2818013573908936e-04
-1.2778638778579025e-04
-1.2740251095100504e-04
-1.2702827954762857e-04
-1.2666124861497401e-04
-1.2629623619534941e-04
-1.2593276941241370e-04
-1.2557875178282818e-04
-1.2523193611448330e-04
-1.2489304856890562e-04
-1.2456340583356072e-04
-1.2423535480393110e-04
-1.2390941286781842e-04
-1.2359109049883229e-04
-1.2328198828324838e-04
-1.2298200409896208e-04
-1.2269063772717392e-04
-1.2239669069120961e-04
-1.2210871715591102e-04
-1.2182996122437553e-04
-1.2156036389281369e-04
-1.2129843094399794e-04
-1.2104480938327221e-04
-1.2078918037439722e-04
-1.2054200633764995e-04
-1.2030419145046624e-04
-1.2007406227979405e-04
-1.1985307617332330e-04
-1.1964000260330008e-04
-1.1942639359608355e-04
-1.1922250786381307e-04
0.0000000000000000e+00
1.4874865612380770e+03
3.6295486867788043e+02
7.2925350558628823e+04
];
