%Vec Object:sol 1 MPI processes
%  type: mpi
sol = [
0.0000000000000000e+00
-1.7422646194920915e-04
-1.7299520597295016e-04
-1.7178990641472110e-04
-1.7061858869472891e-04
-1.6947981718769308e-04
-1.6833511123419078e-04
-1.6724414584392476e-04
-1.6617492001933231e-04
-1.6513305100460980e-04
-1.6413562666490629e-04
-1.6311314082654093e-04
-1.6213301803258558e-04
-1.6117618122101865e-04
-1.6023717987959806e-04
-1.5933463430893821e-04
-1.5843510990864307e-04
-1.5754472748961970e-04
-1.5668208505459211e-04
-1.5582680099052201e-04
-1.5500219256171416e-04
-1.5419415246781736e-04
-1.5339167753955111e-04
-1.5260277852160366e-04
-1.5182336979227429e-04
-1.5106395185243604e-04
-1.5032864914329825e-04
-1.4959774376102329e-04
-1.4887708511090276e-04
-1.4816666763035939e-04
-1.4746272133560649e-04
-1.4678003969223222e-04
-1.4611289232266294e-04
-1.4545403114660382e-04
-1.4480034683011874e-04
-1.4415403981853249e-04
-1.4351708601983141e-04
-1.4289789449382912e-04
-1.4229065900464927e-04
-1.4169247433800904e-04
-1.4109532565777390e-04
-1.4050642808486352e-04
-1.3992602944562770e-04
-1.3936089535411783e-04
-1.3880762419670999e-04
-1.3826137001604451e-04
-1.3771323397946883e-04
-1.3717634783356881e-04
-1.3664500527102371e-04
-1.3612710082369867e-04
-1.3562201118621486e-04
-1.3512232652560560e-04
-1.3461793373746914e-04
-1.3412568209520366e-04
-1.3364131982151705e-04
-1.3316579938117383e-04
-1.3270188196227344e-04
-1.3224688796796330e-04
-1.3178327810081032e-04
-1.3133095679742181e-04
-1.3088953216036094e-04
-1.3045484324898212e-04
-1.3002901652222915e-04
-1.2961133045252173e-04
-1.2919071836652604e-04
-1.2877579508791605e-04
-1.2837109713410017e-04
-1.2797634286477132e-04
-1.2758952234643241e-04
-1.2720647213362399e-04
-1.2682222136568206e-04
-1.2644761217403224e-04
-1.2608021333755898e-04
-1.2572058798823079e-04
-1.2537032704770218e-04
-1.2502505876480920e-04
-1.2467759422256150e-04
-1.2433806622126896e-04
-1.2400778265158035e-04
-1.2368660781283302e-04
-1.2337298905533913e-04
-1.2306153712701907e-04
-1.2275153332454289e-04
-1.2245065019997253e-04
-1.2215838917911304e-04
-1.2187287349254900e-04
-1.2159642856334061e-04
-1.2132260707794423e-04
-1.2105186370287261e-04
-1.2078879621287235e-04
-1.2053404873606939e-04
-1.2028850409883375e-04
-1.2005214061689052e-04
-1.1981721685621320e-04
-1.1958573438154157e-04
-1.1936340341641377e-04
-1.1915057339941509e-04
-1.1894726367418802e-04
-1.1875349453214595e-04
0.0000000000000000e+00
1.4815254657963073e+03
3.6295486867788043e+02
7.2925350558628823e+04
];
