%Vec Object:sol 1 MPI processes
%  type: mpi
sol = [
0.0000000000000000e+00
-9.4091875386211803e-04
-8.8056483997209310e-04
-7.9376398082303776e-04
-6.9493267690051643e-04
-6.1939560965474825e-04
-5.5560714772770936e-04
-5.0318207687090279e-04
-4.5631530145633504e-04
-4.1513142912135526e-04
-3.7429781781169396e-04
-3.3313721036331786e-04
-2.9088280919591477e-04
-2.4595623668615378e-04
-2.0270350266448080e-04
-1.6029268932690066e-04
-1.2820747922947547e-04
-1.0431840725618101e-04
-8.9303245318077940e-05
-7.8729933140673873e-05
-7.3015465944395526e-05
-7.0304144870232221e-05
-6.9803479460970352e-05
-7.0544638382778884e-05
-7.1880682413147688e-05
-7.3467438957233348e-05
-7.5040435364847200e-05
-7.6416857109891167e-05
-7.7634646573849836e-05
-7.8547074930694074e-05
-7.9280237814326242e-05
-7.9776295607810423e-05
-8.0099996365741669e-05
-8.0297814365690477e-05
-8.0348506595920809e-05
-8.0319877283791267e-05
-8.0218409347643330e-05
-8.0043473474813941e-05
-7.9834587258369478e-05
-7.9598074911241631e-05
-7.9326940103416926e-05
-7.9046257960799668e-05
-7.8759571725187371e-05
-7.8466306287787563e-05
-7.8177662657587555e-05
-7.7894294000321900e-05
-7.7617394655867976e-05
-7.7354545621029265e-05
-7.7107474782107420e-05
-7.6875531365869381e-05
-7.6658355934870577e-05
-7.6463141173071107e-05
-7.6288672445814837e-05
-7.6128789187337510e-05
-7.5989512479530933e-05
-7.5870731252648268e-05
-7.5768385566469509e-05
-7.5679582206995483e-05
-7.5607536738258815e-05
-7.5549605156671632e-05
-7.5497226560850334e-05
-7.5462161569411689e-05
-7.5434677868485542e-05
-7.5408688603497960e-05
-7.5385445871228675e-05
-7.5366821465444654e-05
-7.5347631989464907e-05
-7.5322487527522091e-05
-7.5291335809548335e-05
-7.5255497816497968e-05
-7.5209954272066590e-05
-7.5147745767823964e-05
-7.5078509085907261e-05
-7.4997573386746951e-05
-7.4895507142858734e-05
-7.4775347776904824e-05
-7.4638477190044287e-05
-7.4480608149168738e-05
-7.4298097159709951e-05
-7.4091238212980353e-05
-7.3863390740999297e-05
-7.3610019284333335e-05
-7.3328787532754206e-05
-7.3017375385100021e-05
-7.2678072365762984e-05
-7.2309746602076537e-05
-7.1908373514893741e-05
-7.1472247664295725e-05
-7.0999398657274675e-05
-7.0494363939029852e-05
-6.9951721838663381e-05
-6.9367361797942817e-05
-6.8740591546696808e-05
-6.8070961194618965e-05
-6.7353132980737970e-05
-6.6584678622274719e-05
-6.5762949819990859e-05
-6.4881134488259157e-05
-6.3939210974931900e-05
0.0000000000000000e+00
1.7520584666760074e+03
3.5164334439121467e+02
3.5896213536581083e+04
];
