%Vec Object:sol 1 MPI processes
%  type: mpi
sol = [
0.0000000000000000e+00
-2.5590947035181466e-10
-2.8407655185607909e-10
-2.9127270414014619e-10
-2.9634602529858567e-10
-2.9965658810254186e-10
-3.0091023507151174e-10
-3.0212652451580083e-10
-3.0263922023753478e-10
-6.8258596905382512e-08
-7.1789169486172297e-04
-6.3963139955576834e-04
-5.5820661505664570e-04
-4.7352686331060453e-04
-3.9277508081966774e-04
-3.1193425275011086e-04
-2.4425481791515310e-04
-1.8492455863336254e-04
-1.4347607234229846e-04
-1.1389594026445240e-04
-9.7835115206655591e-05
-9.0029672562814931e-05
-8.8513737384870664e-05
-9.0296742678101015e-05
-9.3609602847236531e-05
-9.7350566124510912e-05
-1.0079728908780991e-04
-1.0361297895856907e-04
-1.0581446901911376e-04
-1.0724047171514944e-04
-1.0815522683489986e-04
-1.0850396418725391e-04
-1.0847318457053201e-04
-1.0812377115642212e-04
-1.0751555433042456e-04
-1.0673322059374329e-04
-1.0580350359711521e-04
-1.0477713180083072e-04
-1.0367344636653100e-04
-1.0251555390231657e-04
-1.0133106973672148e-04
-1.0012041286052368e-04
-9.8876549836988907e-05
-9.7647657540239172e-05
-9.6424384206438525e-05
-9.5157690512284488e-05
-9.3923715142702572e-05
-9.2703430722602465e-05
-9.1486868654880324e-05
-9.0240866981042056e-05
-8.9036654223746025e-05
-8.7840435363370706e-05
-8.6657397410008934e-05
-8.5467151302493795e-05
-8.4274407947003584e-05
-8.3119229177372326e-05
-8.1968509433239745e-05
-8.0818270269172613e-05
-7.9685487392425214e-05
-7.8551743841066501e-05
-7.7415463194012188e-05
-7.6307468627007384e-05
-7.5210691662123741e-05
-7.4115719943068246e-05
-7.3022621731070524e-05
-7.1947039197024255e-05
-7.0879182234541622e-05
-6.9808870602689000e-05
-6.8748487385359366e-05
-6.7701049311412980e-05
-6.6651833874590224e-05
-6.5605307140376330e-05
-6.4573256634408691e-05
-6.3551708838773351e-05
-6.2529077961790382e-05
-6.1507573964648547e-05
-6.0496072467320737e-05
-5.9491527552092929e-05
-5.8486708233763006e-05
-5.7477441825262213e-05
-5.6478559251598302e-05
-5.5486827776223418e-05
-5.4496052102990299e-05
-5.3503080834018880e-05
-5.2514213997025604e-05
-5.1530074291837171e-05
-5.0546876596177767e-05
-4.9563376540221528e-05
-4.8576234223757770e-05
-4.7588630979215850e-05
-4.6594898432936013e-05
-4.5609849269535126e-05
-4.4623359089619933e-05
-4.3636903621344566e-05
-4.2646004321039089e-05
-4.1638439040881745e-05
-4.0633941213912509e-05
-3.9631766844591767e-05
-3.8627223101608729e-05
0.0000000000000000e+00
2.3360805316648657e+03
2.8667621938220708e+02
6.5968929429273694e+03
];
