%Vec Object:sol 1 MPI processes
%  type: mpi
sol = [
0.0000000000000000e+00
-1.9976244468657693e-04
-1.9789898837959199e-04
-1.9606432860854979e-04
-1.9427810088821511e-04
-1.9256201072438456e-04
-1.9084388359696844e-04
-1.8917812593976537e-04
-1.8754482915197011e-04
-1.8595039777403281e-04
-1.8441413897958605e-04
-1.8285853841692830e-04
-1.8135880569217691e-04
-1.7989207192972180e-04
-1.7845180637275626e-04
-1.7704565739461373e-04
-1.7564336596240088e-04
-1.7427968862672241e-04
-1.7295313495434788e-04
-1.7163964923337267e-04
-1.7034354052100585e-04
-1.6907166984489257e-04
-1.6782226442302241e-04
-1.6660866273456674e-04
-1.6540141303083723e-04
-1.6420885502351583e-04
-1.6304865222864688e-04
-1.6189840156120326e-04
-1.6077825744110019e-04
-1.5966920263071622e-04
-1.5856700922880072e-04
-1.5749338659987907e-04
-1.5644180944419695e-04
-1.5540363879107299e-04
-1.5437317097535973e-04
-1.5336206882645743e-04
-1.5236589926770464e-04
-1.5139388958273142e-04
-1.5043553284435466e-04
-1.4947823331186772e-04
-1.4854367729695439e-04
-1.4762650434720363e-04
-1.4672309370852496e-04
-1.4583463143310541e-04
-1.4495345133161116e-04
-1.4408479701249222e-04
-1.4323629902005214e-04
-1.4240616862153444e-04
-1.4157946944050423e-04
-1.4076360262668834e-04
-1.3996640980551618e-04
-1.3918005617128632e-04
-1.3841091069041977e-04
-1.3765258304922724e-04
-1.3689994772807460e-04
-1.3616169923127665e-04
-1.3544076287900976e-04
-1.3473552351611580e-04
-1.3403542547361696e-04
-1.3334459850765940e-04
-1.3267033634430494e-04
-1.3200826815656016e-04
-1.3136064466572037e-04
-1.3072454930666922e-04
-1.3009554232897664e-04
-1.2947769971191061e-04
-1.2887577451316942e-04
-1.2828948710410387e-04
-1.2771421760548202e-04
-1.2714211610402487e-04
-1.2658561780886989e-04
-1.2604451077943574e-04
-1.2551630629688859e-04
-1.2500130224721802e-04
-1.2449041943804346e-04
-1.2399474913203456e-04
-1.2351207983349739e-04
-1.2304318413217891e-04
-1.2258943055317725e-04
-1.2214200966675909e-04
-1.2170602557749369e-04
-1.2128360153047324e-04
-1.2087639395992137e-04
-1.2048433076672642e-04
-1.2010126526451518e-04
-1.1972630333840336e-04
-1.1936672798667610e-04
-1.1902249547163951e-04
-1.1869357814905905e-04
-1.1837583626532212e-04
-1.1806527207659602e-04
-1.1777033818238271e-04
-1.1749104080783242e-04
-1.1722739472257572e-04
-1.1697775941519920e-04
-1.1673407508126777e-04
-1.1650623505082421e-04
-1.1629450041333227e-04
-1.1609893251365726e-04
0.0000000000000000e+00
1.6274889069779110e+03
3.6295116953599194e+02
7.2904431009648208e+04
];
