%Vec Object:sol 1 MPI processes
%  type: mpi
sol = [
0.0000000000000000e+00
-1.5879302293315547e-04
-1.5776376197730363e-04
-1.5675507063922869e-04
-1.5575570047043506e-04
-1.5479284018810849e-04
-1.5383030657232179e-04
-1.5291359344729724e-04
-1.5201420978895491e-04
-1.5113724733247766e-04
-1.5029811651336199e-04
-1.4943587872874500e-04
-1.4860752474975299e-04
-1.4779831684330451e-04
-1.4700341776973641e-04
-1.4623965016903788e-04
-1.4548182693844099e-04
-1.4474683489403502e-04
-1.4401314374249723e-04
-1.4328467336686743e-04
-1.4258248853343513e-04
-1.4189394699723197e-04
-1.4121759948486497e-04
-1.4056420163605690e-04
-1.3991459005080928e-04
-1.3926366694524500e-04
-1.3863346699627207e-04
-1.3800620707204680e-04
-1.3739815537010331e-04
-1.3680641776940030e-04
-1.3621916114185046e-04
-1.3564552656069510e-04
-1.3506965497700067e-04
-1.3450047105592391e-04
-1.3394783999307275e-04
-1.3340621104105971e-04
-1.3287192660674138e-04
-1.3235266510614404e-04
-1.3183828007237798e-04
-1.3131802438673339e-04
-1.3081187608467704e-04
-1.3031547459993619e-04
-1.2982585645721873e-04
-1.2934921380493609e-04
-1.2888248816096399e-04
-1.2841605761899739e-04
-1.2795008691539284e-04
-1.2749503211658404e-04
-1.2704425084580901e-04
-1.2660497126083220e-04
-1.2617665872915204e-04
-1.2575268436241011e-04
-1.2533306331862214e-04
-1.2491345601279633e-04
-1.2450042704929484e-04
-1.2409486928187692e-04
-1.2369933340799472e-04
-1.2331245921999774e-04
-1.2293033730898485e-04
-1.2255205716080607e-04
-1.2217383915638273e-04
-1.2180130710798205e-04
-1.2143642727352974e-04
-1.2108060918176154e-04
-1.2073315098375981e-04
-1.2039022635629252e-04
-1.2005000449119435e-04
-1.1971032319422902e-04
-1.1937756605858352e-04
-1.1905088459816771e-04
-1.1873268093436369e-04
-1.1842277368823877e-04
-1.1811895213428675e-04
-1.1781518469550564e-04
-1.1751286097268035e-04
-1.1721873971030095e-04
-1.1693078641410482e-04
-1.1664968351821384e-04
-1.1637665598874995e-04
-1.1611160034077832e-04
-1.1584570030073029e-04
-1.1558104499498616e-04
-1.1532452038982626e-04
-1.1507605208391038e-04
-1.1483520026326370e-04
-1.1460025187882832e-04
-1.1437337092323289e-04
-1.1414590512317986e-04
-1.1392300572877412e-04
-1.1370693844283135e-04
-1.1349831458790303e-04
-1.1329796797636114e-04
-1.1310589712485121e-04
-1.1292206371925721e-04
-1.1273479574915444e-04
-1.1255431055908509e-04
-1.1238246459688568e-04
-1.1221929294321323e-04
-1.1206483667141961e-04
0.0000000000000000e+00
1.3998581874416564e+03
3.6295486867788043e+02
7.2925350558628823e+04
];
