%Vec Object:sol 1 MPI processes
%  type: mpi
sol = [
0.0000000000000000e+00
-1.5900329077726111e-04
-1.5797247940538617e-04
-1.5696227382815283e-04
-1.5595442827551190e-04
-1.5499023618682870e-04
-1.5402637443675751e-04
-1.5310840982571674e-04
-1.5220780787680082e-04
-1.5132967014558438e-04
-1.5048519779031170e-04
-1.4961924360795914e-04
-1.4878992425505132e-04
-1.4797978468397891e-04
-1.4718397845521133e-04
-1.4641935187755287e-04
-1.4566067905741995e-04
-1.4491809979059835e-04
-1.4418367109887966e-04
-1.4345446910032068e-04
-1.4275158920095172e-04
-1.4206237067398547e-04
-1.4138536235462398e-04
-1.4073133551782758e-04
-1.4007446697750315e-04
-1.3942298818516913e-04
-1.3879225924206553e-04
-1.3816447207674079e-04
-1.3755591795659369e-04
-1.3696369868928154e-04
-1.3637596463407652e-04
-1.3579537619329393e-04
-1.3521910738272167e-04
-1.3464953231215738e-04
-1.3409652974977828e-04
-1.3355454141965713e-04
-1.3301990485316845e-04
-1.3250030894671911e-04
-1.3197923602715131e-04
-1.3145870343613051e-04
-1.3095229315271726e-04
-1.3045563884971087e-04
-1.2996577319935606e-04
-1.2948889670164724e-04
-1.2902194719406686e-04
-1.2854906497836759e-04
-1.2808292466318411e-04
-1.2762770996657211e-04
-1.2717676996092773e-04
-1.2673734212119908e-04
-1.2630889090365927e-04
-1.2588477900884966e-04
-1.2545892712616363e-04
-1.2503923634280033e-04
-1.2462612676381231e-04
-1.2422049295648710e-04
-1.2382488926109908e-04
-1.2343795400060893e-04
-1.2305577119349763e-04
-1.2267145970369355e-04
-1.2229322800521721e-04
-1.2192068354262566e-04
-1.2155579475114887e-04
-1.2119997291527783e-04
-1.2085251623069884e-04
-1.2050959728993718e-04
-1.2016352028854961e-04
-1.1982388564256485e-04
-1.1949117866241314e-04
-1.1916454941726911e-04
-1.1884640311535579e-04
-1.1853655827548643e-04
-1.1823278286821580e-04
-1.1792333746608603e-04
-1.1762110293934058e-04
-1.1732707388347697e-04
-1.1703921306792069e-04
-1.1675820301719271e-04
-1.1648526932462482e-04
-1.1622003260330342e-04
-1.1594890893237149e-04
-1.1568442695553424e-04
-1.1542807277403466e-04
-1.1517977142690238e-04
-1.1493908203767961e-04
-1.1470428891576226e-04
-1.1447560682574532e-04
-1.1424474983375932e-04
-1.1402207257166921e-04
-1.1380621836932882e-04
-1.1359779895426762e-04
-1.1339764851607481e-04
-1.1320576476230562e-04
-1.1301814869332640e-04
-1.1282964225116599e-04
-1.1264942361093146e-04
-1.1247783407298468e-04
-1.1231490957938918e-04
-1.1216069189434627e-04
0.0000000000000000e+00
1.4010056401708468e+03
3.6295486867788043e+02
7.2925350558628823e+04
];
