%Vec Object:sol 1 MPI processes
%  type: mpi
sol = [
0.0000000000000000e+00
-1.9494956679715929e-04
-1.9335588455479883e-04
-1.9179650865567402e-04
-1.9028052455158858e-04
-1.8882253887692580e-04
-1.8734683969845768e-04
-1.8593654217579245e-04
-1.8455469758080355e-04
-1.8320760875442259e-04
-1.8189843597126544e-04
-1.8058154771851092e-04
-1.7931657374150182e-04
-1.7808103063243283e-04
-1.7686861528091395e-04
-1.7567741591287424e-04
-1.7449528061582476e-04
-1.7334836823772735e-04
-1.7223530702484234e-04
-1.7113010837692549e-04
-1.7004006156125359e-04
-1.6897160549902231e-04
-1.6792279368655586e-04
-1.6690685708452239e-04
-1.6589609992561028e-04
-1.6489442465579481e-04
-1.6392236391214824e-04
-1.6295771877451165e-04
-1.6202054388479167e-04
-1.6109636716934750e-04
-1.6017054670940299e-04
-1.5927077322500191e-04
-1.5839056790537505e-04
-1.5752180373087638e-04
-1.5666376919990204e-04
-1.5581501685844553e-04
-1.5497877031440298e-04
-1.5416431758772127e-04
-1.5336516431803767e-04
-1.5256426456034051e-04
-1.5177833490557873e-04
-1.5100741869989139e-04
-1.5024785647386619e-04
-1.4950708388371936e-04
-1.4876719679596996e-04
-1.4803342232319147e-04
-1.4731748872073790e-04
-1.4661758017977888e-04
-1.4592564763036691e-04
-1.4523649607138539e-04
-1.4456045359163746e-04
-1.4389273141946393e-04
-1.4323982858175288e-04
-1.4260228231691532e-04
-1.4196209991344580e-04
-1.4133079483743220e-04
-1.4071438210281110e-04
-1.4011118965403158e-04
-1.3951653318628366e-04
-1.3892399127836234e-04
-1.3834225939004778e-04
-1.3777007329472354e-04
-1.3720973544397989e-04
-1.3666287755413492e-04
-1.3611792337245112e-04
-1.3557752346937151e-04
-1.3505042353387266e-04
-1.3453631124754002e-04
-1.3403301170073731e-04
-1.3353030683179782e-04
-1.3303582425944484e-04
-1.3255398824365842e-04
-1.3208218006208354e-04
-1.3162100902721781e-04
-1.3116458884534062e-04
-1.3071492776006117e-04
-1.3027529836507660e-04
-1.2984647849945829e-04
-1.2942987114789302e-04
-1.2901938158883330e-04
-1.2861277517449247e-04
-1.2821664904702517e-04
-1.2783270588927041e-04
-1.2746083661161801e-04
-1.2709617886923997e-04
-1.2673338347215745e-04
-1.2638283740655862e-04
-1.2604446075614910e-04
-1.2571818971158754e-04
-1.2539965124064490e-04
-1.2508351004261343e-04
-1.2477972229249355e-04
-1.2448825605937685e-04
-1.2420908707849442e-04
-1.2393906053747748e-04
-1.2367123383051872e-04
-1.2341602662648121e-04
-1.2317344889501347e-04
-1.2294351697134055e-04
0.0000000000000000e+00
1.5830930750346315e+03
3.6295486867788043e+02
7.2925350558628823e+04
];
