%Vec Object:sol 1 MPI processes
%  type: mpi
sol = [
0.0000000000000000e+00
-7.9960538574450882e-04
-7.2629706767508883e-04
-6.4309242990311609e-04
-5.6622282481432417e-04
-5.0631074535697584e-04
-4.1665004804866863e-04
-1.8232329382883946e-04
-1.8284989646797739e-04
-1.8080205157152654e-04
-1.7881888468472491e-04
-1.7684729705166018e-04
-1.7493180621608057e-04
-1.7303309902967358e-04
-1.7116140158778985e-04
-1.6933698209759812e-04
-1.6752549314858999e-04
-1.6573045050317963e-04
-1.6396835103014271e-04
-1.6221474425703191e-04
-1.6049508741639861e-04
-1.5877929923305509e-04
-1.5707393233158404e-04
-1.5539551788463227e-04
-1.5372333316633166e-04
-1.5206241900658633e-04
-1.5041278852319996e-04
-1.4876229954927054e-04
-1.4712976749497485e-04
-1.4551095419276509e-04
-1.4387945484588456e-04
-1.4226045664093452e-04
-1.4064958845105618e-04
-1.3903863199372324e-04
-1.3743627884134902e-04
-1.3582589406366748e-04
-1.3421267261080246e-04
-1.3260192472424782e-04
-1.3098237976836137e-04
-1.2933969590476756e-04
-1.2766104863737293e-04
-1.2592911959463782e-04
-1.2411024657234360e-04
-1.2217119605499474e-04
-1.2006378167029199e-04
-1.1773769180957404e-04
-1.1519416361915498e-04
-1.1245705398557779e-04
-1.0958368456806418e-04
-1.0666495728966283e-04
-1.0377912918376671e-04
-1.0098773075466072e-04
-9.8353082137650656e-05
-9.5917919714021816e-05
-9.3712848504585468e-05
-9.1754646049895414e-05
-9.0044841055811876e-05
-8.8541908104302928e-05
-8.7237137607994354e-05
-8.6117766949018565e-05
-8.5151368875075787e-05
-8.4320575137782037e-05
-8.3597387804899866e-05
-8.2958859374244578e-05
-8.2390300690457494e-05
-8.1879408558608731e-05
-8.1412779485422415e-05
-8.0977710952167913e-05
-8.0566763793725208e-05
-8.0175902349340197e-05
-7.9797497833165163e-05
-7.9421475516531381e-05
-7.9054092993231556e-05
-7.8689678428494635e-05
-7.8318347715655644e-05
-7.7942212790795272e-05
-7.7561485219349927e-05
-7.7171652396520673e-05
-7.6769289163076658e-05
-7.6354924228035475e-05
-7.5931032663317541e-05
-7.5493378004937766e-05
-7.5040098550171279e-05
-7.4569289590178874e-05
-7.4083100414176948e-05
-7.3580607049600607e-05
-7.3058089314739474e-05
-7.2514160188891317e-05
-7.1947384589607645e-05
-7.1362705569910303e-05
-7.0755180994267841e-05
-7.0119869689653136e-05
-6.9457107157851585e-05
-6.8766716250547762e-05
-6.8043787910692676e-05
-6.7286848712655824e-05
-6.6491890925892913e-05
-6.5651785968542744e-05
-6.4766482489128508e-05
0.0000000000000000e+00
1.7010414241593564e+03
3.6036853505838411e+02
6.0262015930548368e+04
];
