%Vec Object:sol 1 MPI processes
%  type: mpi
sol = [
0.0000000000000000e+00
-1.8413960308427197e-04
-1.8276184664550444e-04
-1.8141396825031709e-04
-1.8010450469007911e-04
-1.7885329753817284e-04
-1.7757819718732995e-04
-1.7636076150183563e-04
-1.7516825332953393e-04
-1.7400662440689654e-04
-1.7289401088812879e-04
-1.7176239607826884e-04
-1.7067194552131186e-04
-1.6960772238817982e-04
-1.6856386667157871e-04
-1.6756016746038104e-04
-1.6655187252749616e-04
-1.6556444097027323e-04
-1.6460769593332642e-04
-1.6365989004916656e-04
-1.6274580292176380e-04
-1.6184255014992319e-04
-1.6094043787615443e-04
-1.6006833529976780e-04
-1.5920723132744057e-04
-1.5836825739805091e-04
-1.5755475054171674e-04
-1.5672559510186967e-04
-1.5592151082744298e-04
-1.5513897635429895e-04
-1.5436404181987706e-04
-1.5361237261519618e-04
-1.5286254417864011e-04
-1.5211702834157478e-04
-1.5139291539530082e-04
-1.5068363105234450e-04
-1.4998484568378302e-04
-1.4929761351692135e-04
-1.4861204910029006e-04
-1.4793705630446912e-04
-1.4728016516747091e-04
-1.4663623293526608e-04
-1.4600099173868843e-04
-1.4536473834553609e-04
-1.4474188884112301e-04
-1.4412730083257535e-04
-1.4352841670495212e-04
-1.4294350523212865e-04
-1.4235316114490082e-04
-1.4177189070545152e-04
-1.4120488865444495e-04
-1.4064444342770874e-04
-1.4009681432701804e-04
-1.3955788261641374e-04
-1.3901585747546767e-04
-1.3848382195519234e-04
-1.3796466484287378e-04
-1.3745676861414446e-04
-1.3695559101442980e-04
-1.3645276432187561e-04
-1.3596010046124918e-04
-1.3547510948653106e-04
-1.3500001411176487e-04
-1.3453639050729470e-04
-1.3407633054930048e-04
-1.3361479588730116e-04
-1.3316453041168640e-04
-1.3272522195166507e-04
-1.3229474440390877e-04
-1.3187125596771953e-04
-1.3144499690525711e-04
-1.3102932262210095e-04
-1.3062166854185153e-04
-1.3022261499354452e-04
-1.2983381876253850e-04
-1.2944631443091877e-04
-1.2906187495522693e-04
-1.2868615973954663e-04
-1.2832052843648906e-04
-1.2796482734857813e-04
-1.2761441396251633e-04
-1.2726217246054213e-04
-1.2691994714487780e-04
-1.2658761958663447e-04
-1.2626465706618915e-04
-1.2594908395499444e-04
-1.2563301508011855e-04
-1.2532463785883808e-04
-1.2502614629971023e-04
-1.2473597609832706e-04
-1.2445479192597545e-04
-1.2417837519233503e-04
-1.2390497396691950e-04
-1.2364161641411958e-04
-1.2338655380518383e-04
-1.2314129201965293e-04
-1.2290569422998679e-04
-1.2266911226346656e-04
-1.2244289686113736e-04
0.0000000000000000e+00
1.5311538446585059e+03
3.6295486867788043e+02
7.2925350558628823e+04
];
