%Vec Object:sol 1 MPI processes
%  type: mpi
sol = [
0.0000000000000000e+00
-1.6006652271600874e-04
-1.5902187130072544e-04
-1.5797647868605777e-04
-1.5695992758542684e-04
-1.5598917578143502e-04
-1.5501879145474835e-04
-1.5409469725329684e-04
-1.5318812722779770e-04
-1.5229023356908269e-04
-1.5141946937819746e-04
-1.5054833929237447e-04
-1.4971413437374603e-04
-1.4889926285093804e-04
-1.4809884096607880e-04
-1.4732984087308508e-04
-1.4654784586658800e-04
-1.4578599255569524e-04
-1.4504786303911119e-04
-1.4431499215476705e-04
-1.4360862965479224e-04
-1.4291601978278493e-04
-1.4223512065286449e-04
-1.4155644224571041e-04
-1.4088521970564058e-04
-1.4023105579427130e-04
-1.3959776977427076e-04
-1.3896742569772920e-04
-1.3835643082236434e-04
-1.3775772350189738e-04
-1.3714780694926786e-04
-1.3655638438246664e-04
-1.3597826667242173e-04
-1.3540685841401546e-04
-1.3485210666448589e-04
-1.3430841418451376e-04
-1.3376535623466472e-04
-1.3322574240502133e-04
-1.3269636439357211e-04
-1.3217458392432999e-04
-1.3166698245712006e-04
-1.3116916427785013e-04
-1.3067814236929841e-04
-1.3019144840205386e-04
-1.2970627483815426e-04
-1.2922699286469744e-04
-1.2876011830135269e-04
-1.2830419704060625e-04
-1.2785253507711578e-04
-1.2741241820879529e-04
-1.2697299386965201e-04
-1.2653217417523617e-04
-1.2610150435130694e-04
-1.2568148145495803e-04
-1.2526803474607529e-04
-1.2486206518244082e-04
-1.2446614519190109e-04
-1.2406718646698430e-04
-1.2366963258152844e-04
-1.2328190590046184e-04
-1.2290366996553465e-04
-1.2253110629211925e-04
-1.2216619391997556e-04
-1.2181035468431134e-04
-1.2144984838792333e-04
-1.2109272664452438e-04
-1.2074459575005352e-04
-1.2040521912843057e-04
-1.2007275893761989e-04
-1.1974636149805851e-04
-1.1942766569723851e-04
-1.1910444915786082e-04
-1.1878755041690010e-04
-1.1847750501268171e-04
-1.1817580270389086e-04
-1.1788229878998672e-04
-1.1759494482942914e-04
-1.1731142067729514e-04
-1.1702607099288673e-04
-1.1674891117586807e-04
-1.1647851581666112e-04
-1.1621474748485987e-04
-1.1595910235601165e-04
-1.1571150628043762e-04
-1.1546612467599297e-04
-1.1521971927531866e-04
-1.1498157367185556e-04
-1.1475163849139436e-04
-1.1452987796886697e-04
-1.1431492883191015e-04
-1.1410740699168441e-04
-1.1390010413539615e-04
-1.1369734334369858e-04
-1.1350303312140604e-04
-1.1331564254053924e-04
-1.1313653901605738e-04
-1.1296606965055678e-04
-1.1280429185814708e-04
-1.1264009694460540e-04
0.0000000000000000e+00
1.4068086935288409e+03
3.6295486867788043e+02
7.2925350558628823e+04
];
