%Vec Object:sol 1 MPI processes
%  type: mpi
sol = [
0.0000000000000000e+00
-7.4660783069617335e-04
-6.6889515432144015e-04
-5.8811714769591136e-04
-5.0547452901652807e-04
-1.8468138247028791e-04
-1.8339546093758935e-04
-1.8152996424195071e-04
-1.7968826610637018e-04
-1.7787063040243910e-04
-1.7611073779301588e-04
-1.7435733733085629e-04
-1.7265431370818595e-04
-1.7096337767204644e-04
-1.6929627902398169e-04
-1.6767352714372520e-04
-1.6606253251115613e-04
-1.6446947834215849e-04
-1.6290513114549160e-04
-1.6134991132050826e-04
-1.5982934631372827e-04
-1.5832057281658574e-04
-1.5681714949567575e-04
-1.5534308862615167e-04
-1.5387842380864758e-04
-1.5243425404674863e-04
-1.5100129795531699e-04
-1.4956877257301697e-04
-1.4815870166362091e-04
-1.4676720782051632e-04
-1.4537802920328675e-04
-1.4399593403193424e-04
-1.4262775864846625e-04
-1.4126569189478274e-04
-1.3992077799645773e-04
-1.3858206368043484e-04
-1.3724052519408875e-04
-1.3591404326586477e-04
-1.3459650279745253e-04
-1.3328483029731230e-04
-1.3198185974801934e-04
-1.3067900308004601e-04
-1.2938115633134002e-04
-1.2809489591006094e-04
-1.2681676399571673e-04
-1.2553988005544169e-04
-1.2426438898767585e-04
-1.2299780226400335e-04
-1.2173308834714706e-04
-1.2047771641054884e-04
-1.1923103483705357e-04
-1.1797795745162829e-04
-1.1673089344315898e-04
-1.1549190084684118e-04
-1.1425681538483460e-04
-1.1302644308844249e-04
-1.1180112673806652e-04
-1.1057502456434202e-04
-1.0935110836132826e-04
-1.0813399039525167e-04
-1.0692345382667218e-04
-1.0571621342749743e-04
-1.0451194563596227e-04
-1.0331076982768467e-04
-1.0211815329741858e-04
-1.0093213372204963e-04
-9.9758367590732568e-05
-9.8598698172146459e-05
-9.7453156112362177e-05
-9.6318946571844109e-05
-9.5206146454911644e-05
-9.4116244451707552e-05
-9.3049568286081289e-05
-9.2007740866888402e-05
-9.0992031568830258e-05
-8.9999902863198148e-05
-8.9030659858798332e-05
-8.8087630984083721e-05
-8.7171253803472091e-05
-8.6280821519214032e-05
-8.5416541289326048e-05
-8.4578429768995527e-05
-8.3766057016563343e-05
-8.2979088096870612e-05
-8.2221229604384575e-05
-8.1492208786679865e-05
-8.0793997798647997e-05
-8.0126528628943433e-05
-7.9488268599759617e-05
-7.8880471305468506e-05
-7.8299317791145033e-05
-7.7746918316927489e-05
-7.7223183758656148e-05
-7.6727756478349891e-05
-7.6258848277745505e-05
-7.5817944307275708e-05
-7.5403339078558210e-05
-7.5013384598139287e-05
-7.4647488471452230e-05
0.0000000000000000e+00
1.6819303295871448e+03
3.6174087704606472e+02
6.6518165541199924e+04
];
