%Vec Object:sol 1 MPI processes
%  type: mpi
sol = [
0.0000000000000000e+00
-1.8039412971662552e-04
-1.7908107670034395e-04
-1.7779619698504419e-04
-1.7653322982671510e-04
-1.7531133178458956e-04
-1.7409346740619304e-04
-1.7293257453068590e-04
-1.7179520641351438e-04
-1.7068333160307541e-04
-1.6959495154332530e-04
-1.6850910258298761e-04
-1.6746860776428453e-04
-1.6645305206551190e-04
-1.6545673645052903e-04
-1.6448001080488183e-04
-1.6350649450032979e-04
-1.6256354673701383e-04
-1.6165001362791620e-04
-1.6074466936244226e-04
-1.5986454501079066e-04
-1.5898574183203316e-04
-1.5812351661819427e-04
-1.5729014452406663e-04
-1.5646706038114887e-04
-1.5566516217923525e-04
-1.5487032916107539e-04
-1.5407705564033934e-04
-1.5330788841341953e-04
-1.5255940254474903e-04
-1.5181796216776430e-04
-1.5109217772176051e-04
-1.5036894289237546e-04
-1.4965508890321549e-04
-1.4896183456931226e-04
-1.4828275766084009e-04
-1.4761362845686557e-04
-1.4694761821481859e-04
-1.4629060598136045e-04
-1.4564363840153816e-04
-1.4501410177491191e-04
-1.4439696833021327e-04
-1.4378425970212270e-04
-1.4317385974089834e-04
-1.4257632219606567e-04
-1.4198661322361453e-04
-1.4141203536374616e-04
-1.4085089965312796e-04
-1.4028374255140231e-04
-1.3972543096751251e-04
-1.3918087078526581e-04
-1.3864250382746552e-04
-1.3811647449456425e-04
-1.3760151371024413e-04
-1.3708026199488711e-04
-1.3656859105009076e-04
-1.3606934113250256e-04
-1.3558093071846605e-04
-1.3509890960729931e-04
-1.3462044057003993e-04
-1.3414609356997346e-04
-1.3367908435068420e-04
-1.3322159951177371e-04
-1.3277519244085079e-04
-1.3233907217665271e-04
-1.3189495349477559e-04
-1.3146077439082874e-04
-1.3103718624737291e-04
-1.3062210259545787e-04
-1.3021454326127112e-04
-1.2981233771560536e-04
-1.2941094362858648e-04
-1.2901726940799381e-04
-1.2863188706243588e-04
-1.2825642734806187e-04
-1.2789070083634810e-04
-1.2752225181116104e-04
-1.2715882994671261e-04
-1.2680517313654578e-04
-1.2646113256917406e-04
-1.2612509978515902e-04
-1.2579474483335912e-04
-1.2546316437842355e-04
-1.2514118073892600e-04
-1.2482827209135892e-04
-1.2452249812291416e-04
-1.2422624611609090e-04
-1.2393207590837005e-04
-1.2364235805346663e-04
-1.2336070220010648e-04
-1.2308776428241765e-04
-1.2282444534570682e-04
-1.2257029211973025e-04
-1.2231422861399681e-04
-1.2206617067546501e-04
-1.2182764842589766e-04
-1.2159901431624269e-04
-1.2138028182737277e-04
-1.2116573658061371e-04
0.0000000000000000e+00
1.5125569150257240e+03
3.6295486867788043e+02
7.2925350558628823e+04
];
