%Vec Object:sol 1 MPI processes
%  type: mpi
sol = [
0.0000000000000000e+00
-1.8006334655721324e-04
-1.7875329921678378e-04
-1.7747134482498737e-04
-1.7622094702181393e-04
-1.7500167310222095e-04
-1.7378641320126795e-04
-1.7262798785435616e-04
-1.7149302695293819e-04
-1.7038734861850132e-04
-1.6930684674294107e-04
-1.6822309152218128e-04
-1.6718458980194905e-04
-1.6617097202910005e-04
-1.6517655187333228e-04
-1.6421107750092735e-04
-1.6323928661630298e-04
-1.6229800352466042e-04
-1.6138607807718918e-04
-1.6048232927272062e-04
-1.5961093644085975e-04
-1.5873558161566041e-04
-1.5787469099995231e-04
-1.5704260417486674e-04
-1.5622079339913076e-04
-1.5542013392166607e-04
-1.5463559641314535e-04
-1.5384344777322914e-04
-1.5307536842491175e-04
-1.5232794021626932e-04
-1.5158755373793814e-04
-1.5086951617507128e-04
-1.5014935402704588e-04
-1.4943635188718660e-04
-1.4874392205237790e-04
-1.4806565413401067e-04
-1.4739732539148490e-04
-1.4674084604113352e-04
-1.4608452887937079e-04
-1.4543824909545903e-04
-1.4480937888350546e-04
-1.4419289925800155e-04
-1.4358540053328929e-04
-1.4297956021401092e-04
-1.4238251524473331e-04
-1.4179329598938009e-04
-1.4121919173006010e-04
-1.4065851646184770e-04
-1.4010024350162383e-04
-1.3954231604820558e-04
-1.3899812838672054e-04
-1.3846013522864496e-04
-1.3793447003230842e-04
-1.3742164992032788e-04
-1.3690715375318132e-04
-1.3639570923847414e-04
-1.3589667758200696e-04
-1.3540847955560809e-04
-1.3492667207534603e-04
-1.3445639751622044e-04
-1.3398230023201857e-04
-1.3351542001621578e-04
-1.3305805863598081e-04
-1.3261176511409036e-04
-1.3217571335631095e-04
-1.3173970115727256e-04
-1.3130556405612569e-04
-1.3088200909027313e-04
-1.3046695383546624e-04
-1.3005941996459264e-04
-1.2966206865436781e-04
-1.2926358076605128e-04
-1.2886980689151694e-04
-1.2848432389088728e-04
-1.2810876018493945e-04
-1.2774292621287143e-04
-1.2738205946110845e-04
-1.2701847963472580e-04
-1.2666466289477387e-04
-1.2632046007241649e-04
-1.2598426461329223e-04
-1.2565590173920155e-04
-1.2532949413845092e-04
-1.2500723514976655e-04
-1.2469405003824314e-04
-1.2438800134936511e-04
-1.2409147302858348e-04
-1.2380427115583074e-04
-1.2351441548737779e-04
-1.2323242162719282e-04
-1.2295914697966692e-04
-1.2269549097242578e-04
-1.2244142364430409e-04
-1.2219189154153944e-04
-1.2194340469240806e-04
-1.2170445707161549e-04
-1.2147540176392691e-04
-1.2125625354528919e-04
-1.2104703206474570e-04
0.0000000000000000e+00
1.5109281077721423e+03
3.6295486867788043e+02
7.2925350558628823e+04
];
