%Vec Object:sol 1 MPI processes
%  type: mpi
sol = [
0.0000000000000000e+00
-1.6053290649235948e-10
-1.7995727455275179e-10
-1.1159268880554052e-03
-9.7358496095526186e-04
-8.6850312142818496e-04
-7.7976675416329929e-04
-7.0485564887269321e-04
-6.3639592476324471e-04
-5.7530327311084394e-04
-5.1515324113578090e-04
-4.5549830893609061e-04
-3.9478594855641563e-04
-3.3075121340097544e-04
-2.6898893350983140e-04
-2.0659388238806526e-04
-1.5399012568741323e-04
-1.0766534968862098e-04
-7.5270054153450146e-05
-5.2179490271040992e-05
-3.9812775836785262e-05
-3.4056999150474068e-05
-3.3341822723349535e-05
-3.5338902024809900e-05
-3.8601875027163586e-05
-4.2250273323712442e-05
-4.5691613591534190e-05
-4.8634389104374178e-05
-5.1119474748078912e-05
-5.2945481591139745e-05
-5.4386440709655710e-05
-5.5347638210447791e-05
-5.5982156438511010e-05
-5.6376205628177256e-05
-5.6516315079674352e-05
-5.6511678940516073e-05
-5.6383251137839717e-05
-5.6135891182406419e-05
-5.5820893990985011e-05
-5.5454496151716000e-05
-5.5027191631633630e-05
-5.4566197320467981e-05
-5.4073920887363234e-05
-5.3555784699439139e-05
-5.3020347339879214e-05
-5.2453458736612703e-05
-5.1873597269932889e-05
-5.1281672522393934e-05
-5.0681594188286916e-05
-5.0052445340848686e-05
-4.9419987546349989e-05
-4.8787335039886404e-05
-4.8151745359759204e-05
-4.7501779848634262e-05
-4.6854233345262853e-05
-4.6227590382414441e-05
-4.5611547983905656e-05
-4.5013187113315135e-05
-4.4454629098480664e-05
-4.3936396700518457e-05
-4.3463081300593055e-05
-4.3075480105471279e-05
-4.2768345853224621e-05
-4.2541109371727215e-05
-4.2400544517114389e-05
-4.2352328005586170e-05
5.7652497398144782e-04
2.4175579703248269e-03
-7.6260744787117171e-05
-7.3621262547387048e-05
-7.0340837450528649e-05
-6.6966900592466821e-05
-6.4036868433418325e-05
-6.1917158456638365e-05
-6.0691339415191061e-05
-6.0195688732311521e-05
-6.0151909769702546e-05
-6.0303179946795225e-05
-6.0478320227271653e-05
-6.0590606979529770e-05
-6.0612881195564287e-05
-6.0538387921492938e-05
-6.0376476741183077e-05
-6.0140626573123047e-05
-5.9850140327960113e-05
-5.9517398994172940e-05
-5.9149179313188950e-05
-5.8751177854381444e-05
-5.8325691215545563e-05
-5.7880532240722430e-05
-5.7411217490627494e-05
-5.6915417441637450e-05
-5.6391325474774739e-05
-5.5838083088878988e-05
-5.5249313179211675e-05
-5.4621368671880057e-05
-5.3952700290744706e-05
-5.3236358050032450e-05
-5.2471770294805114e-05
0.0000000000000000e+00
1.9320331739351561e+03
3.2494333514309761e+02
1.4032753882146795e+04
];
