%Vec Object:sol 1 MPI processes
%  type: mpi
sol = [
0.0000000000000000e+00
-1.5734319433497994e-04
-1.5632475443050033e-04
-1.5532659244986291e-04
-1.5435586811020401e-04
-1.5342924406110272e-04
-1.5247904344138215e-04
-1.5157099621372779e-04
-1.5068005954920011e-04
-1.4981127492697403e-04
-1.4897990443111676e-04
-1.4814752408842151e-04
-1.4735074109762332e-04
-1.4654920896604414e-04
-1.4576087384320961e-04
-1.4500334652061756e-04
-1.4425170057705771e-04
-1.4352363816122821e-04
-1.4281831721679424e-04
-1.4211776408989911e-04
-1.4142090406028170e-04
-1.4073720939290787e-04
-1.4006560187503642e-04
-1.3941673207491364e-04
-1.3877472637583948e-04
-1.3814902578791093e-04
-1.3754342808036787e-04
-1.3692075828012840e-04
-1.3631624761961959e-04
-1.3572792755030215e-04
-1.3514407804951983e-04
-1.3457801448559241e-04
-1.3402465503505956e-04
-1.3347750782465560e-04
-1.3292932677497584e-04
-1.3239020713742890e-04
-1.3185840307657290e-04
-1.3134152106377499e-04
-1.3083438265068650e-04
-1.3033440438822442e-04
-1.2984807444937633e-04
-1.2935637584411268e-04
-1.2886847908132588e-04
-1.2839348566361404e-04
-1.2792836472887121e-04
-1.2746877233786689e-04
-1.2702112386777910e-04
-1.2658399898942175e-04
-1.2613838568891004e-04
-1.2570012951048607e-04
-1.2527279683864748e-04
-1.2484981670572343e-04
-1.2443660027387015e-04
-1.2403364516088612e-04
-1.2363694920586210e-04
-1.2323697051754638e-04
-1.2284189437628511e-04
-1.2245546317313265e-04
-1.2207380018975110e-04
-1.2170162397651710e-04
-1.2133861113707669e-04
-1.2098100999502847e-04
-1.2062199574296175e-04
-1.2026617143954865e-04
-1.1991869714153222e-04
-1.1957577777272203e-04
-1.1924156306845074e-04
-1.1891582343195704e-04
-1.1859675568655172e-04
-1.1827601350156570e-04
-1.1795740776701981e-04
-1.1764709274329841e-04
-1.1734287502104206e-04
-1.1704528699105581e-04
-1.1675580092419193e-04
-1.1647428244218396e-04
-1.1619204426169952e-04
-1.1591019385838489e-04
-1.1563641836390130e-04
-1.1537061440809133e-04
-1.1511138258162563e-04
-1.1485859155733819e-04
-1.1461372147323992e-04
-1.1437038528209321e-04
-1.1412845956603048e-04
-1.1389245608667610e-04
-1.1366452001441503e-04
-1.1344460704077864e-04
-1.1323268590062028e-04
-1.1302741567500103e-04
-1.1282290820284042e-04
-1.1262118556309187e-04
-1.1242773815057211e-04
-1.1224256935575635e-04
-1.1206417313026924e-04
-1.1189389947385741e-04
-1.1173208482518699e-04
-1.1157147933976878e-04
-1.1141534993704285e-04
0.0000000000000000e+00
1.3919479678596588e+03
3.6295486867788043e+02
7.2925350558628823e+04
];
