%Vec Object:sol 1 MPI processes
%  type: mpi
sol = [
0.0000000000000000e+00
-1.9997866866192218e-04
-1.9812682780420411e-04
-1.9628325624944455e-04
-1.9448959599671232e-04
-1.9276748227916731e-04
-1.9105655518465055e-04
-1.8939666093978374e-04
-1.8776065718437512e-04
-1.8616468967982635e-04
-1.8462839387049245e-04
-1.8309334399309961e-04
-1.8159472326468673e-04
-1.8013004200114244e-04
-1.7869271014474332e-04
-1.7730406810401763e-04
-1.7591163231271944e-04
-1.7455271661704640e-04
-1.7323160265935269e-04
-1.7192460316830936e-04
-1.7065307182585602e-04
-1.6938790807180621e-04
-1.6814569789227278e-04
-1.6693974798367295e-04
-1.6574954879658354e-04
-1.6457366631891419e-04
-1.6342176604450598e-04
-1.6228010081269090e-04
-1.6116881681141324e-04
-1.6008399416590852e-04
-1.5899215105007005e-04
-1.5792752629685723e-04
-1.5688509571385134e-04
-1.5585667130563842e-04
-1.5485068125727739e-04
-1.5384858619944448e-04
-1.5286146394319139e-04
-1.5189854089443506e-04
-1.5095330836650998e-04
-1.5001570382414825e-04
-1.4908978727153617e-04
-1.4818121204963883e-04
-1.4728633240289354e-04
-1.4641249854581640e-04
-1.4554731161251042e-04
-1.4468654282042534e-04
-1.4384584133278654e-04
-1.4302340289388979e-04
-1.4221129062642375e-04
-1.4140871942770077e-04
-1.4061845074554320e-04
-1.3983886240214420e-04
-1.3907634084712659e-04
-1.3833141366241200e-04
-1.3759025662725188e-04
-1.3685778321665369e-04
-1.3614246525237163e-04
-1.3544267615071975e-04
-1.3475385655238549e-04
-1.3407342587265378e-04
-1.3340372593578838e-04
-1.3274602587235739e-04
-1.3210258379935742e-04
-1.3147500123207421e-04
-1.3085591369169303e-04
-1.3024133806891917e-04
-1.2964249521831096e-04
-1.2905910167269408e-04
-1.2848907255855486e-04
-1.2792685851163594e-04
-1.2737233123901855e-04
-1.2683300203064225e-04
-1.2630636654197247e-04
-1.2579303898303199e-04
-1.2529233754296070e-04
-1.2479733494942026e-04
-1.2431512563388996e-04
-1.2384648682962999e-04
-1.2339279568801960e-04
-1.2295393444344534e-04
-1.2251741044134822e-04
-1.2209416744964627e-04
-1.2168594162755163e-04
-1.2129265641117143e-04
-1.2091382992533671e-04
-1.2053952593262515e-04
-1.2017781518946045e-04
-1.1983123599690744e-04
-1.1949975684768045e-04
-1.1918189072783732e-04
-1.1887315516079000e-04
-1.1857472541836701e-04
-1.1829170539082431e-04
-1.1802410326632405e-04
-1.1777025490718705e-04
-1.1752921192697145e-04
-1.1729644745487645e-04
-1.1707953025201124e-04
-1.1687851196531408e-04
0.0000000000000000e+00
1.6234661963594112e+03
3.6295486867788043e+02
7.2925350558628823e+04
];
