%Vec Object:sol 1 MPI processes
%  type: mpi
sol = [
0.0000000000000000e+00
-1.5607566066183002e-10
-9.4165692384880332e-10
-1.0903724654877098e-03
-9.5148194579901474e-04
-8.4875068963222405e-04
-7.6201116284825077e-04
-6.8882401544610066e-04
-6.2191041791239928e-04
-5.6218203997322161e-04
-5.0333308469400866e-04
-4.4490389763648296e-04
-3.8538328810324536e-04
-3.2253629278370522e-04
-2.6186586375328847e-04
-2.0052896895004206e-04
-1.4878370454218340e-04
-1.0318718217742248e-04
-7.1276565971501544e-05
-4.8498996332129913e-05
-3.6268874675826199e-05
-3.0557456874634586e-05
-2.9844382306606078e-05
-3.1834113862358975e-05
-3.5082615819096245e-05
-3.8711021118685857e-05
-4.2129154731495380e-05
-4.5045289300896519e-05
-4.7502741697860688e-05
-4.9294997263468839e-05
-5.0698251431928061e-05
-5.1613539845103436e-05
-5.2191990234320786e-05
-5.2521265273544404e-05
-5.2582169359360729e-05
-5.2485782851787515e-05
-5.2252080534891534e-05
-5.1882493803904385e-05
-5.1430442971222454e-05
-5.0911400388875200e-05
-5.0312964854343722e-05
-4.9663982170514761e-05
-4.8966449312571969e-05
-4.8223154279052352e-05
-4.7443005358057103e-05
-4.6610907115649864e-05
-4.5741661577195141e-05
-4.4834565298526093e-05
-4.3889486913997924e-05
-4.2879109830417331e-05
-4.1819768836265500e-05
-4.0702138608328819e-05
-3.9505788605881946e-05
-3.8184394114482104e-05
-3.6702872240941003e-05
-3.4999453698787871e-05
1.9314159186491549e-03
6.8871434012090821e-04
-5.4183020108975980e-05
-5.6990872253434745e-05
-5.8925450614520262e-05
-6.0218927902613488e-05
-6.1016219421998732e-05
-6.1435047187341989e-05
-6.1581250414662197e-05
-6.1546800528913134e-05
-6.1400665089879453e-05
-6.1196352558596685e-05
-6.0979577261338191e-05
-6.0780778404537886e-05
-6.0609218425007975e-05
-6.0462670022682015e-05
-6.0348660933398430e-05
-6.0254606223002173e-05
-6.0161411794350208e-05
-6.0064502648575438e-05
-5.9959951759908515e-05
-5.9839564405476878e-05
-5.9697218572958162e-05
-5.9532493074956162e-05
-5.9350986209991187e-05
-5.9149262246679930e-05
-5.8926321028282629e-05
-5.8681037526862039e-05
-5.8417950242453761e-05
-5.8137044907732951e-05
-5.7835253972291946e-05
-5.7511460855544894e-05
-5.7163788118834654e-05
-5.6797724394680415e-05
-5.6407866851208392e-05
-5.5991754499538123e-05
-5.5548487971132513e-05
-5.5078319698935778e-05
-5.4576147286200164e-05
-5.4039493618338894e-05
-5.3467742762048781e-05
-5.2854976657072760e-05
-5.2201951873225217e-05
0.0000000000000000e+00
1.9219413870624958e+03
3.2815711776461063e+02
1.5271576436632482e+04
];
