%Vec Object:sol 1 MPI processes
%  type: mpi
sol = [
0.0000000000000000e+00
-1.8345088624573659e-04
-1.8207849280568535e-04
-1.8073589414847860e-04
-1.7943158350068117e-04
-1.7818531053005363e-04
-1.7693577016393097e-04
-1.7572295274288525e-04
-1.7453500623295750e-04
-1.7337785286304649e-04
-1.7226954588136822e-04
-1.7116253247299231e-04
-1.7007612669155917e-04
-1.6901588875823883e-04
-1.6797598275400809e-04
-1.6697610863732455e-04
-1.6598637368052637e-04
-1.6500769217543988e-04
-1.6405440562981545e-04
-1.6311007174694281e-04
-1.6219936118888205e-04
-1.6130726600535223e-04
-1.6042008355129697e-04
-1.5955101105475855e-04
-1.5869293874308922e-04
-1.5785694897627468e-04
-1.5704735678147958e-04
-1.5623924016823943e-04
-1.5543781922543252e-04
-1.5465790287689108e-04
-1.5388559583267737e-04
-1.5313649840767495e-04
-1.5240452254814888e-04
-1.5166485357293911e-04
-1.5094301808079867e-04
-1.5023598876442843e-04
-1.4953945043188628e-04
-1.4886224687567803e-04
-1.4818935977771726e-04
-1.4751633049768756e-04
-1.4686136441789585e-04
-1.4621933666180963e-04
-1.4558676462560522e-04
-1.4496961353965200e-04
-1.4434839415592796e-04
-1.4373543235594738e-04
-1.4313814173991433e-04
-1.4255479578584231e-04
-1.4197768810354626e-04
-1.4140385701484504e-04
-1.4083815794154082e-04
-1.4027901347048958e-04
-1.3973265911935442e-04
-1.3919961332392030e-04
-1.3867146874966375e-04
-1.3814045133201419e-04
-1.3762228588331927e-04
-1.3711535967863477e-04
-1.3661514909264440e-04
-1.3612706940298961e-04
-1.3563839558041756e-04
-1.3515411980553386e-04
-1.3467972290480044e-04
-1.3421677477896989e-04
-1.3376443088016819e-04
-1.3331309856677250e-04
-1.3286327646788989e-04
-1.3242439347766564e-04
-1.3199432935713406e-04
-1.3157208611309703e-04
-1.3116034826534179e-04
-1.3074617953521764e-04
-1.3033863552343734e-04
-1.2993967956239429e-04
-1.2955096294235230e-04
-1.2917228944153393e-04
-1.2879514041955610e-04
-1.2841928732754436e-04
-1.2805349920733816e-04
-1.2769762107690238e-04
-1.2735001857178683e-04
-1.2701032271405900e-04
-1.2666770748008297e-04
-1.2633495683755193e-04
-1.2601155099696944e-04
-1.2569552085016117e-04
-1.2538928297597870e-04
-1.2508556380608549e-04
-1.2478638764098113e-04
-1.2449551573665403e-04
-1.2421361011332789e-04
-1.2394158082225471e-04
-1.2367754976000528e-04
-1.2341325003795939e-04
-1.2315722973152570e-04
-1.2291099017352228e-04
-1.2267488594912111e-04
-1.2244892784551325e-04
-1.2222443586427736e-04
0.0000000000000000e+00
1.5276791444879022e+03
3.6295486867788043e+02
7.2925350558628823e+04
];
