%Vec Object:sol 1 MPI processes
%  type: mpi
sol = [
0.0000000000000000e+00
-1.8072689926729304e-04
-1.7941083013910998e-04
-1.7812301512294478e-04
-1.7684739631221985e-04
-1.7562286614912411e-04
-1.7440238931306219e-04
-1.7323902178377427e-04
-1.7209923973749653e-04
-1.7097536685790703e-04
-1.6988482336968233e-04
-1.6879682044497287e-04
-1.6775427366873559e-04
-1.6673672232217363e-04
-1.6573566498095631e-04
-1.6475043929996735e-04
-1.6377520063837927e-04
-1.6283059297785693e-04
-1.6191545909999828e-04
-1.6100852857092054e-04
-1.6011755143379640e-04
-1.5923732970084029e-04
-1.5837371447054150e-04
-1.5753900551078106e-04
-1.5671459982439132e-04
-1.5590616313061298e-04
-1.5510628382195421e-04
-1.5431190063545296e-04
-1.5354166294789825e-04
-1.5279213877059236e-04
-1.5204966546523833e-04
-1.5131390035294417e-04
-1.5058975975784238e-04
-1.4987500763195537e-04
-1.4918088437632424e-04
-1.4850095567192680e-04
-1.4782621910682171e-04
-1.4715543999297532e-04
-1.4649774995004615e-04
-1.4585011194084466e-04
-1.4521992614282444e-04
-1.4460215566126870e-04
-1.4398017276561276e-04
-1.4336922594651116e-04
-1.4277115256758585e-04
-1.4218091006888920e-04
-1.4160581441168736e-04
-1.4104122344019395e-04
-1.4046811518368557e-04
-1.3990943475589615e-04
-1.3936451717996051e-04
-1.3882579142354961e-04
-1.3829941295757199e-04
-1.3777579753625912e-04
-1.3725427107547078e-04
-1.3674232856322483e-04
-1.3624281527576106e-04
-1.3575414713794910e-04
-1.3527117417569778e-04
-1.3478504667526248e-04
-1.3431057089268415e-04
-1.3384342975472416e-04
-1.3338581309964723e-04
-1.3293927625833890e-04
-1.3249596547724481e-04
-1.3205087972090106e-04
-1.3161668895342541e-04
-1.3119309121809109e-04
-1.3077799903651868e-04
-1.3037044342597309e-04
-1.2996034437571738e-04
-1.2955899842617504e-04
-1.2916537470327008e-04
-1.2878004639570425e-04
-1.2840464698168978e-04
-1.2803462760145080e-04
-1.2766295735612947e-04
-1.2729971448994647e-04
-1.2694624033051942e-04
-1.2660238586766000e-04
-1.2626654024633032e-04
-1.2592876401662371e-04
-1.2559742173762269e-04
-1.2527567831326509e-04
-1.2496301151292699e-04
-1.2465747851504667e-04
-1.2435909201639108e-04
-1.2406012623297909e-04
-1.2377076202373612e-04
-1.2348945966655586e-04
-1.2321687638202846e-04
-1.2295391480858392e-04
-1.2269278298432867e-04
-1.2243708209684750e-04
-1.2218943190425491e-04
-1.2195131930211017e-04
-1.2172309766478002e-04
-1.2150340726356594e-04
-1.2128342427250078e-04
0.0000000000000000e+00
1.5141956070990047e+03
3.6295486867788043e+02
7.2925350558628823e+04
];
