%Vec Object:sol 1 MPI processes
%  type: mpi
sol = [
0.0000000000000000e+00
-1.9830329659357456e-04
-1.9662290748073691e-04
-1.9494718562810187e-04
-1.9331668387134398e-04
-1.9175291967006764e-04
-1.9019650171009904e-04
-1.8868852095495136e-04
-1.8719792310705206e-04
-1.8574356701322588e-04
-1.8434504749100246e-04
-1.8294982728400504e-04
-1.8158131998675960e-04
-1.8024354730728826e-04
-1.7893008077456114e-04
-1.7766225182253660e-04
-1.7639496414094860e-04
-1.7515032283561911e-04
-1.7394083428559499e-04
-1.7274298913252535e-04
-1.7158342843479188e-04
-1.7042550732917431e-04
-1.6928429569482839e-04
-1.6817719545662499e-04
-1.6708377613703607e-04
-1.6601258847588602e-04
-1.6495243702202046e-04
-1.6390063817894751e-04
-1.6287745918755473e-04
-1.6187909969305210e-04
-1.6088204445340647e-04
-1.5989939206809429e-04
-1.5893738298732008e-04
-1.5798782487061415e-04
-1.5706282985187317e-04
-1.5614309258485067e-04
-1.5522928552693706e-04
-1.5433837785763248e-04
-1.5346383753299676e-04
-1.5260241353389438e-04
-1.5174732911119948e-04
-1.5090441058292805e-04
-1.5007393629565114e-04
-1.4926337291620032e-04
-1.4846889011511932e-04
-1.4766923342277464e-04
-1.4688702215014227e-04
-1.4612197920410030e-04
-1.4536605119617910e-04
-1.4462784865350436e-04
-1.4389053262430502e-04
-1.4316260644910600e-04
-1.4245067184809565e-04
-1.4175526887551062e-04
-1.4107091830421466e-04
-1.4038453566889383e-04
-1.3971423034030630e-04
-1.3905835609079442e-04
-1.3841225206138159e-04
-1.3778089474544752e-04
-1.3715059351583807e-04
-1.3653109159780081e-04
-1.3592469869014623e-04
-1.3533304532709019e-04
-1.3475506796507068e-04
-1.3417295415756074e-04
-1.3360536635828409e-04
-1.3305206682078741e-04
-1.3251090548054494e-04
-1.3198092094209200e-04
-1.3145231072183645e-04
-1.3093701325119758e-04
-1.3043310966869045e-04
-1.2994120827613531e-04
-1.2946300386467252e-04
-1.2898758768960795e-04
-1.2852175699071109e-04
-1.2806812788669736e-04
-1.2762809898631469e-04
-1.2720153552622614e-04
-1.2677787144090228e-04
-1.2636298263714863e-04
-1.2596169375543863e-04
-1.2557390359229788e-04
-1.2519909296819376e-04
-1.2482821491004804e-04
-1.2446650268667624e-04
-1.2411840963902763e-04
-1.2378388014753757e-04
-1.2346135690241802e-04
-1.2314625014096789e-04
-1.2283904388703929e-04
-1.2254563978556410e-04
-1.2226602123657917e-04
-1.2199844560076990e-04
-1.2174083194135867e-04
-1.2149008405453107e-04
-1.2125347315531399e-04
-1.2103102269807259e-04
0.0000000000000000e+00
1.5988059755622987e+03
3.6295486867788043e+02
7.2925350558628823e+04
];
