%Vec Object:sol 1 MPI processes
%  type: mpi
sol = [
0.0000000000000000e+00
-1.9599921510110376e-04
-1.9438295642543554e-04
-1.9280113981467041e-04
-1.9125891393753869e-04
-1.8975428264926962e-04
-1.8825692616334551e-04
-1.8682530779692394e-04
-1.8542224014395832e-04
-1.8403848817646724e-04
-1.8269596084004341e-04
-1.8135852848218055e-04
-1.8007325217237036e-04
-1.7881746624203912e-04
-1.7756100246112724e-04
-1.7634644365614445e-04
-1.7514475231428101e-04
-1.7397843387857213e-04
-1.7284130684454722e-04
-1.7169471888511437e-04
-1.7058596289056810e-04
-1.6949888571309569e-04
-1.6843153649089400e-04
-1.6738665091351495e-04
-1.6634191427660077e-04
-1.6532239099797521e-04
-1.6433261536421257e-04
-1.6335030286869476e-04
-1.6238100496238509e-04
-1.6142856395139567e-04
-1.6048576852851349e-04
-1.5956914460827173e-04
-1.5867218167221048e-04
-1.5776955941886094e-04
-1.5688761286185459e-04
-1.5602284107239182e-04
-1.5517067724145131e-04
-1.5434051727219750e-04
-1.5350687110049832e-04
-1.5268539212293130e-04
-1.5188446226787082e-04
-1.5109867339177098e-04
-1.5032310338662348e-04
-1.4954962816575993e-04
-1.4879174845767730e-04
-1.4804409260578278e-04
-1.4731442543168048e-04
-1.4659865912279910e-04
-1.4587625273403465e-04
-1.4517105297891136e-04
-1.4448234402010074e-04
-1.4380211503823296e-04
-1.4313424212638080e-04
-1.4246845400656938e-04
-1.4181371455850809e-04
-1.4117105855688405e-04
-1.4054348494392532e-04
-1.3992685309809744e-04
-1.3930621204339449e-04
-1.3870029181178037e-04
-1.3810865666393716e-04
-1.3752678720051418e-04
-1.3695507954491248e-04
-1.3638454691800080e-04
-1.3582719400507189e-04
-1.3527848385833221e-04
-1.3474332264390158e-04
-1.3422035766941500e-04
-1.3369576386010047e-04
-1.3318154525452839e-04
-1.3268049482501488e-04
-1.3219237477495789e-04
-1.3171444202798527e-04
-1.3123460047000094e-04
-1.3076752153750446e-04
-1.3031318455024871e-04
-1.2986920315998058e-04
-1.2943637355551240e-04
-1.2900465024200339e-04
-1.2858434769472192e-04
-1.2817504476815006e-04
-1.2777656958479433e-04
-1.2739062350687768e-04
-1.2700751281512362e-04
-1.2663399646985646e-04
-1.2627061808889289e-04
-1.2591985675054711e-04
-1.2558163948294020e-04
-1.2524800869694733e-04
-1.2492168032690517e-04
-1.2460716049430005e-04
-1.2430538407575545e-04
-1.2401632420368916e-04
-1.2373365576006312e-04
-1.2345707575336392e-04
-1.2319315649903526e-04
-1.2294226263673589e-04
-1.2270440857035898e-04
-1.2247471337566642e-04
0.0000000000000000e+00
1.5880301112391060e+03
3.6295486867788043e+02
7.2925350558628823e+04
];
