%Vec Object:sol 1 MPI processes
%  type: mpi
sol = [
0.0000000000000000e+00
-1.6456928909570253e-04
-1.6346994397241769e-04
-1.6239254617477809e-04
-1.6131760112815101e-04
-1.6029082368263260e-04
-1.5926521261174824e-04
-1.5828821613149207e-04
-1.5733005376859774e-04
-1.5639601631052799e-04
-1.5548482887551185e-04
-1.5456534091205359e-04
-1.5368462913575292e-04
-1.5282448768055040e-04
-1.5197985516249255e-04
-1.5116822414220488e-04
-1.5035694966065050e-04
-1.4955393221829786e-04
-1.4877590439924310e-04
-1.4800379736634698e-04
-1.4725951394732432e-04
-1.4652987297066535e-04
-1.4581335298227422e-04
-1.4510317486463430e-04
-1.4439707026980112e-04
-1.4370895618414904e-04
-1.4304274889502056e-04
-1.4237994989486899e-04
-1.4173745430495719e-04
-1.4110539504805499e-04
-1.4046501306395684e-04
-1.3984401093976521e-04
-1.3923702852294172e-04
-1.3863726392917316e-04
-1.3805494735906923e-04
-1.3748430299506114e-04
-1.3690584925908896e-04
-1.3634030528535736e-04
-1.3578555336889568e-04
-1.3523887048463157e-04
-1.3470701833087260e-04
-1.3418546386924723e-04
-1.3366576966997412e-04
-1.3314749884535119e-04
-1.3264004796178979e-04
-1.3213885676717729e-04
-1.3165061700292567e-04
-1.3117382443250344e-04
-1.3070159086587993e-04
-1.3022865536803605e-04
-1.2976359327091045e-04
-1.2930347247669014e-04
-1.2885393315724701e-04
-1.2841547871898082e-04
-1.2798392058099050e-04
-1.2755662873774464e-04
-1.2712780654617630e-04
-1.2670832947885995e-04
-1.2629413994623829e-04
-1.2589015068105975e-04
-1.2549601092042310e-04
-1.2510779643462209e-04
-1.2471734952672003e-04
-1.2433193151764426e-04
-1.2395546951107068e-04
-1.2358399682145337e-04
-1.2322182979396517e-04
-1.2286871803987134e-04
-1.2252054470612494e-04
-1.2216696116700931e-04
-1.2182239900402488e-04
-1.2148665953675372e-04
-1.2115744871310386e-04
-1.2083531303142420e-04
-1.2052177681176976e-04
-1.2020812097211878e-04
-1.1989622257539817e-04
-1.1959160309480168e-04
-1.1929551790222935e-04
-1.1900785068230256e-04
-1.1872713723207689e-04
-1.1845136584307058e-04
-1.1817316115304918e-04
-1.1790343182994748e-04
-1.1764171492883620e-04
-1.1738623477180764e-04
-1.1713921442440222e-04
-1.1690060010594344e-04
-1.1666206892330245e-04
-1.1642674387356810e-04
-1.1619920614432474e-04
-1.1598030663089142e-04
-1.1577003476591218e-04
-1.1556838695027891e-04
-1.1537088271709110e-04
-1.1517308303125534e-04
-1.1498425751517762e-04
-1.1480443531316124e-04
-1.1463365163841373e-04
0.0000000000000000e+00
1.4310847075707372e+03
3.6295486867788043e+02
7.2925350558628823e+04
];
