%Vec Object:sol 1 MPI processes
%  type: mpi
sol = [
0.0000000000000000e+00
-7.1271989928136650e-04
-6.3275162065436501e-04
-5.3822373380019866e-04
-1.8773663618970384e-04
-1.8593141229659172e-04
-1.8405427327237110e-04
-1.8224802410889490e-04
-1.8047413962196605e-04
-1.7871871697291110e-04
-1.7701727008274086e-04
-1.7532286411994509e-04
-1.7368235427778957e-04
-1.7206109896427294e-04
-1.7045395921759767e-04
-1.6889217179122081e-04
-1.6734332242922096e-04
-1.6582706992889266e-04
-1.6432654753489452e-04
-1.6283672453592764e-04
-1.6138328183773400e-04
-1.5995010623461812e-04
-1.5852381849442966e-04
-1.5712166884911460e-04
-1.5573111917315262e-04
-1.5436344169598380e-04
-1.5302282566592896e-04
-1.5167084436678872e-04
-1.5034402864021209e-04
-1.4903865706784888e-04
-1.4774051065091586e-04
-1.4646097073961966e-04
-1.4518691984250585e-04
-1.4392217478494522e-04
-1.4267800929735610e-04
-1.4144781027474829e-04
-1.4022118343774169e-04
-1.3900495720098468e-04
-1.3780139457281813e-04
-1.3660746231944012e-04
-1.3543041850526104e-04
-1.3425943718702705e-04
-1.3309011810881709e-04
-1.3193661627435967e-04
-1.3079549043489889e-04
-1.2966193021076198e-04
-1.2853911574062040e-04
-1.2742158275962697e-04
-1.2631036901311098e-04
-1.2521328472142728e-04
-1.2412978662013606e-04
-1.2305241468497124e-04
-1.2197739211791438e-04
-1.2091583562608103e-04
-1.1986364258348099e-04
-1.1882189775653599e-04
-1.1779338012225571e-04
-1.1677107142837135e-04
-1.1575324820096277e-04
-1.1474900469565433e-04
-1.1375822270254994e-04
-1.1277735588679987e-04
-1.1180865555675365e-04
-1.1084548274954946e-04
-1.0989559643539519e-04
-1.0895609020117565e-04
-1.0803142846903240e-04
-1.0712179543042498e-04
-1.0622516084873333e-04
-1.0533492224149665e-04
-1.0446128364317541e-04
-1.0360470933435580e-04
-1.0276385880896838e-04
-1.0194005700809711e-04
-1.0113541563303806e-04
-1.0034399742049365e-04
-9.9572175396947402e-05
-9.8821762173044182e-05
-9.8095083125064898e-05
-9.7393271028160561e-05
-9.6716434991769601e-05
-9.6061134500628233e-05
-9.5433032041522273e-05
-9.4835008145537842e-05
-9.4267960758083602e-05
-9.3731538340088844e-05
-9.3228742094732055e-05
-9.2759086702439523e-05
-9.2319710161546141e-05
-9.1914953862325227e-05
-9.1545710565562856e-05
-9.1212832954674859e-05
-9.0916542383171804e-05
-9.0656872133067920e-05
-9.0429408897185924e-05
-9.0237096137805152e-05
-9.0081767532069186e-05
-8.9963194006824338e-05
-8.9881527745606482e-05
0.0000000000000000e+00
1.6696952859984792e+03
3.6217323534189313e+02
6.8698319345830678e+04
];
