%Vec Object:sol 1 MPI processes
%  type: mpi
sol = [
0.0000000000000000e+00
-1.7908265655173372e-04
-1.7778149100197458e-04
-1.7650817997661773e-04
-1.7527099807992770e-04
-1.7408357673460843e-04
-1.7287595362456881e-04
-1.7172475911624621e-04
-1.7059684960150863e-04
-1.6949800581013118e-04
-1.6844581716689552e-04
-1.6737495125987651e-04
-1.6634237277296182e-04
-1.6533451058701128e-04
-1.6434571499739342e-04
-1.6339517882293144e-04
-1.6244695238448075e-04
-1.6151052906837431e-04
-1.6060328354416511e-04
-1.5970416543509657e-04
-1.5883720899225492e-04
-1.5798783419351684e-04
-1.5713678799764779e-04
-1.5630852681670150e-04
-1.5549049060724953e-04
-1.5469348971319005e-04
-1.5392175202527306e-04
-1.5315063644418924e-04
-1.5238567191559104e-04
-1.5164125655531228e-04
-1.5090385934325381e-04
-1.5018870314900776e-04
-1.4948986936811772e-04
-1.4878735907947378e-04
-1.4809735787503224e-04
-1.4742146276713791e-04
-1.4675547457807406e-04
-1.4610803517130285e-04
-1.4547292422791361e-04
-1.4482862162871853e-04
-1.4420161518940527e-04
-1.4358696184753130e-04
-1.4298126894224251e-04
-1.4239148367864793e-04
-1.4180711285495033e-04
-1.4121934566070448e-04
-1.4064664676123836e-04
-1.4008733843666932e-04
-1.3953389726162463e-04
-1.3899443087449749e-04
-1.3845552863004762e-04
-1.3791852529822419e-04
-1.3739382189510257e-04
-1.3688193204696846e-04
-1.3637827938334376e-04
-1.3588217245921904e-04
-1.3538378692750150e-04
-1.3489621800618121e-04
-1.3441504377144429e-04
-1.3394556596470802e-04
-1.3348737758414736e-04
-1.3302933750713105e-04
-1.3257227569421024e-04
-1.3212626487389453e-04
-1.3169048179054131e-04
-1.3126061540151446e-04
-1.3084131445508131e-04
-1.3042078950554125e-04
-1.3000569718413821e-04
-1.2959812781444523e-04
-1.2920073283481591e-04
-1.2881327807528695e-04
-1.2843140357116542e-04
-1.2804565073881293e-04
-1.2766980998090940e-04
-1.2730369153883119e-04
-1.2694500301623979e-04
-1.2659448109679137e-04
-1.2624708070543231e-04
-1.2590232043924635e-04
-1.2556557081698443e-04
-1.2523665686333090e-04
-1.2491720448421466e-04
-1.2460709246973792e-04
-1.2429520213140595e-04
-1.2398833715737684e-04
-1.2369098812407974e-04
-1.2340307633478670e-04
-1.2312453817631694e-04
-1.2285133410254635e-04
-1.2257700006723597e-04
-1.2231227958927419e-04
-1.2205714122545512e-04
-1.2181156134827131e-04
-1.2157383491297874e-04
-1.2133842423343073e-04
-1.2110803184970951e-04
-1.2088753389448121e-04
-1.2067694929743975e-04
0.0000000000000000e+00
1.5061000678016951e+03
3.6295486867788043e+02
7.2925350558628823e+04
];
