%Vec Object:sol 1 MPI processes
%  type: mpi
sol = [
0.0000000000000000e+00
-1.7600836719148334e-04
-1.7476219368071883e-04
-1.7352658710113408e-04
-1.7231194090880500e-04
-1.7115145855678109e-04
-1.6999403882657753e-04
-1.6889108030438866e-04
-1.6781027581878378e-04
-1.6673119495519274e-04
-1.6569625294720979e-04
-1.6466306631867422e-04
-1.6367324687956093e-04
-1.6270700590804323e-04
-1.6175124813376312e-04
-1.6081480369891667e-04
-1.5988746015992405e-04
-1.5898925923935395e-04
-1.5811911176248918e-04
-1.5725639931902778e-04
-1.5641029004072245e-04
-1.5557214414306013e-04
-1.5474964775109731e-04
-1.5395476590073399e-04
-1.5316945507048421e-04
-1.5240432254908651e-04
-1.5164405709580387e-04
-1.5088620144644409e-04
-1.5015142821438082e-04
-1.4943642185540648e-04
-1.4872791527606084e-04
-1.4803807910100691e-04
-1.4734627286618740e-04
-1.4666327745987116e-04
-1.4600003606364442e-04
-1.4535030460226741e-04
-1.4470996958341768e-04
-1.4408058004050913e-04
-1.4345112349581737e-04
-1.4283119054731114e-04
-1.4222799362246421e-04
-1.4163664071214282e-04
-1.4105380722632282e-04
-1.4047605481150768e-04
-1.3990265860376491e-04
-1.3933667982538478e-04
-1.3878525141656456e-04
-1.3824673414303853e-04
-1.3771373884277532e-04
-1.3718127287487236e-04
-1.3665789141572573e-04
-1.3614037761332140e-04
-1.3563473708392632e-04
-1.3514148401005301e-04
-1.3465622739556788e-04
-1.3416442229542214e-04
-1.3368378018008192e-04
-1.3321358385878388e-04
-1.3274948829739960e-04
-1.3229671343101956e-04
-1.3185300448470628e-04
-1.3140269121355582e-04
-1.3096156053876232e-04
-1.3053113367357170e-04
-1.3011060630190372e-04
-1.2969574081557074e-04
-1.2928678833505088e-04
-1.2887772832314651e-04
-1.2847688230188493e-04
-1.2808329518948868e-04
-1.2769958138968363e-04
-1.2732551507738002e-04
-1.2695205424458184e-04
-1.2657926339049581e-04
-1.2621610356672696e-04
-1.2586239242038221e-04
-1.2551587665106311e-04
-1.2517728767362006e-04
-1.2483919896140805e-04
-1.2450591283498454e-04
-1.2418040971063328e-04
-1.2386252123619659e-04
-1.2355385374793093e-04
-1.2325432503057564e-04
-1.2295249443637328e-04
-1.2265578312532565e-04
-1.2236836061296389e-04
-1.2209015203035547e-04
-1.2182109752406375e-04
-1.2155886138722049e-04
-1.2129362728782241e-04
-1.2103779298933639e-04
-1.2079133070498705e-04
-1.2055422034581180e-04
-1.2032478429075990e-04
-1.2010089658667053e-04
-1.1987839572639384e-04
-1.1966559107726974e-04
-1.1946250452311155e-04
0.0000000000000000e+00
1.4905134025511425e+03
3.6295486867788043e+02
7.2925350558628823e+04
];
