%Vec Object:sol 1 MPI processes
%  type: mpi
sol = [
0.0000000000000000e+00
-1.7833093837454328e-10
-2.0154795374565950e-10
-2.0628169782377421e-10
-1.0598582390408764e-03
-9.4560291586138882e-04
-8.4907226768211224e-04
-7.6743202609623386e-04
-6.9293729613150985e-04
-6.2651946610926433e-04
-5.6129093311306792e-04
-4.9685154204260110e-04
-4.3148738377547200e-04
-3.6281613971478522e-04
-2.9678917150977594e-04
-2.3025165149116511e-04
-1.7426263091128912e-04
-1.2501829600571404e-04
-9.0592314641377679e-05
-6.6048679804193950e-05
-5.2858057908987116e-05
-4.6647855182264551e-05
-4.5757139486641546e-05
-4.7709117556899281e-05
-5.0985988524266784e-05
-5.4658463681195108e-05
-5.8105441855499062e-05
-6.1025735572588211e-05
-6.3454979029575420e-05
-6.5201395009057840e-05
-6.6537009882343292e-05
-6.7376688699910536e-05
-6.7881493786983059e-05
-6.8132417692545540e-05
-6.8133178557637866e-05
-6.7987974905167199e-05
-6.7719720885526193e-05
-6.7344302040904641e-05
-6.6906418878711528e-05
-6.6424491712546737e-05
-6.5898044511667110e-05
-6.5348822594970423e-05
-6.4777751797263827e-05
-6.4200216938871423e-05
-6.3621109001846455e-05
-6.3019139651549359e-05
-6.2425479741910720e-05
-6.1836563602635450e-05
-6.1253122466707393e-05
-6.0651297909039918e-05
-6.0065749210961305e-05
-5.9490332332262622e-05
-5.8921966272354963e-05
-5.8345571500281904e-05
-5.7772163570556597e-05
-5.7220001339773843e-05
-5.6669131032325034e-05
-5.6118302532197861e-05
-5.5580510495034699e-05
-5.5043460115575064e-05
-5.4501936939574975e-05
-5.3983304668255476e-05
-5.3471865253858305e-05
-5.2959579935022197e-05
-5.2449876326860448e-05
-5.1954539658810434e-05
-5.1464501359553063e-05
-5.0973336400481040e-05
-5.0488526255081899e-05
-5.0014284548187082e-05
-4.9540351199627001e-05
-4.9065079487225597e-05
-4.8603339033825931e-05
-4.8150525914455910e-05
-4.7694475917728845e-05
-4.7239939089782648e-05
-4.6793372898306625e-05
-4.6350595891859275e-05
-4.5905934407003143e-05
-4.5458760853327483e-05
-4.5019258323996936e-05
-4.4582919333781500e-05
-4.4145125794134324e-05
-4.3703799302915947e-05
-4.3263743702373660e-05
-4.2825318318562329e-05
-4.2383548842530584e-05
-4.1937010350346409e-05
-4.1483672243937988e-05
-4.1029165710436404e-05
-4.0566979106750297e-05
-4.0100940843545913e-05
-3.9626792730609369e-05
-3.9145963788476753e-05
-3.8653620054441267e-05
-3.8142818557341262e-05
-3.7621734577416870e-05
-3.7086039220761747e-05
-3.6535694096163298e-05
0.0000000000000000e+00
2.0066292658214218e+03
3.1334567198164018e+02
1.0716454188732867e+04
];
