%Vec Object:sol 1 MPI processes
%  type: mpi
sol = [
0.0000000000000000e+00
-1.6504685662561668e-04
-1.6394389355567129e-04
-1.6284752680405630e-04
-1.6176927362421929e-04
-1.6073938276544390e-04
-1.5971067758469154e-04
-1.5873076935510715e-04
-1.5776977251937409e-04
-1.5682631293928494e-04
-1.5590410512778428e-04
-1.5498218347048478e-04
-1.5409917455794388e-04
-1.5323681031880162e-04
-1.5239001253545807e-04
-1.5157633127072125e-04
-1.5074808431815099e-04
-1.4994321276903219e-04
-1.4916341142745364e-04
-1.4838954894987332e-04
-1.4764359783113441e-04
-1.4691233308086827e-04
-1.4618358997129546e-04
-1.4546802298113151e-04
-1.4476057643412175e-04
-1.4407116769714432e-04
-1.4340372458523882e-04
-1.4273969028072420e-04
-1.4209527963881264e-04
-1.4144852219674994e-04
-1.4080715453233095e-04
-1.4018521112822135e-04
-1.3957731524677272e-04
-1.3897664435017152e-04
-1.3839345967281655e-04
-1.3781121956125001e-04
-1.3722874651027927e-04
-1.3666254392174560e-04
-1.3610714712531175e-04
-1.3555982519654962e-04
-1.3502735989292034e-04
-1.3450393093709787e-04
-1.3397120703319656e-04
-1.3345250739974884e-04
-1.3294463821334916e-04
-1.3244302638606046e-04
-1.3195438323773410e-04
-1.3147720039895962e-04
-1.3099500491969935e-04
-1.3051788341184275e-04
-1.3005259498633306e-04
-1.2959223987037859e-04
-1.2914247448704395e-04
-1.2870380398223246e-04
-1.2827101019518810e-04
-1.2783136588631044e-04
-1.2740247373655892e-04
-1.2698292924244499e-04
-1.2656866402760523e-04
-1.2616460466193110e-04
-1.2577039974282493e-04
-1.2537379277981637e-04
-1.2497874543418132e-04
-1.2459339473309673e-04
-1.2421700038175849e-04
-1.2384558545209371e-04
-1.2348347828661216e-04
-1.2312957052793390e-04
-1.2276965634041678e-04
-1.2241625444615081e-04
-1.2207187324729012e-04
-1.2173631393187790e-04
-1.2140727678957441e-04
-1.2108531015493699e-04
-1.2076425202302796e-04
-1.2044606521261729e-04
-1.2013445334457495e-04
-1.1983011465549328e-04
-1.1953430816401251e-04
-1.1924691767417497e-04
-1.1896513326954862e-04
-1.1867875552412023e-04
-1.1840093544281248e-04
-1.1813158713762015e-04
-1.1787024679171602e-04
-1.1761513449316043e-04
-1.1736847899462717e-04
-1.1712207945219421e-04
-1.1688006574602246e-04
-1.1664520899719255e-04
-1.1641813379783263e-04
-1.1619969365323525e-04
-1.1598987845562416e-04
-1.1578565421266655e-04
-1.1557978409566966e-04
-1.1538254023647498e-04
-1.1519426731816485e-04
-1.1501499494328883e-04
-1.1484475879132760e-04
0.0000000000000000e+00
1.4336210102963935e+03
3.6295486867788043e+02
7.2925350558628823e+04
];
