%Vec Object:sol 1 MPI processes
%  type: mpi
sol = [
0.0000000000000000e+00
-8.8969715830706944e-04
-8.2467635792912925e-04
-7.3908203150010272e-04
-6.4749108243515802e-04
-5.7717544275216401e-04
-5.1947267128544465e-04
-4.7233961994393745e-04
-4.2911041702294625e-04
-3.9048532697216710e-04
-3.4849176248880238e-04
-1.9366711199553089e-04
-1.7727520953356900e-04
-1.8380776237354398e-04
-1.8121165763754774e-04
-1.7828287639068906e-04
-1.7533286853908255e-04
-1.7239858553902676e-04
-1.6945433491167308e-04
-1.6634276418057780e-04
-1.6237342717464632e-04
-1.5456678789105152e-04
-1.3783290204132361e-04
-1.1681647811225213e-04
-1.0046147258023510e-04
-9.0281584491165508e-05
-8.4982389146714453e-05
-8.2764209496464917e-05
-8.2234517652835309e-05
-8.2423149045969787e-05
-8.2981714510331147e-05
-8.3616070497489879e-05
-8.4254170363278386e-05
-8.4865445131133540e-05
-8.5386137516125872e-05
-8.5854563800750764e-05
-8.6259073651281487e-05
-8.6587421263146724e-05
-8.6869532460486046e-05
-8.7104546147646149e-05
-8.7281094897220798e-05
-8.7419526705155671e-05
-8.7519722101601468e-05
-8.7578511579998423e-05
-8.7604464256109152e-05
-8.7596492957887814e-05
-8.7554049811888821e-05
-8.7483689898281314e-05
-8.7385268214128836e-05
-8.7259901190592026e-05
-8.7105563173283954e-05
-8.6929056771345201e-05
-8.6730864728103214e-05
-8.6506308231664437e-05
-8.6261616830675397e-05
-8.5997875699509593e-05
-8.5713899588928615e-05
-8.5408451114726188e-05
-8.5086396991855545e-05
-8.4748553741758158e-05
-8.4388850431700775e-05
-8.4020677960969697e-05
-8.3637787431270442e-05
-8.3237172122730392e-05
-8.2822695429173721e-05
-8.2398541825419566e-05
-8.1962826435452650e-05
-8.1512851379068511e-05
-8.1050868566152369e-05
-8.0580659556910800e-05
-8.0099926762284041e-05
-7.9603826038201223e-05
-7.9103896930120268e-05
-7.8597564932807558e-05
-7.8077416130132094e-05
-7.7548152713250557e-05
-7.7012602830926603e-05
-7.6467953315259766e-05
-7.5911966016418671e-05
-7.5346233483589796e-05
-7.4775045233870524e-05
-7.4194887871856035e-05
-7.3604392965004404e-05
-7.3002124162393247e-05
-7.2391066032880748e-05
-7.1770809105456502e-05
-7.1137938851468309e-05
-7.0491378715389018e-05
-6.9829858531469548e-05
-6.9158604114645818e-05
-6.8472801742197620e-05
-6.7768677463999605e-05
-6.7046428184747053e-05
-6.6306426546206123e-05
-6.5544273907484985e-05
-6.4758717379396371e-05
-6.3948028128841777e-05
-6.3106729113043475e-05
-6.2236768356499511e-05
0.0000000000000000e+00
1.7335664102750404e+03
3.5523922860269943e+02
4.3535563050953606e+04
];
