%Vec Object:sol 1 MPI processes
%  type: mpi
sol = [
0.0000000000000000e+00
-8.4301423274813880e-04
-7.7373957194628012e-04
-6.8911071894197848e-04
-6.0471514005180818e-04
-5.4063527067788823e-04
-4.8726245613150894e-04
-4.4292359975093713e-04
-3.4050170130221432e-04
-1.8038803414910240e-04
-1.8521473720822335e-04
-1.8280030570986955e-04
-1.8044414524513144e-04
-1.7812835181671386e-04
-1.7583565454211647e-04
-1.7360014609739128e-04
-1.7138472793440181e-04
-1.6920366341807716e-04
-1.6704854556892304e-04
-1.6490473727909523e-04
-1.6279729389690853e-04
-1.6070257169811876e-04
-1.5861025272243548e-04
-1.5654375004795997e-04
-1.5447979852398441e-04
-1.5242310180446354e-04
-1.5034778049985344e-04
-1.4819912403740517e-04
-1.4587648081211308e-04
-1.4310843469111088e-04
-1.3939134068143176e-04
-1.3418165125604145e-04
-1.2741650525231979e-04
-1.1994060771948546e-04
-1.1287516558535179e-04
-1.0677923935753191e-04
-1.0174102945925433e-04
-9.7715239811069408e-05
-9.4601846372471522e-05
-9.2226263849654820e-05
-9.0466610173415616e-05
-8.9193570118141564e-05
-8.8282262007051410e-05
-8.7633980042389764e-05
-8.7180813542731136e-05
-8.6865021355509892e-05
-8.6642106974254340e-05
-8.6486835637998832e-05
-8.6375199297883805e-05
-8.6290979753022258e-05
-8.6217148836650651e-05
-8.6151000439656133e-05
-8.6084911863286713e-05
-8.6008522612756382e-05
-8.5923440525035840e-05
-8.5826068482013247e-05
-8.5713034198181028e-05
-8.5580945808546842e-05
-8.5432535890814286e-05
-8.5267581342199594e-05
-8.5078783316270572e-05
-8.4878101446886573e-05
-8.4658761104215109e-05
-8.4417278201238388e-05
-8.4157047507488043e-05
-8.3881488385203202e-05
-8.3588562418067250e-05
-8.3275455473940199e-05
-8.2943847481832563e-05
-8.2597346391703023e-05
-8.2233811903112785e-05
-8.1848054369822643e-05
-8.1451400663752816e-05
-8.1041253231438964e-05
-8.0610290547419554e-05
-8.0163192281408323e-05
-7.9702569685618222e-05
-7.9225599067453116e-05
-7.8730210530506372e-05
-7.8218174112061075e-05
-7.7693510058571771e-05
-7.7152774602735194e-05
-7.6594793061653856e-05
-7.6018243365228038e-05
-7.5426060956075669e-05
-7.4817872244055939e-05
-7.4190362773707050e-05
-7.3542552917669910e-05
-7.2873321867832075e-05
-7.2187945396108097e-05
-7.1481731078275922e-05
-7.0750534692633823e-05
-6.9994798785842857e-05
-6.9214835587391819e-05
-6.8406189947847689e-05
-6.7567781547362958e-05
-6.6697250869694825e-05
-6.5788798879644011e-05
-6.4844158218826852e-05
0.0000000000000000e+00
1.7167129077251914e+03
3.5818048604930061e+02
5.2037748403667058e+04
];
