%Vec Object:sol 1 MPI processes
%  type: mpi
sol = [
0.0000000000000000e+00
-1.6224004013863096e-04
-1.6115875531857386e-04
-1.6009939001641871e-04
-1.5906935095472827e-04
-1.5808586445937529e-04
-1.5709497255234279e-04
-1.5613245099189443e-04
-1.5518839081909348e-04
-1.5426799682614315e-04
-1.5338704650638956e-04
-1.5250568718796901e-04
-1.5166180434048201e-04
-1.5081920339501403e-04
-1.4998554336714245e-04
-1.4918433785340943e-04
-1.4838975083171944e-04
-1.4762009410832904e-04
-1.4687446619723700e-04
-1.4613071059490579e-04
-1.4539477714437768e-04
-1.4467327303344763e-04
-1.4396470082083412e-04
-1.4328005575365730e-04
-1.4260290273639738e-04
-1.4194299040548719e-04
-1.4129345077797792e-04
-1.4063694635435905e-04
-1.4000047610114355e-04
-1.3938106059763387e-04
-1.3876657970074167e-04
-1.3817077849717188e-04
-1.3758838916507683e-04
-1.3699628837256377e-04
-1.3641839992426368e-04
-1.3585206770573867e-04
-1.3529354211806524e-04
-1.3475066460253722e-04
-1.3421807893269100e-04
-1.3369020893889277e-04
-1.3316153135496837e-04
-1.3264307392615952e-04
-1.3213179944621857e-04
-1.3163402783907395e-04
-1.3114662340401237e-04
-1.3066509908701496e-04
-1.3018823174508311e-04
-1.2971344374654046e-04
-1.2924323058284806e-04
-1.2878496953837187e-04
-1.2833810583334342e-04
-1.2789586195005451e-04
-1.2746380953688460e-04
-1.2703038681114768e-04
-1.2659992822937796e-04
-1.2617726720661577e-04
-1.2576500142884837e-04
-1.2536173540797572e-04
-1.2496347289736213e-04
-1.2457426033134970e-04
-1.2418043547499327e-04
-1.2379255258205472e-04
-1.2341261357368230e-04
-1.2304205121502250e-04
-1.2268014360127539e-04
-1.2232298186779506e-04
-1.2196973313978812e-04
-1.2161628792197475e-04
-1.2127001369174186e-04
-1.2093004079551343e-04
-1.2059881475119365e-04
-1.2027614565953040e-04
-1.1995977453149273e-04
-1.1964111057973211e-04
-1.1932663592358711e-04
-1.1902060511039043e-04
-1.1872093973345409e-04
-1.1842833204848334e-04
-1.1814402711535820e-04
-1.1786763990412084e-04
-1.1758555260844493e-04
-1.1731023529553265e-04
-1.1704326125168767e-04
-1.1678455058113399e-04
-1.1653365097411232e-04
-1.1628881293932183e-04
-1.1604749804510162e-04
-1.1580695557147367e-04
-1.1557478800557013e-04
-1.1534961131018319e-04
-1.1513204458165574e-04
-1.1492293270655642e-04
-1.1472226546309129e-04
-1.1452070291754623e-04
-1.1432372929833132e-04
-1.1413521561507171e-04
-1.1395550603591502e-04
-1.1378463394971998e-04
-1.1362263852488996e-04
0.0000000000000000e+00
1.4187180383811567e+03
3.6295486867788043e+02
7.2925350558628823e+04
];
