%Vec Object:sol 1 MPI processes
%  type: mpi
sol = [
0.0000000000000000e+00
-1.6528711667845015e-04
-1.6418236177291175e-04
-1.6307646460463987e-04
-1.6199658026573100e-04
-1.6096515037578260e-04
-1.5993491524331978e-04
-1.5895356805284061e-04
-1.5799117005803589e-04
-1.5703870289922599e-04
-1.5611526145831292e-04
-1.5519210826479894e-04
-1.5430793416155143e-04
-1.5344443917768709e-04
-1.5259653599891568e-04
-1.5177690898671660e-04
-1.5094509780259129e-04
-1.5013934262767147e-04
-1.4935869445112021e-04
-1.4858399119282919e-04
-1.4783724121192590e-04
-1.4710519813124136e-04
-1.4636831830925416e-04
-1.4565207678668443e-04
-1.4494396437061700e-04
-1.4425391440886991e-04
-1.4358586102036574e-04
-1.4292121845835371e-04
-1.4226905377669519e-04
-1.4162174148166351e-04
-1.4097987488268223e-04
-1.4035745953935321e-04
-1.3974911138309005e-04
-1.3914799869314861e-04
-1.3856439808960361e-04
-1.3797465998196040e-04
-1.3739182771626513e-04
-1.3682528794699332e-04
-1.3626956663194433e-04
-1.3572192788695409e-04
-1.3518916286512592e-04
-1.3465851892186380e-04
-1.3412554814270399e-04
-1.3360662193347063e-04
-1.3309853442114729e-04
-1.3259670623005086e-04
-1.3210785901843900e-04
-1.3163053655671216e-04
-1.3114132301198913e-04
-1.3066408680750141e-04
-1.3019869210945256e-04
-1.2973822872836371e-04
-1.2928836067513055e-04
-1.2884959351340300e-04
-1.2841007265108943e-04
-1.2797035290302002e-04
-1.2754141091920337e-04
-1.2712181829081340e-04
-1.2670750125104039e-04
-1.2630339351900059e-04
-1.2590915920626233e-04
-1.2550600913165577e-04
-1.2511100312871651e-04
-1.2472569512620015e-04
-1.2434934379921468e-04
-1.2397796686011806e-04
-1.2361589858008056e-04
-1.2325565990676241e-04
-1.2289579141972046e-04
-1.2254246133350957e-04
-1.2219815142491101e-04
-1.2186266285147243e-04
-1.2153369307929451e-04
-1.2121126350136166e-04
-1.2088456475796135e-04
-1.2056653254635220e-04
-1.2025507105551605e-04
-1.1995087962408063e-04
-1.1965521912115277e-04
-1.1936797344695444e-04
-1.1908015165111815e-04
-1.1879394458632233e-04
-1.1851629362935571e-04
-1.1824711320020147e-04
-1.1798593933223706e-04
-1.1773099028797795e-04
-1.1748256986908075e-04
-1.1723224224810259e-04
-1.1699047903044959e-04
-1.1675587015660981e-04
-1.1652904108880914e-04
-1.1631084651678701e-04
-1.1610127648925459e-04
-1.1589129828422037e-04
-1.1568569721706208e-04
-1.1548872131666001e-04
-1.1530071598045889e-04
-1.1512171118266827e-04
-1.1495174298932575e-04
0.0000000000000000e+00
1.4348970045868791e+03
3.6295486867788043e+02
7.2925350558628823e+04
];
