%Vec Object:sol 1 MPI processes
%  type: mpi
sol = [
0.0000000000000000e+00
-1.5775352608492601e-04
-1.5673200815138425e-04
-1.5573085108112864e-04
-1.5475723692419304e-04
-1.5381731943484269e-04
-1.5286138235871350e-04
-1.5195088335636460e-04
-1.5105755668194394e-04
-1.5018645765052396e-04
-1.4935289177718563e-04
-1.4851831562664387e-04
-1.4770696952145070e-04
-1.4690259515491967e-04
-1.4611241632027385e-04
-1.4535313261751625e-04
-1.4459974462438323e-04
-1.4387000689818259e-04
-1.4316307411978290e-04
-1.4244809978690689e-04
-1.4174946239166016e-04
-1.4106437838199611e-04
-1.4039140930490225e-04
-1.3974123541435937e-04
-1.3909793697297859e-04
-1.3847098039801103e-04
-1.3785215194344434e-04
-1.3722752188758330e-04
-1.3662198639968453e-04
-1.3603267224368074e-04
-1.3544782834259869e-04
-1.3488080750549550e-04
-1.3432651472642735e-04
-1.3376766397268347e-04
-1.3321685589791035e-04
-1.3267700415123843e-04
-1.3214447543674512e-04
-1.3162689657581609e-04
-1.3111907570458506e-04
-1.3061842297349809e-04
-1.3012201633400607e-04
-1.2962683863986752e-04
-1.2913843378831589e-04
-1.2866295319022178e-04
-1.2819735809019734e-04
-1.2773729302848445e-04
-1.2728918952140735e-04
-1.2684358122631175e-04
-1.2639355747320793e-04
-1.2595500031568329e-04
-1.2552737803746665e-04
-1.2510410342139356e-04
-1.2469060137570864e-04
-1.2428737080228151e-04
-1.2388359763570376e-04
-1.2347838578480764e-04
-1.2308317474631097e-04
-1.2269661213912855e-04
-1.2231481216383461e-04
-1.2194250536495340e-04
-1.2157936797135727e-04
-1.2121583940712337e-04
-1.2085096626270254e-04
-1.2049514329580085e-04
-1.2014767223236848e-04
-1.1980474925021609e-04
-1.1947053438955144e-04
-1.1914479796904025e-04
-1.1882063848307970e-04
-1.1849367763115929e-04
-1.1817518938698798e-04
-1.1786499273773198e-04
-1.1756088938577627e-04
-1.1726341332662918e-04
-1.1697404074743877e-04
-1.1668789171020781e-04
-1.1639940337319553e-04
-1.1611777216752377e-04
-1.1584421542695164e-04
-1.1557862970152653e-04
-1.1531961265879819e-04
-1.1506703307188181e-04
-1.1481756622094640e-04
-1.1456833613262148e-04
-1.1432672664274348e-04
-1.1409103317932005e-04
-1.1386340574977875e-04
-1.1364380009704037e-04
-1.1343218516453207e-04
-1.1322187097795341e-04
-1.1301227506919066e-04
-1.1281095543155208e-04
-1.1261790893411123e-04
-1.1243313905973192e-04
-1.1225513644841699e-04
-1.1208525358861896e-04
-1.1191738678992598e-04
-1.1175303513263634e-04
-1.1159739627205596e-04
0.0000000000000000e+00
1.3941863712611114e+03
3.6295486867788043e+02
7.2925350558628823e+04
];
