%Vec Object:sol 1 MPI processes
%  type: mpi
sol = [
0.0000000000000000e+00
-1.7722677096885107e-04
-1.7594774443809827e-04
-1.7468834319914664e-04
-1.7346460692323283e-04
-1.7229553151717358e-04
-1.7112957957084076e-04
-1.7001170016496824e-04
-1.6889507705543545e-04
-1.6780718933160932e-04
-1.6676541177907008e-04
-1.6572541289779154e-04
-1.6472914210273820e-04
-1.6373884683094266e-04
-1.6275904920150865e-04
-1.6181710304960555e-04
-1.6088432121490979e-04
-1.5998090318752208e-04
-1.5910387839687283e-04
-1.5821218056951753e-04
-1.5735233403842204e-04
-1.5650993293531859e-04
-1.5568327640273517e-04
-1.5488441930262589e-04
-1.5408540272949346e-04
-1.5329428318759271e-04
-1.5252821503057394e-04
-1.5176709480477983e-04
-1.5102919100718046e-04
-1.5031116286129477e-04
-1.4958368412598482e-04
-1.4887314779002227e-04
-1.4817883386271155e-04
-1.4749334972100477e-04
-1.4682771829065494e-04
-1.4617445750031172e-04
-1.4551223328526593e-04
-1.4486844051198974e-04
-1.4423715541712478e-04
-1.4361541054000608e-04
-1.4301046983623757e-04
-1.4241106876842474e-04
-1.4180824087802070e-04
-1.4122123682303855e-04
-1.4064658366912878e-04
-1.4007934447598106e-04
-1.3952670257194659e-04
-1.3897640457515351e-04
-1.3842506264176546e-04
-1.3788763561166544e-04
-1.3736348038990702e-04
-1.3684517576550319e-04
-1.3633880446744777e-04
-1.3583055893113302e-04
-1.3532829491149194e-04
-1.3483523412690561e-04
-1.3435417564997066e-04
-1.3388357068397491e-04
-1.3341733645528620e-04
-1.3294865147636217e-04
-1.3249122703187747e-04
-1.3204082858541522e-04
-1.3159961081939887e-04
-1.3116910620440781e-04
-1.3074327474657226e-04
-1.3031365351551740e-04
-1.2989457717564867e-04
-1.2948575360795004e-04
-1.2908513593185573e-04
-1.2869176480249486e-04
-1.2829986478024523e-04
-1.2791211012869478e-04
-1.2753181037193284e-04
-1.2715953328854828e-04
-1.2679688951059266e-04
-1.2644372949087218e-04
-1.2608632028646675e-04
-1.2573496525908746e-04
-1.2539310491348012e-04
-1.2506059636095397e-04
-1.2473585878319620e-04
-1.2441746294797979e-04
-1.2409671422059795e-04
-1.2378531152793570e-04
-1.2348274421040007e-04
-1.2318710370864475e-04
-1.2290074527600013e-04
-1.2261905110453290e-04
-1.2233876291618879e-04
-1.2206632903363582e-04
-1.2180239903233664e-04
-1.2154786431289375e-04
-1.2130269871312662e-04
-1.2105906304319850e-04
-1.2081909855243207e-04
-1.2058846285334156e-04
-1.2036750742439467e-04
-1.2015624971935567e-04
-1.1995462949784999e-04
0.0000000000000000e+00
1.4966606152822878e+03
3.6295486867788043e+02
7.2925350558628823e+04
];
