%Vec Object:sol 1 MPI processes
%  type: mpi
sol = [
0.0000000000000000e+00
-1.7061826568567665e-04
-1.6944431836726185e-04
-1.6827642443277471e-04
-1.6713055360373957e-04
-1.6603593076513224e-04
-1.6494340099351538e-04
-1.6390248816096245e-04
-1.6288203632692385e-04
-1.6186860952296049e-04
-1.6089050545732461e-04
-1.5991339663552203e-04
-1.5897741888268324e-04
-1.5806353802556608e-04
-1.5716645551167342e-04
-1.5628641419869596e-04
-1.5540769000148231e-04
-1.5455653704780193e-04
-1.5373193801940376e-04
-1.5291401064928753e-04
-1.5212554424587224e-04
-1.5133673648040063e-04
-1.5055560439977610e-04
-1.4980071817275063e-04
-1.4905466622284181e-04
-1.4832772140204337e-04
-1.4762393448643481e-04
-1.4691043408954983e-04
-1.4621106363871001e-04
-1.4553047069469074e-04
-1.4485583807440021e-04
-1.4420164155630984e-04
-1.4356229381451739e-04
-1.4291978581127711e-04
-1.4228700765674357e-04
-1.4166704423788584e-04
-1.4105592295374114e-04
-1.4046188128133565e-04
-1.3987925048158530e-04
-1.3929701441588358e-04
-1.3872016354152686e-04
-1.3815458494782375e-04
-1.3759706486062478e-04
-1.3705423400083003e-04
-1.3652277176791076e-04
-1.3599245125527621e-04
-1.3546388775897628e-04
-1.3494768953505363e-04
-1.3443670038617225e-04
-1.3393865926108046e-04
-1.3345296495314958e-04
-1.3296953993459501e-04
-1.3248377250337751e-04
-1.3200990997281849e-04
-1.3154359881791788e-04
-1.3108577907893295e-04
-1.3063916415377127e-04
-1.3020168652277316e-04
-1.2975485187711401e-04
-1.2931893483477376e-04
-1.2889355875331753e-04
-1.2847465140080816e-04
-1.2806430346469827e-04
-1.2766402300711622e-04
-1.2725975919777478e-04
-1.2685944331133285e-04
-1.2646904514951508e-04
-1.2608829262339505e-04
-1.2571521813968330e-04
-1.2534890112915912e-04
-1.2498124386238097e-04
-1.2461956158115405e-04
-1.2426486419709820e-04
-1.2391770757098493e-04
-1.2357965667200260e-04
-1.2325054432148127e-04
-1.2291972537553316e-04
-1.2259167477234390e-04
-1.2227262910667470e-04
-1.2196245873267497e-04
-1.2165964287799707e-04
-1.2136402504734979e-04
-1.2107051661137563e-04
-1.2077972523255136e-04
-1.2049735018763705e-04
-1.2022155130956637e-04
-1.1995461476262686e-04
-1.1969647680932762e-04
-1.1944181326861304e-04
-1.1918758597702490e-04
-1.1894149755252888e-04
-1.1870441779989267e-04
-1.1847632809023206e-04
-1.1825721710180422e-04
-1.1804111957391429e-04
-1.1782643233827589e-04
-1.1762106366304458e-04
-1.1742503618975022e-04
-1.1723837891935625e-04
0.0000000000000000e+00
1.4628876701778629e+03
3.6295486867788043e+02
7.2925350558628823e+04
];
