%Vec Object:sol 1 MPI processes
%  type: mpi
sol = [
0.0000000000000000e+00
-1.8752163495944031e-04
-1.8610415356405162e-04
-1.8468867942309219e-04
-1.8331354371153480e-04
-1.8199898089112725e-04
-1.8068963741555213e-04
-1.7943728919105282e-04
-1.7818516965537515e-04
-1.7696548662018743e-04
-1.7579672697074408e-04
-1.7463139604663745e-04
-1.7351115290393810e-04
-1.7239391835569367e-04
-1.7129823167034880e-04
-1.7024426507345345e-04
-1.6920133532481030e-04
-1.6818942411140727e-04
-1.6718523349433086e-04
-1.6619081200251019e-04
-1.6523141879703029e-04
-1.6429165185347626e-04
-1.6336978132451403e-04
-1.6245551530004958e-04
-1.6155235189084670e-04
-1.6067230142698428e-04
-1.5981975742475747e-04
-1.5897332288197343e-04
-1.5813385467516687e-04
-1.5731325895657755e-04
-1.5650089373002416e-04
-1.5571269987005128e-04
-1.5494243546486570e-04
-1.5416805855147350e-04
-1.5340927724866261e-04
-1.5266602800902094e-04
-1.5193389381435194e-04
-1.5122189895826673e-04
-1.5051393705506062e-04
-1.4980728030528507e-04
-1.4911943617725075e-04
-1.4844516253328599e-04
-1.4778089840957590e-04
-1.4712837995469518e-04
-1.4647674339863186e-04
-1.4583387415793533e-04
-1.4520732873432839e-04
-1.4459533849464054e-04
-1.4398872990338839e-04
-1.4338129431838018e-04
-1.4278869705929340e-04
-1.4220309898727045e-04
-1.4163085119503057e-04
-1.4107246721071408e-04
-1.4050944361180799e-04
-1.3995412101467869e-04
-1.3941219119609867e-04
-1.3888200752258548e-04
-1.3835896086151806e-04
-1.3783947082256353e-04
-1.3732587815344446e-04
-1.3682037678238793e-04
-1.3632521800865591e-04
-1.3584199660556418e-04
-1.3536514952146710e-04
-1.3488485302960625e-04
-1.3441628035933752e-04
-1.3395911191975895e-04
-1.3351118984661269e-04
-1.3307091361932768e-04
-1.3262807826353143e-04
-1.3219625447631129e-04
-1.3177284644541519e-04
-1.3135844039877313e-04
-1.3095471279436367e-04
-1.3055111172084703e-04
-1.3015259395274392e-04
-1.2976319492397721e-04
-1.2938428993187074e-04
-1.2901572156000970e-04
-1.2864956598523166e-04
-1.2828528927141748e-04
-1.2793143010774672e-04
-1.2758786714876468e-04
-1.2725406000412036e-04
-1.2692548378001863e-04
-1.2659720527772355e-04
-1.2627927839160079e-04
-1.2597162882445597e-04
-1.2567267338787463e-04
-1.2538313862526295e-04
-1.2509255525520145e-04
-1.2481161708122302e-04
-1.2454110817836875e-04
-1.2427925752704055e-04
-1.2402758661618198e-04
-1.2377862766346084e-04
-1.2353648163540974e-04
-1.2330508611402974e-04
0.0000000000000000e+00
1.5474460946588956e+03
3.6295486867788043e+02
7.2925350558628823e+04
];
