%Vec Object:sol 1 MPI processes
%  type: mpi
sol = [
0.0000000000000000e+00
-1.5693599926305221e-04
-1.5592063935657052e-04
-1.5492547644833720e-04
-1.5395764861329922e-04
-1.5303376106855845e-04
-1.5209985123859672e-04
-1.5119429680939773e-04
-1.5030578987994402e-04
-1.4943935585566619e-04
-1.4861021087908110e-04
-1.4778004581498334e-04
-1.4698533296913878e-04
-1.4619918890443519e-04
-1.4541276330615644e-04
-1.4465704574042566e-04
-1.4390718416078192e-04
-1.4318083003904316e-04
-1.4247714475263919e-04
-1.4177808114481828e-04
-1.4109592145398824e-04
-1.4041361444520992e-04
-1.3974335737190348e-04
-1.3909577116787874e-04
-1.3845502638248948e-04
-1.3783053624572605e-04
-1.3722605941882265e-04
-1.3661737189016437e-04
-1.3601387629982850e-04
-1.3542652464724434e-04
-1.3484362992094646e-04
-1.3427847225634437e-04
-1.3372598476659356e-04
-1.3317971749398627e-04
-1.3264487332320291e-04
-1.3210647423217040e-04
-1.3157537591320669e-04
-1.3105916488193522e-04
-1.3055267679734972e-04
-1.3005333533336089e-04
-1.2956760243729198e-04
-1.2908876373149441e-04
-1.2860136005711829e-04
-1.2812683564914274e-04
-1.2766216738444968e-04
-1.2720302212690393e-04
-1.2675579843683430e-04
-1.2631908044535904e-04
-1.2588582954709473e-04
-1.2544794353594856e-04
-1.2502090756062202e-04
-1.2459822550634685e-04
-1.2418529575873854e-04
-1.2378261561455211e-04
-1.2338619972521980e-04
-1.2299695611803032e-04
-1.2260332185518185e-04
-1.2221702154403060e-04
-1.2183549662000373e-04
-1.2146345339312944e-04
-1.2110056857099332e-04
-1.2074310015810167e-04
-1.2039299463337613e-04
-1.2003992863050990e-04
-1.1969245170672686e-04
-1.1934953649920464e-04
-1.1901532304675985e-04
-1.1868958222697180e-04
-1.1837051329314523e-04
-1.1805728083667696e-04
-1.1774236563030039e-04
-1.1743193233131509e-04
-1.1712760043298578e-04
-1.1682990095697544e-04
-1.1654030271577612e-04
-1.1625866874800924e-04
-1.1598299115328404e-04
-1.1570535865215835e-04
-1.1543136257549465e-04
-1.1516533872995970e-04
-1.1490589054050859e-04
-1.1465288683090247e-04
-1.1440780225580384e-04
-1.1417056825974177e-04
-1.1393292578466247e-04
-1.1369660768676822e-04
-1.1346835812162376e-04
-1.1324813249429919e-04
-1.1303589937431938e-04
-1.1283032167151591e-04
-1.1263200881591367e-04
-1.1243412403989331e-04
-1.1224027105771785e-04
-1.1205469831176045e-04
-1.1187590252649794e-04
-1.1170523020704778e-04
-1.1154302298436823e-04
-1.1138931827237650e-04
-1.1123598993759154e-04
0.0000000000000000e+00
1.3897268890978187e+03
3.6295486867788043e+02
7.2925350558628823e+04
];
