%Vec Object:sol 1 MPI processes
%  type: mpi
sol = [
0.0000000000000000e+00
-1.7197936265930149e-04
-1.7076507190119688e-04
-1.6957630275837843e-04
-1.6842095261929033e-04
-1.6731739052287678e-04
-1.6621598149080168e-04
-1.6515990166756793e-04
-1.6410405043903981e-04
-1.6307514801357383e-04
-1.6209000367206787e-04
-1.6110587518609369e-04
-1.6016327116245916e-04
-1.5923361638609405e-04
-1.5830517916452384e-04
-1.5741269763117248e-04
-1.5652849409781189e-04
-1.5567209916272240e-04
-1.5484247771892313e-04
-1.5400920722465124e-04
-1.5319280050983232e-04
-1.5239278790759613e-04
-1.5160754007369695e-04
-1.5084873750292229e-04
-1.5009881872847294e-04
-1.4935773677459370e-04
-1.4862881622888557e-04
-1.4790430819369103e-04
-1.4720190496611877e-04
-1.4651839237796161e-04
-1.4584085137386653e-04
-1.4517407228335378e-04
-1.4451190648141879e-04
-1.4385799404152311e-04
-1.4322302530342011e-04
-1.4260092105837635e-04
-1.4198768401440113e-04
-1.4138278877490928e-04
-1.4077933649338960e-04
-1.4018489784361918e-04
-1.3960652574562327e-04
-1.3903945444932380e-04
-1.3848045228817793e-04
-1.3792854727257502e-04
-1.3737800447652252e-04
-1.3683447281636141e-04
-1.3630492962788559e-04
-1.3578778346984318e-04
-1.3527582778078095e-04
-1.3477045096012779e-04
-1.3426718762912619e-04
-1.3376946636292682e-04
-1.3328316328782439e-04
-1.3280878875763957e-04
-1.3234195974428357e-04
-1.3187843960774294e-04
-1.3141555930842099e-04
-1.3096273771276486e-04
-1.3051573025393628e-04
-1.3007964924446164e-04
-1.2965411495947598e-04
-1.2923099669051317e-04
-1.2880551518229945e-04
-1.2839038496409414e-04
-1.2798482429608998e-04
-1.2758469019990280e-04
-1.2719446600030712e-04
-1.2681087095353571e-04
-1.2642374989096572e-04
-1.2604364055841940e-04
-1.2567310710486255e-04
-1.2531193248802134e-04
-1.2495771625720467e-04
-1.2460883683698958e-04
-1.2425770735962640e-04
-1.2391576232856773e-04
-1.2358079832733778e-04
-1.2325353206436282e-04
-1.2293525918100957e-04
-1.2262427000883695e-04
-1.2230925705460554e-04
-1.2200165494979954e-04
-1.2170304067153143e-04
-1.2141331716129100e-04
-1.2113199378689928e-04
-1.2085596920402618e-04
-1.2057764599452070e-04
-1.2030831523556348e-04
-1.2004793291590461e-04
-1.1979503292822189e-04
-1.1955025171281341e-04
-1.1931325196460009e-04
-1.1907451302412322e-04
-1.1884492761330835e-04
-1.1862286456516802e-04
-1.1840976116600937e-04
-1.1820596663595697e-04
-1.1800996319681864e-04
-1.1781331771758976e-04
0.0000000000000000e+00
1.4699402296054111e+03
3.6295486867788043e+02
7.2925350558628823e+04
];
