%Vec Object:sol 1 MPI processes
%  type: mpi
sol = [
0.0000000000000000e+00
-1.6155990792632392e-04
-1.6048396520512768e-04
-1.5942979881808318e-04
-1.5840477885377985e-04
-1.5742604836925690e-04
-1.5644765842414142e-04
-1.5550363870940929e-04
-1.5456376186440084e-04
-1.5364741857602364e-04
-1.5277031143316234e-04
-1.5189278503174614e-04
-1.5105253974269036e-04
-1.5023178680716108e-04
-1.4940461930366061e-04
-1.4860652250704297e-04
-1.4781500959565224e-04
-1.4704830623282395e-04
-1.4630551701030583e-04
-1.4556798116941718e-04
-1.4485238040976107e-04
-1.4413331168015132e-04
-1.4342712034719137e-04
-1.4274475178931221e-04
-1.4206984672255596e-04
-1.4141210902404554e-04
-1.4077539769569202e-04
-1.4013081905865196e-04
-1.3949615742824516e-04
-1.3887848559421761e-04
-1.3826573731718148e-04
-1.3767159685331798e-04
-1.3709082353563826e-04
-1.3651675714144456e-04
-1.3594409199176448e-04
-1.3537906956871963e-04
-1.3482183522480791e-04
-1.3428019649357558e-04
-1.3374882027308830e-04
-1.3322504424179632e-04
-1.3271441979800780e-04
-1.3219689908064241e-04
-1.3168655032919576e-04
-1.3118966688710005e-04
-1.3070312609731740e-04
-1.3022245951239421e-04
-1.2975424673041877e-04
-1.2929179598380398e-04
-1.2882220440795463e-04
-1.2836453871721128e-04
-1.2791824622705158e-04
-1.2747657682176788e-04
-1.2704507820458658e-04
-1.2662425384332642e-04
-1.2620121480812907e-04
-1.2577890343680605e-04
-1.2536697158278628e-04
-1.2496402892193880e-04
-1.2456609448678344e-04
-1.2417800242283886e-04
-1.2379941469564635e-04
-1.2341451644952848e-04
-1.2303465047407388e-04
-1.2266415149657009e-04
-1.2230230047455439e-04
-1.2194520355221202e-04
-1.2159711012404815e-04
-1.2125686919191523e-04
-1.2091048457579052e-04
-1.2057040655335418e-04
-1.2023907086506962e-04
-1.1991628772311609e-04
-1.1959980600294713e-04
-1.1929016770942108e-04
-1.1898434578280786e-04
-1.1867804518402715e-04
-1.1837811536545379e-04
-1.1808524538485328e-04
-1.1780067503351318e-04
-1.1752429472877687e-04
-1.1725466840917581e-04
-1.1698355274444876e-04
-1.1671611519889164e-04
-1.1645694147847801e-04
-1.1620558156579647e-04
-1.1596029363912664e-04
-1.1572327265511669e-04
-1.1549447425010149e-04
-1.1526207646063303e-04
-1.1503627318808720e-04
-1.1481808953050145e-04
-1.1460836429600662e-04
-1.1440708912198254e-04
-1.1421426309787836e-04
-1.1402439335704628e-04
-1.1383513954399333e-04
-1.1365468805946419e-04
-1.1348307110767533e-04
-1.1332032690422910e-04
0.0000000000000000e+00
1.4151085398090552e+03
3.6295486867788043e+02
7.2925350558628823e+04
];
