%Vec Object:sol 1 MPI processes
%  type: mpi
sol = [
0.0000000000000000e+00
-1.8311154237608097e-04
-1.8174224457609799e-04
-1.8040265748851480e-04
-1.7910125521967003e-04
-1.7785774447042643e-04
-1.7661842614905655e-04
-1.7541082242421716e-04
-1.7422529577436813e-04
-1.7307048990091996e-04
-1.7196441898783627e-04
-1.7086095087515932e-04
-1.6978531604594103e-04
-1.6872702193953263e-04
-1.6768902114516605e-04
-1.6669097165540128e-04
-1.6570304666499775e-04
-1.6473596616748665e-04
-1.6378429790376759e-04
-1.6284157437316293e-04
-1.6193241394407690e-04
-1.6104184099869034e-04
-1.6016582273955767e-04
-1.5929812265003942e-04
-1.5844141418276767e-04
-1.5760675678143236e-04
-1.5679845696339560e-04
-1.5599566815383058e-04
-1.5520086532260603e-04
-1.5442204710492053e-04
-1.5365083917852140e-04
-1.5290281020855200e-04
-1.5217188355919837e-04
-1.5144256624588905e-04
-1.5072168019976585e-04
-1.5001558929319912e-04
-1.4931998713602448e-04
-1.4864370111980767e-04
-1.4798063609805192e-04
-1.4730863232353874e-04
-1.4665446489788356e-04
-1.4601323086243441e-04
-1.4538145267288007e-04
-1.4476622096128126e-04
-1.4415350847242820e-04
-1.4354118873933358e-04
-1.4294452832610053e-04
-1.4236180311674696e-04
-1.4178532007643919e-04
-1.4122087224253369e-04
-1.4065570715378868e-04
-1.4009710035550542e-04
-1.3955127577281357e-04
-1.3901875034117280e-04
-1.3849484552088659e-04
-1.3796913393920073e-04
-1.3745134827271963e-04
-1.3694479581786162e-04
-1.3644495943549426e-04
-1.3595724415152620e-04
-1.3547736524864370e-04
-1.3499338100503874e-04
-1.3451926991891430e-04
-1.3405659890377883e-04
-1.3360452430763740e-04
-1.3315864669816231e-04
-1.3271207621575081e-04
-1.3227332090766261e-04
-1.3184337916508293e-04
-1.3142125478736910e-04
-1.3100964679517676e-04
-1.3060369684324939e-04
-1.3019619767446359e-04
-1.2979728184990311e-04
-1.2940859619439460e-04
-1.2902994348699517e-04
-1.2865898432717069e-04
-1.2828485068213351e-04
-1.2791895264890708e-04
-1.2756295690511513e-04
-1.2721523211100264e-04
-1.2687559885386215e-04
-1.2654045761309739e-04
-1.2620745896328608e-04
-1.2588380180900171e-04
-1.2556752065630671e-04
-1.2526103019247956e-04
-1.2496425653002450e-04
-1.2466523583287738e-04
-1.2437398909727752e-04
-1.2409170691188829e-04
-1.2381929482982971e-04
-1.2355671722970817e-04
-1.2329772227523137e-04
-1.2304118749802365e-04
-1.2279442262349478e-04
-1.2255778045712520e-04
-1.2233127104010902e-04
-1.2211373104147172e-04
0.0000000000000000e+00
1.5259563054140838e+03
3.6295486867788043e+02
7.2925350558628823e+04
];
