%Vec Object:sol 1 MPI processes
%  type: mpi
sol = [
0.0000000000000000e+00
-8.5781869468037376e-04
-7.8989336463653002e-04
-7.0499261059328935e-04
-6.1806838842147190e-04
-5.5214056913415507e-04
-4.9764043795865701e-04
-4.5257396724799606e-04
-4.1005915201910499e-04
-1.9732287079078629e-04
-1.8815303742388678e-04
-1.8702609298222207e-04
-1.8446851863824308e-04
-1.8192251851069773e-04
-1.7939241245330849e-04
-1.7689135721451064e-04
-1.7438939868697975e-04
-1.7192038949904903e-04
-1.6948330257410840e-04
-1.6704149120655681e-04
-1.6463017858730838e-04
-1.6223749331018022e-04
-1.5985862897134075e-04
-1.5748487088661835e-04
-1.5505136581279484e-04
-1.5240639061628265e-04
-1.4906009262547563e-04
-1.4393069772412743e-04
-1.3590687613265691e-04
-1.2569105370724567e-04
-1.1575044818650316e-04
-1.0756227798239281e-04
-1.0126518904576309e-04
-9.6608302725946328e-05
-9.3258559157304152e-05
-9.0936826787434561e-05
-8.9372251292277525e-05
-8.8333838014558743e-05
-8.7676183472885300e-05
-8.7275417232774514e-05
-8.7035112296203772e-05
-8.6913621130999092e-05
-8.6867201274013481e-05
-8.6861417580050867e-05
-8.6882558546748308e-05
-8.6914098182474427e-05
-8.6942476713526586e-05
-8.6965787474794416e-05
-8.6977678352888053e-05
-8.6974821390947593e-05
-8.6950315425375028e-05
-8.6908797743621028e-05
-8.6848407750180794e-05
-8.6762996803378385e-05
-8.6657497707176125e-05
-8.6531242786518797e-05
-8.6382703316476660e-05
-8.6210001185519202e-05
-8.6017209004606821e-05
-8.5805011005236310e-05
-8.5566907685950084e-05
-8.5315615384567596e-05
-8.5044836571451890e-05
-8.4751479001484055e-05
-8.4439257147777934e-05
-8.4111962321612176e-05
-8.3767776997012154e-05
-8.3404028053032353e-05
-8.3022669422129795e-05
-8.2627451782934556e-05
-8.2216288387848433e-05
-8.1784175744007456e-05
-8.1342554303965339e-05
-8.0888911629148298e-05
-8.0415980879303597e-05
-7.9928499943862551e-05
-7.9429202985809559e-05
-7.8915341512703871e-05
-7.8384860738993617e-05
-7.7839529198151579e-05
-7.7283507969466022e-05
-7.6713401002861947e-05
-7.6128044214146735e-05
-7.5526136011615444e-05
-7.4910692792413741e-05
-7.4281390774424391e-05
-7.3634963872851373e-05
-7.2970467463950647e-05
-7.2286794571849714e-05
-7.1589262863255707e-05
-7.0873217454072161e-05
-7.0134710101078053e-05
-6.9374164222636212e-05
-6.8591970158306712e-05
-6.7783750292071674e-05
-6.6948426735229859e-05
-6.6083901469329696e-05
-6.5184534499348445e-05
-6.4252159524633663e-05
0.0000000000000000e+00
1.7220576249597948e+03
3.5734354409747277e+02
4.9358910195470620e+04
];
