%Vec Object:sol 1 MPI processes
%  type: mpi
sol = [
0.0000000000000000e+00
-1.7393470852693227e-04
-1.7270591037649052e-04
-1.7150300060790653e-04
-1.7033398842824647e-04
-1.6920625353824973e-04
-1.6806366114532697e-04
-1.6697469090815200e-04
-1.6590740770448933e-04
-1.6486741724353315e-04
-1.6387175335622566e-04
-1.6285975112822657e-04
-1.6188123161492977e-04
-1.6092594832433098e-04
-1.5998846212513152e-04
-1.5908735821222191e-04
-1.5819458628813310e-04
-1.5730871286082231e-04
-1.5644727393015044e-04
-1.5559318111552317e-04
-1.5476970832448996e-04
-1.5396277545791937e-04
-1.5316978691273266e-04
-1.5238186382186695e-04
-1.5160341866380931e-04
-1.5084493249467977e-04
-1.5011052227471467e-04
-1.4938050594648909e-04
-1.4866894454462719e-04
-1.4795929077801169e-04
-1.4725610238735853e-04
-1.4657414629855672e-04
-1.4590770219196999e-04
-1.4524953456683895e-04
-1.4460460246688459e-04
-1.4395888454682830e-04
-1.4332250990644620e-04
-1.4270387288763041e-04
-1.4209717705227157e-04
-1.4149952175741766e-04
-1.4091080916143922e-04
-1.4032234617299651e-04
-1.3974237330240694e-04
-1.3917764403375291e-04
-1.3862476165789605e-04
-1.3807888947439320e-04
-1.3753891158751767e-04
-1.3700233383495875e-04
-1.3647129598078978e-04
-1.3595368026790303e-04
-1.3544886492360402e-04
-1.3494957051749901e-04
-1.3445291097803906e-04
-1.3396081781706071e-04
-1.3347661284845099e-04
-1.3300124787381755e-04
-1.3253748037764951e-04
-1.3208379707716709e-04
-1.3162659711548456e-04
-1.3117431679103710e-04
-1.3073293253200463e-04
-1.3029828997201156e-04
-1.2987251227750924e-04
-1.2945711181694926e-04
-1.2904159120383498e-04
-1.2862662126211929e-04
-1.2822187922403814e-04
-1.2782708372534521e-04
-1.2744022778977965e-04
-1.2706037303491222e-04
-1.2668001305874999e-04
-1.2630527878870857e-04
-1.2593776281314540e-04
-1.2557802689702635e-04
-1.2522765909105972e-04
-1.2488648557453484e-04
-1.2454174107910771e-04
-1.2420202596819414e-04
-1.2387156075404916e-04
-1.2355020997396700e-04
-1.2323642307236044e-04
-1.2293002931188025e-04
-1.2262153196127785e-04
-1.2232039100067594e-04
-1.2202787871876065e-04
-1.2174212056090525e-04
-1.2146543819172801e-04
-1.2119784933453288e-04
-1.2092721352330399e-04
-1.2066384904065998e-04
-1.2040880689503728e-04
-1.2016296650744558e-04
-1.1992630442647616e-04
-1.1969785828951069e-04
-1.1946603634801798e-04
-1.1924336108810588e-04
-1.1903018098052754e-04
-1.1882651547996869e-04
-1.1863239064210483e-04
0.0000000000000000e+00
1.4800542153213930e+03
3.6295486867788043e+02
7.2925350558628823e+04
];
