%Vec Object:sol 1 MPI processes
%  type: mpi
sol = [
0.0000000000000000e+00
-1.8173735338161809e-04
-1.8041203464739744e-04
-1.7909115404594013e-04
-1.7780127753763461e-04
-1.7656871565466738e-04
-1.7534026630496987e-04
-1.7416934482559240e-04
-1.7300734702642518e-04
-1.7186196259632761e-04
-1.7076486539850409e-04
-1.6967033754220542e-04
-1.6862157616198117e-04
-1.6759245987598315e-04
-1.6656223168589628e-04
-1.6557161774195846e-04
-1.6459105095827149e-04
-1.6364130637499207e-04
-1.6272121743671143e-04
-1.6178855765833816e-04
-1.6088553589670672e-04
-1.6000097325689523e-04
-1.5913310472246022e-04
-1.5829430487358600e-04
-1.5745537519089254e-04
-1.5662578982878283e-04
-1.5582238880632843e-04
-1.5502449370458500e-04
-1.5425086546156294e-04
-1.5349723462947318e-04
-1.5273034429674984e-04
-1.5198641899098200e-04
-1.5125950928983242e-04
-1.5054201268566432e-04
-1.4984523471221401e-04
-1.4915098934876385e-04
-1.4845875828476898e-04
-1.4778574687975205e-04
-1.4712586341228726e-04
-1.4647605467323741e-04
-1.4584161977453767e-04
-1.4520307627055937e-04
-1.4457397295908068e-04
-1.4396134765300731e-04
-1.4336162898154358e-04
-1.4276974798339584e-04
-1.4218195835035249e-04
-1.4160129558094672e-04
-1.4102688572629058e-04
-1.4046694174357815e-04
-1.3992079619355000e-04
-1.3937878891269169e-04
-1.3883453075948465e-04
-1.3830353478562870e-04
-1.3778115277292353e-04
-1.3726836566541848e-04
-1.3676803449599325e-04
-1.3626888358540646e-04
-1.3577012733543054e-04
-1.3528346207887200e-04
-1.3480846754542614e-04
-1.3434080604007005e-04
-1.3388136972237956e-04
-1.3341931056658890e-04
-1.3296782689556724e-04
-1.3252254558325383e-04
-1.3208817136394011e-04
-1.3166440137462048e-04
-1.3124105652043843e-04
-1.3081910441453969e-04
-1.3040764491084684e-04
-1.3000643492771619e-04
-1.2961294256399946e-04
-1.2922716028970118e-04
-1.2883833206270753e-04
-1.2845939009925811e-04
-1.2808813470830671e-04
-1.2772530728323900e-04
-1.2737225693145392e-04
-1.2702211956186737e-04
-1.2667368951301136e-04
-1.2633333793725014e-04
-1.2600270667145207e-04
-1.2568168263486388e-04
-1.2536954480052963e-04
-1.2505243021790390e-04
-1.2474477201176342e-04
-1.2444679180249559e-04
-1.2415842094769724e-04
-1.2387811403169170e-04
-1.2360060014385808e-04
-1.2332658910894944e-04
-1.2306238630373049e-04
-1.2280796437598345e-04
-1.2256159560110607e-04
-1.2232453372264387e-04
-1.2208614183450899e-04
-1.2185758624971821e-04
-1.2163915519578554e-04
0.0000000000000000e+00
1.5191727867409502e+03
3.6295486867788043e+02
7.2925350558628823e+04
];
