%Vec Object:sol 1 MPI processes
%  type: mpi
sol = [
0.0000000000000000e+00
-1.6601373678758457e-04
-1.6488486068835521e-04
-1.6376904199127189e-04
-1.6268429780287713e-04
-1.6164828725088247e-04
-1.6061349939706633e-04
-1.5962787584884017e-04
-1.5865008252840743e-04
-1.5768178095777215e-04
-1.5675474161553382e-04
-1.5582799926115536e-04
-1.5494044039260084e-04
-1.5407366937738253e-04
-1.5321923698614930e-04
-1.5237723596498367e-04
-1.5154263882006857e-04
-1.5073422129782720e-04
-1.4995102787576173e-04
-1.4917380158677255e-04
-1.4842465813840510e-04
-1.4767221352499169e-04
-1.4692898187889324e-04
-1.4621077531824943e-04
-1.4550072069030470e-04
-1.4480879853144408e-04
-1.4413896071871141e-04
-1.4346353349704196e-04
-1.4279689868127506e-04
-1.4214814310219820e-04
-1.4150483348994506e-04
-1.4088103964048711e-04
-1.4027135118660424e-04
-1.3966832709405894e-04
-1.3906404153105276e-04
-1.3847191597884348e-04
-1.3788810637850227e-04
-1.3732062946447359e-04
-1.3676398765724156e-04
-1.3621543393010265e-04
-1.3567066417313013e-04
-1.3512941356697949e-04
-1.3459577850909770e-04
-1.3407621661443999e-04
-1.3356750808446972e-04
-1.3306505345900139e-04
-1.3257255829121392e-04
-1.3207763485900128e-04
-1.3158760665865494e-04
-1.3111001175719709e-04
-1.3064427330638617e-04
-1.3018345265457270e-04
-1.2973323942937063e-04
-1.2928226629234678e-04
-1.2883425763645216e-04
-1.2839438880529814e-04
-1.2796530819705987e-04
-1.2754558217526509e-04
-1.2713112057093285e-04
-1.2672234341615241e-04
-1.2631293837815462e-04
-1.2590973876125630e-04
-1.2551478495147447e-04
-1.2512953470895601e-04
-1.2475324414613979e-04
-1.2438190994235008e-04
-1.2400751156004729e-04
-1.2364044149801599e-04
-1.2328079344953378e-04
-1.2292767542514374e-04
-1.2258357982581421e-04
-1.2224830746555449e-04
-1.2191358775842910e-04
-1.2157839010033885e-04
-1.2125203817244999e-04
-1.2093437244009153e-04
-1.2062326702760512e-04
-1.2031942457462002e-04
-1.2002373533216315e-04
-1.1972392432279019e-04
-1.1943124010470785e-04
-1.1914557065531171e-04
-1.1886845236554579e-04
-1.1859979975121560e-04
-1.1833914746183566e-04
-1.1807674958012530e-04
-1.1781846624779752e-04
-1.1756878610527043e-04
-1.1732766375394864e-04
-1.1709368446780307e-04
-1.1686747675159423e-04
-1.1664652455822468e-04
-1.1642569779174894e-04
-1.1621367571268396e-04
-1.1600887156570634e-04
-1.1581268748083843e-04
-1.1562547161535364e-04
-1.1544731493838217e-04
-1.1526696545399436e-04
0.0000000000000000e+00
1.4387564920941777e+03
3.6295486867788043e+02
7.2925350558628823e+04
];
