%Vec Object:sol 1 MPI processes
%  type: mpi
sol = [
0.0000000000000000e+00
-1.8561187992947295e-04
-1.8421853868504236e-04
-1.8285544215562358e-04
-1.8152095822128144e-04
-1.8022549706174081e-04
-1.7893514077566667e-04
-1.7770467675257240e-04
-1.7649941211294267e-04
-1.7531792922115079e-04
-1.7416544398633980e-04
-1.7301633156783966e-04
-1.7191486130091740e-04
-1.7083987200378447e-04
-1.6978175584523190e-04
-1.6874183852106419e-04
-1.6771284082709053e-04
-1.6671602907702556e-04
-1.6575017527510283e-04
-1.6479336604555191e-04
-1.6384671077094461e-04
-1.6291894021769362e-04
-1.6200878122366724e-04
-1.6112887571783987e-04
-1.6026004701576418e-04
-1.5939577719599864e-04
-1.5855360223124634e-04
-1.5771750731385088e-04
-1.5690666764728173e-04
-1.5611753192393667e-04
-1.5532430491316785e-04
-1.5454520642384380e-04
-1.5378389225346952e-04
-1.5303258213189997e-04
-1.5230281690888287e-04
-1.5158209690250630e-04
-1.5085792868088126e-04
-1.5015374168366122e-04
-1.4946330233723610e-04
-1.4878348509075916e-04
-1.4812161795947499e-04
-1.4745423928900188e-04
-1.4679677982124150e-04
-1.4615644560591839e-04
-1.4552958266931800e-04
-1.4491101259625611e-04
-1.4429548297188394e-04
-1.4368921842965114e-04
-1.4308961181703096e-04
-1.4250503358808348e-04
-1.4193479575684586e-04
-1.4136438889687217e-04
-1.4079691034203230e-04
-1.4024320780085686e-04
-1.3969853865313211e-04
-1.3916389890226096e-04
-1.3864108501062181e-04
-1.3811476354086934e-04
-1.3759553248542981e-04
-1.3708885479986332e-04
-1.3659429803776374e-04
-1.3610744138273193e-04
-1.3561939972537196e-04
-1.3513903041368968e-04
-1.3466965040706951e-04
-1.3420680569887380e-04
-1.3375528262834829e-04
-1.3330921428061638e-04
-1.3286320889907061e-04
-1.3242536485531041e-04
-1.3199840621215135e-04
-1.3158208309749014e-04
-1.3117339563054457e-04
-1.3075998874146729e-04
-1.3035714899370572e-04
-1.2996469099776190e-04
-1.2958024774270969e-04
-1.2920457193150823e-04
-1.2883005533329239e-04
-1.2846140772827393e-04
-1.2810134625862099e-04
-1.2774968592794099e-04
-1.2740809380361993e-04
-1.2707231836661843e-04
-1.2673745266279931e-04
-1.2641025306073145e-04
-1.2609315351621420e-04
-1.2578606783453870e-04
-1.2548895350540155e-04
-1.2518816510485360e-04
-1.2489639258026814e-04
-1.2461479119668756e-04
-1.2434332293106225e-04
-1.2408195792844567e-04
-1.2382127109529918e-04
-1.2356638278345508e-04
-1.2332191048285168e-04
-1.2308786131531182e-04
-1.2286424941832568e-04
0.0000000000000000e+00
1.5382420963115430e+03
3.6295486867788043e+02
7.2925350558628823e+04
];
