%Vec Object:sol 1 MPI processes
%  type: mpi
sol = [
0.0000000000000000e+00
-1.6362598782710021e-04
-1.6253392043909037e-04
-1.6146406481907851e-04
-1.6042390268717539e-04
-1.5940535674085379e-04
-1.5838589106195646e-04
-1.5741468174613647e-04
-1.5646215600027474e-04
-1.5553356985486470e-04
-1.5464485383434305e-04
-1.5374303853547740e-04
-1.5286696378766972e-04
-1.5201131630743819e-04
-1.5117106836535533e-04
-1.5036359998596213e-04
-1.4956282101356380e-04
-1.4878672352420131e-04
-1.4801223545066888e-04
-1.4724363432059919e-04
-1.4650268474615779e-04
-1.4577629073278111e-04
-1.4506294063035922e-04
-1.4437373154536009e-04
-1.4368137768692988e-04
-1.4299590408531124e-04
-1.4233221868923892e-04
-1.4167193765491376e-04
-1.4103185265465344e-04
-1.4040895631998014e-04
-1.3979100902419616e-04
-1.3917315675745793e-04
-1.3856802301620715e-04
-1.3797008924517246e-04
-1.3738952458969728e-04
-1.3682058733582031e-04
-1.3625949432530656e-04
-1.3570745425805765e-04
-1.3515404378362008e-04
-1.3460868448744229e-04
-1.3407809829547035e-04
-1.3355777818055227e-04
-1.3304466130743643e-04
-1.3254512213889245e-04
-1.3204268957360329e-04
-1.3154234288591005e-04
-1.3105490718933268e-04
-1.3057888645302821e-04
-1.3010743106967290e-04
-1.2964798062606309e-04
-1.2919734957581638e-04
-1.2873772146604942e-04
-1.2828865328616716e-04
-1.2785064528305184e-04
-1.2741953168335116e-04
-1.2699622694797069e-04
-1.2658335086671507e-04
-1.2617095033803347e-04
-1.2575690119330532e-04
-1.2535303921713226e-04
-1.2495901600260187e-04
-1.2457092943476131e-04
-1.2419080016114621e-04
-1.2382007929376043e-04
-1.2344414803748592e-04
-1.2307254475308460e-04
-1.2271024689026132e-04
-1.2235700296193606e-04
-1.2201092984860781e-04
-1.2167115122260736e-04
-1.2133513109175665e-04
-1.2099901622903150e-04
-1.2066944181290899e-04
-1.2034695068270400e-04
-1.2003305861456286e-04
-1.1972761384513750e-04
-1.1942852305342704e-04
-1.1912614415707732e-04
-1.1882947784637091e-04
-1.1854123334585618e-04
-1.1825995318648846e-04
-1.1798549366362439e-04
-1.1771937651233261e-04
-1.1745855533511855e-04
-1.1719605843145033e-04
-1.1693981505711816e-04
-1.1669203659996123e-04
-1.1645266885086288e-04
-1.1622167134485362e-04
-1.1599765079435669e-04
-1.1577260000886867e-04
-1.1555274977249582e-04
-1.1534153299548437e-04
-1.1513894532941965e-04
-1.1494342267916082e-04
-1.1475635314525074e-04
-1.1457531645974068e-04
-1.1439436218126915e-04
-1.1422245143128263e-04
0.0000000000000000e+00
1.4260754494743562e+03
3.6295486867788043e+02
7.2925350558628823e+04
];
