%Vec Object:sol 1 MPI processes
%  type: mpi
sol = [
0.0000000000000000e+00
-1.7843986182094850e-04
-1.7714413053942555e-04
-1.7587616892652348e-04
-1.7464420528793547e-04
-1.7346738306994006e-04
-1.7227801479482787e-04
-1.7113141397433041e-04
-1.7000800755215050e-04
-1.6891354523950906e-04
-1.6786553807896372e-04
-1.6681749301587168e-04
-1.6578876633252849e-04
-1.6478465098275963e-04
-1.6379951978549308e-04
-1.6285248582741314e-04
-1.6191462847777322e-04
-1.6099286843438863e-04
-1.6008865873845578e-04
-1.5919254967777181e-04
-1.5832847991191276e-04
-1.5748193126581585e-04
-1.5665118319803668e-04
-1.5582588318909416e-04
-1.5501029340596510e-04
-1.5421567181337888e-04
-1.5344622888193368e-04
-1.5268170674850022e-04
-1.5193223501745073e-04
-1.5118977518100598e-04
-1.5045432157853938e-04
-1.4974103859482119e-04
-1.4904403015232308e-04
-1.4835585031302008e-04
-1.4767225617927712e-04
-1.4699788270874846e-04
-1.4633339703737166e-04
-1.4568740884127041e-04
-1.4505395293994494e-04
-1.4442777619221177e-04
-1.4380194807124604e-04
-1.4318844933335000e-04
-1.4258389919551893e-04
-1.4199521966936344e-04
-1.4141891486774209e-04
-1.4084182059046380e-04
-1.4026998410957218e-04
-1.3971151441847799e-04
-1.3915891379694381e-04
-1.3862025997267481e-04
-1.3809490700341328e-04
-1.3756215948966196e-04
-1.3703805047645185e-04
-1.3652673532376714e-04
-1.3602365259331024e-04
-1.3552977299124299e-04
-1.3504626368658423e-04
-1.3455905172363544e-04
-1.3407823783297400e-04
-1.3360910541527344e-04
-1.3315124810675205e-04
-1.3270040555486083e-04
-1.3225246776960568e-04
-1.3180659979328155e-04
-1.3137095139893038e-04
-1.3094122511196073e-04
-1.3052205479870653e-04
-1.3011314795407828e-04
-1.2970202749087482e-04
-1.2929441155993643e-04
-1.2889696279140125e-04
-1.2850944682081555e-04
-1.2812937581049337e-04
-1.2775685111061070e-04
-1.2738078163892515e-04
-1.2701442908826134e-04
-1.2665550729659369e-04
-1.2630474977947737e-04
-1.2596348900021024e-04
-1.2562697352044215e-04
-1.2528982102352355e-04
-1.2496050370633418e-04
-1.2464064211366126e-04
-1.2433012822566955e-04
-1.2402844991683088e-04
-1.2372515392269809e-04
-1.2342723951388703e-04
-1.2313875708969686e-04
-1.2285964252786491e-04
-1.2258837614487588e-04
-1.2232540082407776e-04
-1.2205995293254925e-04
-1.2180408305287992e-04
-1.2155776714699704e-04
-1.2131930478086910e-04
-1.2109017186494786e-04
-1.2086625613440551e-04
-1.2064487312714297e-04
-1.2043339893806272e-04
0.0000000000000000e+00
1.5029284942038398e+03
3.6295486867788043e+02
7.2925350558628823e+04
];
