%Vec Object:sol 1 MPI processes
%  type: mpi
sol = [
0.0000000000000000e+00
-6.7307378378249686e-04
-3.7030972180745304e-04
-1.9315352270194160e-04
-1.9115765408555383e-04
-1.8923870023303255e-04
-1.8733176172461668e-04
-1.8547866909545508e-04
-1.8366401436728359e-04
-1.8189390213571666e-04
-1.8018758426562397e-04
-1.7847285965776882e-04
-1.7681531827907023e-04
-1.7519532928736325e-04
-1.7360617302225535e-04
-1.7205832730711460e-04
-1.7051760660060581e-04
-1.6901882412297331e-04
-1.6756021878656124e-04
-1.6611830050730988e-04
-1.6469890834101052e-04
-1.6330562197791539e-04
-1.6193701337034814e-04
-1.6060585912738401e-04
-1.5928460836673187e-04
-1.5798028319327458e-04
-1.5670923967059952e-04
-1.5544943996744623e-04
-1.5422027122096935e-04
-1.5300531859827138e-04
-1.5179768035042735e-04
-1.5061853764325090e-04
-1.4946139047111991e-04
-1.4831820240843448e-04
-1.4718512235327850e-04
-1.4606995334482829e-04
-1.4496931403677337e-04
-1.4389196753622022e-04
-1.4283057644575765e-04
-1.4176892621081485e-04
-1.4072889152240040e-04
-1.3970526150459522e-04
-1.3869451626214401e-04
-1.3770220171824442e-04
-1.3671366932492638e-04
-1.3573673611646676e-04
-1.3477865642759845e-04
-1.3383772250759299e-04
-1.3290598461231925e-04
-1.3197957762722180e-04
-1.3107065147841468e-04
-1.3017183419649836e-04
-1.2928919814493315e-04
-1.2842330119873581e-04
-1.2755934448313924e-04
-1.2670747117301669e-04
-1.2587216009248031e-04
-1.2505198994214263e-04
-1.2424281984467405e-04
-1.2344331248420726e-04
-1.2265544927464250e-04
-1.2187993210222813e-04
-1.2111900183692080e-04
-1.2037429026646670e-04
-1.1964303335331197e-04
-1.1891543678196504e-04
-1.1820442913285877e-04
-1.1750992704031512e-04
-1.1683019919621286e-04
-1.1616456385630404e-04
-1.1550875351722085e-04
-1.1486726268703006e-04
-1.1424074376256604e-04
-1.1362997753668028e-04
-1.1303671140523498e-04
-1.1245980463659158e-04
-1.1189093468423696e-04
-1.1133899017592641e-04
-1.1080547013467391e-04
-1.1029053473741822e-04
-1.0979303738828801e-04
-1.0930921020226108e-04
-1.0884032414127267e-04
-1.0839126749573312e-04
-1.0796193479690756e-04
-1.0755097511165917e-04
-1.0716092947159894e-04
-1.0678636093934696e-04
-1.0643126144393891e-04
-1.0609707263994389e-04
-1.0578487257172846e-04
-1.0549597285472753e-04
-1.0523088970181753e-04
-1.0498299400038323e-04
-1.0475802205099761e-04
-1.0455855795392609e-04
-1.0438546215163838e-04
-1.0423932811028485e-04
-1.0411989973886300e-04
0.0000000000000000e+00
1.6551161657962009e+03
3.6255774988258253e+02
7.0730071961862341e+04
];
