%Vec Object:sol 1 MPI processes
%  type: mpi
sol = [
0.0000000000000000e+00
-2.0080483281839233e-04
-1.9894820544306965e-04
-1.9713174494567957e-04
-1.9536479055022252e-04
-1.9363876654720312e-04
-1.9192345413303482e-04
-1.9028013032132182e-04
-1.8867045852924021e-04
-1.8708462753237590e-04
-1.8554615587284829e-04
-1.8401701140324957e-04
-1.8254520000859895e-04
-1.8110531596138990e-04
-1.7966826826186079e-04
-1.7828094520440157e-04
-1.7691037038976718e-04
-1.7557933505716908e-04
-1.7427277147751124e-04
-1.7296949827631951e-04
-1.7170791867230373e-04
-1.7047153016555255e-04
-1.6925825465121311e-04
-1.6805968862464193e-04
-1.6687625860192982e-04
-1.6572122724016125e-04
-1.6459907481888294e-04
-1.6348119617844918e-04
-1.6237858391942423e-04
-1.6130324722731215e-04
-1.6024023310140300e-04
-1.5920608985787478e-04
-1.5818292984880422e-04
-1.5716535002958468e-04
-1.5617438778191433e-04
-1.5520300468663950e-04
-1.5424657041869730e-04
-1.5329960891160148e-04
-1.5236672128922347e-04
-1.5144870288380519e-04
-1.5055337784819958e-04
-1.4967529435575800e-04
-1.4879400752708353e-04
-1.4793333238639417e-04
-1.4709024629358042e-04
-1.4625937059585808e-04
-1.4544718896933865e-04
-1.4463791163301295e-04
-1.4383909513334127e-04
-1.4305929958134764e-04
-1.4229778619893825e-04
-1.4154442880446466e-04
-1.4079463328041017e-04
-1.4006248857740809e-04
-1.3934314703932559e-04
-1.3863761626247732e-04
-1.3794654663821154e-04
-1.3725841895322876e-04
-1.3658111600497173e-04
-1.3592016791588371e-04
-1.3527513476135398e-04
-1.3463977480681296e-04
-1.3400626354645188e-04
-1.3338840412205252e-04
-1.3278533804579726e-04
-1.3219260329785601e-04
-1.3161425494826346e-04
-1.3103857794708943e-04
-1.3047592467943736e-04
-1.2992530468569372e-04
-1.2938945953077773e-04
-1.2886815431546140e-04
-1.2834707960290476e-04
-1.2783825195019515e-04
-1.2734397277701164e-04
-1.2686406431573858e-04
-1.2639619753360276e-04
-1.2593157684790039e-04
-1.2547913283181389e-04
-1.2504100075625329e-04
-1.2461556920035784e-04
-1.2420268493064452e-04
-1.2379674311330393e-04
-1.2340108536208064e-04
-1.2301927963651323e-04
-1.2264939018583572e-04
-1.2229384993305806e-04
-1.2194760588129739e-04
-1.2160986452329007e-04
-1.2128504479702830e-04
-1.2097382983710881e-04
-1.2067714782258609e-04
-1.2039219444975074e-04
-1.2011414675746238e-04
-1.1984909016308067e-04
-1.1959853689678758e-04
-1.1936285985430870e-04
-1.1914134047960626e-04
-1.1892538064929147e-04
0.0000000000000000e+00
1.6116657313388600e+03
3.6295486867788043e+02
7.2925350558628823e+04
];
