%Vec Object:sol 1 MPI processes
%  type: mpi
sol = [
0.0000000000000000e+00
-1.7034927514530802e-04
-1.6917742802800438e-04
-1.6802001415888677e-04
-1.6687605651563269e-04
-1.6578323907559417e-04
-1.6469250110830847e-04
-1.6365327311741487e-04
-1.6263445936012127e-04
-1.6163092237320894e-04
-1.6065425832928655e-04
-1.5967858217132537e-04
-1.5874395626376892e-04
-1.5783138218227765e-04
-1.5693557112071035e-04
-1.5606489645265454e-04
-1.5518730262726677e-04
-1.5433722875929368e-04
-1.5351365993084985e-04
-1.5269674928702865e-04
-1.5190924598856864e-04
-1.5112938202526966e-04
-1.5034910276637631e-04
-1.4959502499508563e-04
-1.4884976743836695e-04
-1.4812358531705684e-04
-1.4742052280320927e-04
-1.4671559539302534e-04
-1.4601685480623868e-04
-1.4533686420458230e-04
-1.4466282807705074e-04
-1.4400919820830969e-04
-1.4337039702622269e-04
-1.4273612514472837e-04
-1.4210380686694783e-04
-1.4148428998363087e-04
-1.4087360873374672e-04
-1.4027998764915630e-04
-1.3969776783222802e-04
-1.3912348351147630e-04
-1.3854697236234258e-04
-1.3798172841571627e-04
-1.3742454373205233e-04
-1.3688203933938487e-04
-1.3635090084852580e-04
-1.3582640075749327e-04
-1.3529994891079965e-04
-1.3478394437607647e-04
-1.3427315829780636e-04
-1.3377531674719248e-04
-1.3328981858437119e-04
-1.3280954032518196e-04
-1.3232820447280574e-04
-1.3185443387006237e-04
-1.3138821784275124e-04
-1.3093049421542279e-04
-1.3048397146354977e-04
-1.3004717277334603e-04
-1.2960689362509896e-04
-1.2917095956584059e-04
-1.2874556159891569e-04
-1.2832663209521130e-04
-1.2791625702893644e-04
-1.2751592458117540e-04
-1.2711863725382879e-04
-1.2671825228053861e-04
-1.2632777790158196e-04
-1.2594694304988980e-04
-1.2557378362727033e-04
-1.2520738215550888e-04
-1.2484648773652444e-04
-1.2448466945577509e-04
-1.2412983668609910e-04
-1.2378254420572539e-04
-1.2344435453966483e-04
-1.2311510062978923e-04
-1.2279087649392690e-04
-1.2246264625637615e-04
-1.2214341983521121e-04
-1.2183306796192456e-04
-1.2153007235794902e-04
-1.2123427728513346e-04
-1.2094705489385340e-04
-1.2065620301101900e-04
-1.2037360847931486e-04
-1.2009759727442646e-04
-1.1983045311159146e-04
-1.1957211337029233e-04
-1.1932256421502002e-04
-1.1906926932541155e-04
-1.1882290003637686e-04
-1.1858554725305706e-04
-1.1835719143794448e-04
-1.1813782041972150e-04
-1.1792580033048630e-04
-1.1771288730199476e-04
-1.1750717862973929e-04
-1.1731081676777611e-04
-1.1712383048550561e-04
0.0000000000000000e+00
1.4614961261619737e+03
3.6295486867788043e+02
7.2925350558628823e+04
];
