%Vec Object:sol 1 MPI processes
%  type: mpi
sol = [
0.0000000000000000e+00
-1.6001851497585432e-10
-1.7933392351103695e-10
-1.8136269933475565e-10
-6.8723897798186244e-05
-9.6221725724275099e-04
-8.6400700887598455e-04
-7.8091669617061886e-04
-7.0512147441475690e-04
-6.3755611431992544e-04
-5.7123320810203992e-04
-5.0576280736449046e-04
-4.3939622673183247e-04
-3.6972585433634050e-04
-3.0277987613067521e-04
-2.3534965329505018e-04
-1.7863100669750535e-04
-1.2875718572928356e-04
-9.3892913459504233e-05
-6.9034939089478303e-05
-5.5665181132005475e-05
1.0025011876147644e-02
-2.5799252455800323e-04
-1.9191053513965784e-04
-1.5475907790128560e-04
-1.4237026409164491e-04
-1.3984348019661021e-04
-1.4007110630922555e-04
-1.4096765831360841e-04
-1.4175198305008623e-04
-1.4232695532407345e-04
-1.4259603295076740e-04
-1.4259494134503438e-04
-1.4235265947993463e-04
-1.4186527723237150e-04
-1.4119280040618550e-04
-1.4033980258094212e-04
-1.3932195648937542e-04
-1.3817507634374189e-04
-1.3690587168667951e-04
-1.3552274504437307e-04
-1.3404800105051997e-04
-1.3246667608418172e-04
-1.3080851761927979e-04
-1.2908561452540095e-04
-1.2729697819558562e-04
-1.2545794078342020e-04
-1.2357844665624116e-04
-1.2165792771670651e-04
-1.1970678917678613e-04
-1.1773117430952706e-04
-1.1573509450985687e-04
-1.1372716992473156e-04
-1.1170639006295061e-04
-1.0967902070455411e-04
-1.0765282825859098e-04
-1.0562901866717175e-04
-1.0360756909890484e-04
-1.0159566077143909e-04
-9.9597089725222236e-05
-9.7608053030518404e-05
-9.5643802681233986e-05
-9.3700561843669219e-05
-9.1777360298835254e-05
-8.9879604810822990e-05
-8.8013831754698915e-05
-8.6180717767603632e-05
-8.4378996203870451e-05
-8.2613940756284183e-05
-8.0891387912759757e-05
-7.9210834812862985e-05
-7.7570319781754385e-05
-7.5983853233256706e-05
-7.4451074554526827e-05
-7.2966460559749605e-05
-7.1536688662047189e-05
-7.0166927649305928e-05
-6.8856018750379524e-05
-6.7602402032815466e-05
-6.6407927731148512e-05
-6.5278206789235076e-05
-6.4209342484086726e-05
-6.3198876399466643e-05
-6.2243725616418439e-05
-6.1345575519915487e-05
-6.0501623471317030e-05
-5.9705563659851119e-05
-5.8952919884978547e-05
-5.8238484725464960e-05
-5.7564010290300689e-05
-5.6920433000524417e-05
-5.6301232761155309e-05
-5.5702195199202250e-05
-5.5120345663843320e-05
-5.4547867512437020e-05
-5.3979987768933175e-05
-5.3414069745442725e-05
-5.2843189780119593e-05
-5.2268387201069156e-05
0.0000000000000000e+00
2.0449809477639365e+03
3.3316599062267926e+02
1.7618823027031198e+04
];
