%Vec Object:sol 1 MPI processes
%  type: mpi
sol = [
0.0000000000000000e+00
-1.9974807195999162e-04
-1.9792966050124927e-04
-1.9608005747737595e-04
-1.9427880162520720e-04
-1.9254372297717321e-04
-1.9079251058864115e-04
-1.8911203181002891e-04
-1.8746393625090207e-04
-1.8585464477458640e-04
-1.8428275927404118e-04
-1.8271230405085914e-04
-1.8119800860220468e-04
-1.7971667567029512e-04
-1.7825347666993179e-04
-1.7682120987889827e-04
-1.7540475951888601e-04
-1.7402691476142490e-04
-1.7268619439665767e-04
-1.7133971313622494e-04
-1.7002963745709810e-04
-1.6874407120014923e-04
-1.6748100726905255e-04
-1.6624858501852502e-04
-1.6501509158925380e-04
-1.6380951020146254e-04
-1.6263633966342146e-04
-1.6147321639282681e-04
-1.6032825774001312e-04
-1.5920174462964650e-04
-1.5808743689565429e-04
-1.5700179876154276e-04
-1.5593832933097826e-04
-1.5487234716717613e-04
-1.5383050925265099e-04
-1.5280831169940128e-04
-1.5180121641356745e-04
-1.5081680038974676e-04
-1.4983438873346640e-04
-1.4886712596937502e-04
-1.4792277967669987e-04
-1.4699601338659567e-04
-1.4607920132136531e-04
-1.4517145113664113e-04
-1.4428172435051204e-04
-1.4340475699028485e-04
-1.4254815588048530e-04
-1.4170506431133368e-04
-1.4086259994154754e-04
-1.4003973106326885e-04
-1.3923575877225887e-04
-1.3844288396636025e-04
-1.3766238403217342e-04
-1.3689070902756301e-04
-1.3613264867232526e-04
-1.3538921516903220e-04
-1.3466331905414433e-04
-1.3394914437293092e-04
-1.3323723428686462e-04
-1.3254251929768518e-04
-1.3186458474503189e-04
-1.3119908008325698e-04
-1.3054554784353814e-04
-1.2989835560118162e-04
-1.2926690024941289e-04
-1.2864683411958926e-04
-1.2804288033393434e-04
-1.2745407344774774e-04
-1.2686777702327574e-04
-1.2629457659246813e-04
-1.2573715903102569e-04
-1.2519531122853810e-04
-1.2466655616110654e-04
-1.2414176500912140e-04
-1.2363088308496914e-04
-1.2313544030144867e-04
-1.2265318044836859e-04
-1.2218487177512576e-04
-1.2172526852460144e-04
-1.2127678077579936e-04
-1.2084216472463788e-04
-1.2042128506251465e-04
-1.2001578816470083e-04
-1.1962218326988149e-04
-1.1923656037136881e-04
-1.1886411267920880e-04
-1.1850722147633157e-04
-1.1816584772644241e-04
-1.1783970696502570e-04
-1.1751793371406161e-04
-1.1721105932271903e-04
-1.1692000679505242e-04
-1.1664478991412158e-04
-1.1638543148822563e-04
-1.1613341370209521e-04
-1.1589448094249479e-04
-1.1567183196717969e-04
-1.1546553290305199e-04
-1.1527565972765403e-04
0.0000000000000000e+00
1.6315649124129939e+03
3.6290829616696215e+02
7.2662627553023121e+04
];
