%Vec Object:sol 1 MPI processes
%  type: mpi
sol = [
0.0000000000000000e+00
-1.8276668780104944e-04
-1.8140822265232055e-04
-1.8007161503837504e-04
-1.7877309076286371e-04
-1.7753231294794164e-04
-1.7629570554063823e-04
-1.7510079831052153e-04
-1.7391770483862114e-04
-1.7276525814421910e-04
-1.7166143369948337e-04
-1.7056020394795051e-04
-1.6949665996718929e-04
-1.6844036758048366e-04
-1.6740432526360577e-04
-1.6640814918005093e-04
-1.6542207842321985e-04
-1.6446648755227174e-04
-1.6351655357603475e-04
-1.6257546742904204e-04
-1.6166788066228148e-04
-1.6077884998063851e-04
-1.5990659919508745e-04
-1.5904763235364657e-04
-1.5819224034504116e-04
-1.5735886590040530e-04
-1.5655180735471769e-04
-1.5575026097547150e-04
-1.5496608090249698e-04
-1.5418836513358123e-04
-1.5341826051883383e-04
-1.5267130552777905e-04
-1.5194143640215682e-04
-1.5122106039999926e-04
-1.5050243016295116e-04
-1.4979722223297615e-04
-1.4910250070400828e-04
-1.4842707413359495e-04
-1.4776481585355606e-04
-1.4710272004941159e-04
-1.4644926932529649e-04
-1.4580874266686516e-04
-1.4517766897815921e-04
-1.4456312564155045e-04
-1.4395997365731548e-04
-1.4334826271874366e-04
-1.4275219854066322e-04
-1.4217005965056533e-04
-1.4159416631504291e-04
-1.4103277675229543e-04
-1.4047432845862068e-04
-1.3991616382536342e-04
-1.3937077388454880e-04
-1.3883867405886828e-04
-1.3831519333137729e-04
-1.3779844424475241e-04
-1.3728100521518099e-04
-1.3677479417886808e-04
-1.3627530104206152e-04
-1.3578792113186350e-04
-1.3531223367489636e-04
-1.3483300409099829e-04
-1.3435909363429481e-04
-1.3389661668994891e-04
-1.3344473003537734e-04
-1.3299904068552981e-04
-1.3256087704527131e-04
-1.3212223560504188e-04
-1.3169240382697028e-04
-1.3127038651447088e-04
-1.3085887783556764e-04
-1.3045763528112122e-04
-1.3005359277437514e-04
-1.2965464366188046e-04
-1.2926591861777654e-04
-1.2888722100296406e-04
-1.2851621571055634e-04
-1.2814996218827327e-04
-1.2778394803654870e-04
-1.2742783147255083e-04
-1.2707998213270404e-04
-1.2674021940679321e-04
-1.2641019315624713e-04
-1.2607950088696214e-04
-1.2575557471638247e-04
-1.2543901802865293e-04
-1.2513223981818662e-04
-1.2483515756768495e-04
-1.2454352929453050e-04
-1.2425192414484962e-04
-1.2396927534529030e-04
-1.2369649006001686e-04
-1.2343353508690298e-04
-1.2318040379899952e-04
-1.2292470184698610e-04
-1.2267743526334004e-04
-1.2244029006677718e-04
-1.2221327509081008e-04
-1.2199640640971972e-04
0.0000000000000000e+00
1.5242443962178186e+03
3.6295486867788043e+02
7.2925350558628823e+04
];
