%Vec Object:sol 1 MPI processes
%  type: mpi
sol = [
0.0000000000000000e+00
-7.2449578343940972e-04
-6.4539078067353680e-04
-5.6477251532179658e-04
-1.8398670820931207e-04
-1.8579574746034093e-04
-1.8395014578039543e-04
-1.8217131595079405e-04
-1.8039928252993291e-04
-1.7866060813177514e-04
-1.7697675096737999e-04
-1.7529692069296525e-04
-1.7365402137169131e-04
-1.7203183261618816e-04
-1.7043182484754763e-04
-1.6887473907966583e-04
-1.6732243333237407e-04
-1.6578842483327890e-04
-1.6428602781861181e-04
-1.6279201573480222e-04
-1.6133213293368116e-04
-1.5987489204436536e-04
-1.5843076062035385e-04
-1.5701592309434853e-04
-1.5561047658717091e-04
-1.5422132475761667e-04
-1.5284454173528637e-04
-1.5147166815952361e-04
-1.5012196554517704e-04
-1.4879170543272697e-04
-1.4745762289652601e-04
-1.4613822626239527e-04
-1.4483412340791888e-04
-1.4353761065468381e-04
-1.4226003324353275e-04
-1.4098369538852561e-04
-1.3971272522414279e-04
-1.3845914243793548e-04
-1.3721694012924513e-04
-1.3598318165724123e-04
-1.3475419383367435e-04
-1.3353435117512794e-04
-1.3232259081152453e-04
-1.3112576827257452e-04
-1.2994052725105420e-04
-1.2875320680449357e-04
-1.2757718692851024e-04
-1.2641399709300186e-04
-1.2525659936105002e-04
-1.2411279229785325e-04
-1.2297673597145434e-04
-1.2184166913845629e-04
-1.2071901998296206e-04
-1.1960939321894551e-04
-1.1850872935207747e-04
-1.1741760347997726e-04
-1.1633015509401123e-04
-1.1525458823916043e-04
-1.1418714287224445e-04
-1.1313277530471428e-04
-1.1209134309216936e-04
-1.1105581355745333e-04
-1.1002687144173043e-04
-1.0901148792597977e-04
-1.0800927628637845e-04
-1.0701691967814979e-04
-1.0603884251569265e-04
-1.0507121966180669e-04
-1.0411341090993411e-04
-1.0316909018701310e-04
-1.0224123144010543e-04
-1.0133049080582545e-04
-1.0043583292266217e-04
-9.9556159745887518e-05
-9.8692586053195945e-05
-9.7850601235737866e-05
-9.7029815906804327e-05
-9.6232356110358442e-05
-9.5460760018990001e-05
-9.4716286589422975e-05
-9.3993190939471150e-05
-9.3298860052340191e-05
-9.2635783432937579e-05
-9.2004666873440891e-05
-9.1406170405067957e-05
-9.0839608066691497e-05
-9.0305623405157950e-05
-8.9802999920659515e-05
-8.9334882947756652e-05
-8.8900876683398896e-05
-8.8501447698252452e-05
-8.8137061525656694e-05
-8.7807826164393863e-05
-8.7511182321343864e-05
-8.7246319274883249e-05
-8.7017798768093061e-05
-8.6825216521850264e-05
-8.6668552964201396e-05
-8.6548426935290003e-05
0.0000000000000000e+00
1.6739697634063377e+03
3.6203619215487407e+02
6.7995600450040016e+04
];
