%Vec Object:sol 1 MPI processes
%  type: mpi
sol = [
0.0000000000000000e+00
-1.9120501255323648e-04
-1.8971051788057940e-04
-1.8824847681667535e-04
-1.8681029210022379e-04
-1.8542102490773572e-04
-1.8403798570761429e-04
-1.8271795214886877e-04
-1.8142488745664077e-04
-1.8014300134614486e-04
-1.7890690016507423e-04
-1.7767505233931441e-04
-1.7649326090819119e-04
-1.7533957107256640e-04
-1.7418340187213402e-04
-1.7306805992782447e-04
-1.7196463850006167e-04
-1.7089509725965355e-04
-1.6985773278814357e-04
-1.6880570824064927e-04
-1.6779001849422968e-04
-1.6679492545434285e-04
-1.6581853357499327e-04
-1.6487193251914581e-04
-1.6391590102357375e-04
-1.6298396568249714e-04
-1.6208058529667500e-04
-1.6118393896040044e-04
-1.6031127119011594e-04
-1.5944210108659727e-04
-1.5858180090140943e-04
-1.5774659540232242e-04
-1.5693011370419035e-04
-1.5612202236557900e-04
-1.5531836687273531e-04
-1.5453097491551567e-04
-1.5375534697687870e-04
-1.5300065380373802e-04
-1.5225887691889463e-04
-1.5151075658806189e-04
-1.5078220708876006e-04
-1.5006789436203106e-04
-1.4936419802629892e-04
-1.4867798268846277e-04
-1.4798828087635057e-04
-1.4730793230649113e-04
-1.4664460667912770e-04
-1.4599650658687953e-04
-1.4535565589024298e-04
-1.4471422978324554e-04
-1.4408738640186159e-04
-1.4346810271390683e-04
-1.4286281652960367e-04
-1.4227205461568172e-04
-1.4167711726592949e-04
-1.4109069044285384e-04
-1.4051829947491604e-04
-1.3995827533427079e-04
-1.3940595174673280e-04
-1.3885561511942261e-04
-1.3831413804500921e-04
-1.3778133279690233e-04
-1.3725947987414092e-04
-1.3675019402550071e-04
-1.3624387570565434e-04
-1.3573887032830630e-04
-1.3524622090056086e-04
-1.3476560596494843e-04
-1.3429484645281585e-04
-1.3382671365742881e-04
-1.3336245414680110e-04
-1.3290984557789819e-04
-1.3246626327857361e-04
-1.3203230325512289e-04
-1.3160589361897463e-04
-1.3118099719412215e-04
-1.3076508599886317e-04
-1.3035892543673209e-04
-1.2996390686316581e-04
-1.2957843415261968e-04
-1.2919086098918690e-04
-1.2881267085849163e-04
-1.2844555754019127e-04
-1.2808940370384673e-04
-1.2774367161889408e-04
-1.2739460907088904e-04
-1.2705591546939343e-04
-1.2672824259186955e-04
-1.2641151507261162e-04
-1.2610413677001969e-04
-1.2579750842177750e-04
-1.2549928892640380e-04
-1.2521219980802349e-04
-1.2493620894494744e-04
-1.2466953426899343e-04
-1.2440660434095827e-04
-1.2415051560020796e-04
-1.2390584019552692e-04
-1.2367258945790273e-04
0.0000000000000000e+00
1.5652143525451595e+03
3.6295486867788043e+02
7.2925350558628823e+04
];
