%Vec Object:sol 1 MPI processes
%  type: mpi
sol = [
0.0000000000000000e+00
-6.7521565665827545e-04
-1.4503046493180002e-04
-1.9396708152342215e-04
-1.9206148698429389e-04
-1.9021859504244563e-04
-1.8837930335647169e-04
-1.8660105109422355e-04
-1.8482731296581902e-04
-1.8308916811603565e-04
-1.8140701382052238e-04
-1.7973044405467342e-04
-1.7808778257502234e-04
-1.7647267637571878e-04
-1.7488377957053340e-04
-1.7334268770534012e-04
-1.7180797498313703e-04
-1.7029855761056546e-04
-1.6882704700922635e-04
-1.6737027256503965e-04
-1.6595467312078592e-04
-1.6454531680047907e-04
-1.6315779442359712e-04
-1.6180733681009048e-04
-1.6047386420048497e-04
-1.5916295608140105e-04
-1.5787212311129583e-04
-1.5659296009597922e-04
-1.5534514525707737e-04
-1.5412488005884731e-04
-1.5290643102188733e-04
-1.5171089291417968e-04
-1.5053854065154377e-04
-1.4938137421155500e-04
-1.4825095526927042e-04
-1.4712642832310715e-04
-1.4601541575853794e-04
-1.4492920650995125e-04
-1.4386145425114645e-04
-1.4280896498045491e-04
-1.4176426143139444e-04
-1.4073723472942705e-04
-1.3972458385997817e-04
-1.3873329976555229e-04
-1.3775948709603524e-04
-1.3678454260380866e-04
-1.3582987557614774e-04
-1.3489372839062817e-04
-1.3396851547869517e-04
-1.3306232860502249e-04
-1.3216210147928598e-04
-1.3127247963436663e-04
-1.3040016871011651e-04
-1.2954567368104385e-04
-1.2870449918746910e-04
-1.2786811901233653e-04
-1.2704659236030687e-04
-1.2624103510468904e-04
-1.2544720941001290e-04
-1.2467033943876308e-04
-1.2390420254478101e-04
-1.2314553068239447e-04
-1.2240196185918750e-04
-1.2167508128824212e-04
-1.2096421483455659e-04
-1.2026365839319321e-04
-1.1957106004408111e-04
-1.1889519335309460e-04
-1.1823424621987261e-04
-1.1758746663032811e-04
-1.1695752112387859e-04
-1.1633740386816280e-04
-1.1572926508887880e-04
-1.1513672291068874e-04
-1.1456148272193183e-04
-1.1400356963469052e-04
-1.1345951336022647e-04
-1.1292418797384816e-04
-1.1240683461880425e-04
-1.1190754352266765e-04
-1.1142507623060852e-04
-1.1095952102405263e-04
-1.1050782075600949e-04
-1.1007114600442952e-04
-1.0965326986483241e-04
-1.0925272028572676e-04
-1.0887196773158037e-04
-1.0851125995063569e-04
-1.0816359524598133e-04
-1.0783430878841358e-04
-1.0752543011072779e-04
-1.0723816305187191e-04
-1.0697289899299415e-04
-1.0672876454698728e-04
-1.0649930096413840e-04
-1.0629315931301106e-04
-1.0611112181136698e-04
-1.0595369925494563e-04
-1.0582142977135491e-04
0.0000000000000000e+00
1.6559054951426315e+03
3.6254185378737128e+02
7.0644282125920858e+04
];
