%Vec Object:sol 1 MPI processes
%  type: mpi
sol = [
0.0000000000000000e+00
-1.9164919286475485e-04
-1.9014774985386625e-04
-1.8867886785192632e-04
-1.8722157053086084e-04
-1.8582587032129624e-04
-1.8443642235753001e-04
-1.8311016336984074e-04
-1.8180579220882073e-04
-1.8051091453165282e-04
-1.7926906400424640e-04
-1.7803147869293047e-04
-1.7684408253056881e-04
-1.7567533775344471e-04
-1.7451137551095593e-04
-1.7339082859063270e-04
-1.7228222896733573e-04
-1.7120759063307187e-04
-1.7015347409731843e-04
-1.6909654627970160e-04
-1.6807604840171563e-04
-1.6707619245772472e-04
-1.6609507946204095e-04
-1.6513233250210361e-04
-1.6417178859034259e-04
-1.6323539366764733e-04
-1.6232761654458219e-04
-1.6142659058690232e-04
-1.6053836297424021e-04
-1.5966503608524053e-04
-1.5880060162310443e-04
-1.5796131763736040e-04
-1.5714080133832841e-04
-1.5631772705876657e-04
-1.5551023020067634e-04
-1.5471903570056885e-04
-1.5393963691203461e-04
-1.5318122184634786e-04
-1.5242504884319021e-04
-1.5167338900559519e-04
-1.5094134516099801e-04
-1.5022357486478447e-04
-1.4951645238017771e-04
-1.4881640807756628e-04
-1.4812347028110473e-04
-1.4743991253997920e-04
-1.4677341525775808e-04
-1.4612217705745105e-04
-1.4546895214530316e-04
-1.4482371261657434e-04
-1.4419401638165270e-04
-1.4357190397857374e-04
-1.4296382503390322e-04
-1.4236293363341913e-04
-1.4176288680169596e-04
-1.4117394811579220e-04
-1.4059908723740186e-04
-1.4003663506443774e-04
-1.3947655243119205e-04
-1.3891971281714365e-04
-1.3837610485529741e-04
-1.3784121106313321e-04
-1.3731731634788886e-04
-1.3680274663024924e-04
-1.3628848354738768e-04
-1.3578174981897754e-04
-1.3528742606635228e-04
-1.3480519315326595e-04
-1.3433167556100651e-04
-1.3385416681832560e-04
-1.3338862799684194e-04
-1.3293480442786652e-04
-1.3249007174755440e-04
-1.3205502748660263e-04
-1.3161869360609049e-04
-1.3119294399583921e-04
-1.3077624913243312e-04
-1.3036937636315359e-04
-1.2997371864470838e-04
-1.2957899202120518e-04
-1.2919101349626375e-04
-1.2881248758626275e-04
-1.2844510843924110e-04
-1.2808875755999569e-04
-1.2773515536992547e-04
-1.2738545702883376e-04
-1.2704693839199902e-04
-1.2671951134668357e-04
-1.2640310404388622e-04
-1.2609058293261402e-04
-1.2578180818761367e-04
-1.2548428286231439e-04
-1.2519796840467287e-04
-1.2492283429895972e-04
-1.2465352718145223e-04
-1.2438718818884233e-04
-1.2413234112831355e-04
-1.2388899162405837e-04
-1.2365715214411718e-04
0.0000000000000000e+00
1.5673152449428781e+03
3.6295486867788043e+02
7.2925350558628823e+04
];
