%Vec Object:sol 1 MPI processes
%  type: mpi
sol = [
0.0000000000000000e+00
-1.9957726260187722e-04
-1.9782113189813249e-04
-1.9610120107751031e-04
-1.9442679802198469e-04
-1.9281960681810759e-04
-1.9119748139634658e-04
-1.8963453165788931e-04
-1.8810164285461736e-04
-1.8660527434877276e-04
-1.8515797546565842e-04
-1.8369477252750920e-04
-1.8228565028357389e-04
-1.8090755992848331e-04
-1.7955405201715456e-04
-1.7822743947169416e-04
-1.7690734155122558e-04
-1.7562420925494926e-04
-1.7437663168658310e-04
-1.7313770144113108e-04
-1.7191632924030175e-04
-1.7071805881842202e-04
-1.6954092327929745e-04
-1.6839837511289417e-04
-1.6725861250480498e-04
-1.6613366135284001e-04
-1.6504001971707330e-04
-1.6395519886618101e-04
-1.6289952109035165e-04
-1.6185214968810841e-04
-1.6081142523980766e-04
-1.5979844488408376e-04
-1.5880666983722017e-04
-1.5782693950762297e-04
-1.5685346471338313e-04
-1.5589871656634778e-04
-1.5495811228164073e-04
-1.5404100532559492e-04
-1.5313618139100585e-04
-1.5223126611980809e-04
-1.5134848253377421e-04
-1.5048241437692940e-04
-1.4962939972901399e-04
-1.4878984465708400e-04
-1.4795677258948528e-04
-1.4713551845892912e-04
-1.4633383369866445e-04
-1.4554990226998084e-04
-1.4476736942594279e-04
-1.4399530894511302e-04
-1.4324131077943675e-04
-1.4249739055204597e-04
-1.4177002472563839e-04
-1.4105103015931385e-04
-1.4033775024949134e-04
-1.3963811975813056e-04
-1.3895510971911570e-04
-1.3828705654453792e-04
-1.3762089241648075e-04
-1.3696465133554222e-04
-1.3632420871192210e-04
-1.3569507548711609e-04
-1.3507953289750499e-04
-1.3447161170689650e-04
-1.3387200412372569e-04
-1.3328256992066147e-04
-1.3270815627945546e-04
-1.3214845412909369e-04
-1.3159496989977292e-04
-1.3104645899670802e-04
-1.3051256274848551e-04
-1.2999303949470236e-04
-1.2948530966269759e-04
-1.2898515105065023e-04
-1.2849156435422421e-04
-1.2801214153980729e-04
-1.2754452531819985e-04
-1.2708948695591482e-04
-1.2664528827932523e-04
-1.2620622732423674e-04
-1.2577960339470921e-04
-1.2536525080467353e-04
-1.2496485045790444e-04
-1.2457697536536708e-04
-1.2419241588430667e-04
-1.2381945779121867e-04
-1.2346054487498954e-04
-1.2311561113787563e-04
-1.2278464045823600e-04
-1.2245543459626037e-04
-1.2213905209558845e-04
-1.2183686041865197e-04
-1.2154883711008662e-04
-1.2127496792875199e-04
-1.2100506793671254e-04
-1.2074707319711758e-04
-1.2050356957214490e-04
-1.2027457991494985e-04
-1.2006013326147782e-04
0.0000000000000000e+00
1.6048268090975907e+03
3.6295486867788043e+02
7.2925350558628823e+04
];
