%Vec Object:sol 1 MPI processes
%  type: mpi
sol = [
0.0000000000000000e+00
-1.8725181734125427e-10
-2.1227730232672468e-10
-2.1722645846878736e-10
-9.0121698899045622e-08
-9.7770150024768690e-04
-8.7792589841419622e-04
-7.9348414773276461e-04
-7.1647689260309654e-04
-6.4784205669654398e-04
-5.8049921582570383e-04
-5.1406793404314437e-04
-4.4676711517836054e-04
-3.7616557452452596e-04
-3.0836309679675277e-04
-2.4010089222491126e-04
-1.8270224830985898e-04
-1.3224175852288386e-04
-9.6969007618329876e-05
-7.1818074892834646e-05
-5.8281365596383523e-05
-5.1878809801908141e-05
-5.0912705545979418e-05
-5.2844309021820995e-05
-5.6125519591414079e-05
-5.9806253050716038e-05
-6.3253200495608138e-05
-6.6160881174495896e-05
-6.8562662270033327e-05
-7.0270443012200156e-05
-7.1555310870649998e-05
-7.2335792538127293e-05
-7.2776017747916454e-05
-7.2954554221265608e-05
-7.2881886212185283e-05
-7.2659859677751061e-05
-7.2311849577719813e-05
-7.1857943151030175e-05
-7.1339783580458673e-05
-7.0776356915513205e-05
-7.0170575263968027e-05
-6.9541613631870174e-05
-6.8889439724114472e-05
-6.8233394471193281e-05
-6.7576654157371261e-05
-6.6894587425462982e-05
-6.6223791735755928e-05
-6.5558842689407076e-05
-6.4899188204800028e-05
-6.4219856811087374e-05
-6.3559927691117778e-05
-6.2909935532706564e-05
-6.2267811567063788e-05
-6.1617855481661777e-05
-6.0970345152023133e-05
-6.0346193884097465e-05
-5.9723893984372543e-05
-5.9101903144567822e-05
-5.8493737409248685e-05
-5.7886413573527476e-05
-5.7275214296784673e-05
-5.6687979494908469e-05
-5.6108919010414026e-05
-5.5529912810596468e-05
-5.4954075015383746e-05
-5.4393752312140385e-05
-5.3839903772264652e-05
-5.3285782726140510e-05
-5.2739593213525019e-05
-5.2205547862554510e-05
-5.1673021028865035e-05
-5.1141288700857949e-05
-5.0625015443120379e-05
-5.0119876049577538e-05
-4.9614023590262288e-05
-4.9112134612687560e-05
-4.8621188153574116e-05
-4.8137412513626987e-05
-4.7655255673311532e-05
-4.7173982022224149e-05
-4.6704600993850950e-05
-4.6243109224436025e-05
-4.5785090021686926e-05
-4.5328754653632055e-05
-4.4879453168434922e-05
-4.4437993747695449e-05
-4.4000037218666678e-05
-4.3564705728078046e-05
-4.3130420642464615e-05
-4.2702982917315965e-05
-4.2276723887757340e-05
-4.1857401510820220e-05
-4.1440896882852792e-05
-4.1029399986042161e-05
-4.0619221562311194e-05
-4.0204082470232327e-05
-3.9794466694122243e-05
-3.9388027430907178e-05
-3.8985623960192264e-05
0.0000000000000000e+00
2.0559615059640282e+03
3.0969660424088266e+02
9.9358116344228092e+03
];
