%Vec Object:sol 1 MPI processes
%  type: mpi
sol = [
0.0000000000000000e+00
-1.6178568379439885e-04
-1.6070797049987386e-04
-1.5965208087651600e-04
-1.5862539704972485e-04
-1.5764508958558958e-04
-1.5666513065502454e-04
-1.5571235913948165e-04
-1.5477107666568761e-04
-1.5385337121680650e-04
-1.5297497028644958e-04
-1.5209615319366004e-04
-1.5125468204637524e-04
-1.5042880300116104e-04
-1.4959734200148853e-04
-1.4879822936246336e-04
-1.4800571214091231e-04
-1.4723804437552423e-04
-1.4649432858124169e-04
-1.4575587440619317e-04
-1.4503239052537396e-04
-1.4431251063534877e-04
-1.4360552623556762e-04
-1.4292239915077176e-04
-1.4224674476647365e-04
-1.4158828145379912e-04
-1.4095087098347662e-04
-1.4029872649041312e-04
-1.3966344339227076e-04
-1.3904517126081168e-04
-1.3843182647400846e-04
-1.3783711386045216e-04
-1.3725578514544679e-04
-1.3667828983782491e-04
-1.3610131808959190e-04
-1.3553588022071730e-04
-1.3497823689902460e-04
-1.3443620667357006e-04
-1.3390444855942448e-04
-1.3338029630441801e-04
-1.3286271518413766e-04
-1.3234488313202400e-04
-1.3183422625778770e-04
-1.3133704680595961e-04
-1.3085021793481902e-04
-1.3036926523168752e-04
-1.2990077761524253e-04
-1.2943159853507646e-04
-1.2896178181637862e-04
-1.2850390123605808e-04
-1.2805740405763397e-04
-1.2761553192653944e-04
-1.2718384140707268e-04
-1.2676285403177983e-04
-1.2633329203961635e-04
-1.2591085394536718e-04
-1.2549880461713750e-04
-1.2509575073001337e-04
-1.2469770537533060e-04
-1.2430950892568002e-04
-1.2392750882060503e-04
-1.2353969712410913e-04
-1.2315982708727724e-04
-1.2278932740477928e-04
-1.2242747775889436e-04
-1.2207037919943127e-04
-1.2172228671480841e-04
-1.2137596767242378e-04
-1.2102962003470436e-04
-1.2068957738961913e-04
-1.2035827873603725e-04
-1.2003553414625880e-04
-1.1971908965921283e-04
-1.1940948661819968e-04
-1.1909772991586859e-04
-1.1879150250511827e-04
-1.1849164433495540e-04
-1.1819884583903021e-04
-1.1791434873769284e-04
-1.1763804355384040e-04
-1.1736725899770444e-04
-1.1709164124765635e-04
-1.1682436692267431e-04
-1.1656535600476277e-04
-1.1631415695775582e-04
-1.1606902422395292e-04
-1.1583215279735773e-04
-1.1559813061547152e-04
-1.1536555534259514e-04
-1.1513997547025897e-04
-1.1492200858844196e-04
-1.1471249763289466e-04
-1.1451143622042392e-04
-1.1431881521662463e-04
-1.1412346757609239e-04
-1.1393445117174429e-04
-1.1375423991725278e-04
-1.1358286690352603e-04
-1.1342037091329865e-04
0.0000000000000000e+00
1.4163066332954897e+03
3.6295486867788043e+02
7.2925350558628823e+04
];
