%Vec Object:sol 1 MPI processes
%  type: mpi
sol = [
0.0000000000000000e+00
-8.1334695873805428e-04
-7.4134221522845906e-04
-6.5749088274935316e-04
-5.7838965466450664e-04
-5.1725096819238490e-04
-4.6532081714557904e-04
-1.4328409067376069e-04
-1.8435728482977807e-04
-1.8249872244422184e-04
-1.8065354391659860e-04
-1.7877704116264347e-04
-1.7692306728372286e-04
-1.7507783235294380e-04
-1.7323547712191228e-04
-1.7140776302654250e-04
-1.6956447954682494e-04
-1.6773868146051772e-04
-1.6592955924787348e-04
-1.6410648699599666e-04
-1.6229448053187094e-04
-1.6048849251580673e-04
-1.5868719424288899e-04
-1.5690175947019917e-04
-1.5510167966666560e-04
-1.5331326747345812e-04
-1.5154133484530016e-04
-1.4976445936272739e-04
-1.4799140699724026e-04
-1.4622674504674306e-04
-1.4446006598413022e-04
-1.4270693370630827e-04
-1.4095803742300507e-04
-1.3919566711008110e-04
-1.3743845276543813e-04
-1.3567246055077171e-04
-1.3387971899941201e-04
-1.3204005457517637e-04
-1.3010597457483578e-04
-1.2802241471560850e-04
-1.2571716953400230e-04
-1.2310135444102915e-04
-1.2011423606545876e-04
-1.1677886375125865e-04
-1.1321166618197842e-04
-1.0957269482078389e-04
-1.0601989836090468e-04
-1.0266313400362527e-04
-9.9566481041460221e-05
-9.6787447725845744e-05
-9.4353357738170395e-05
-9.2266502709482075e-05
-9.0486240048382919e-05
-8.8984123664789537e-05
-8.7736151297107955e-05
-8.6699712675365937e-05
-8.5837607512608468e-05
-8.5114210249835119e-05
-8.4502456179523394e-05
-8.3979645574881737e-05
-8.3519754535947636e-05
-8.3117313329489440e-05
-8.2753186490193621e-05
-8.2413811245216618e-05
-8.2094199928365330e-05
-8.1790158241236671e-05
-8.1494187872430492e-05
-8.1199063742743065e-05
-8.0902296084740783e-05
-8.0604148698367871e-05
-8.0299975087249928e-05
-7.9982480718473269e-05
-7.9660914795030166e-05
-7.9331174479061031e-05
-7.8984778456534275e-05
-7.8625320219715057e-05
-7.8254302241963417e-05
-7.7868081436124575e-05
-7.7463996193461300e-05
-7.7043394531504825e-05
-7.6609532679996356e-05
-7.6158533038662049e-05
-7.5688920070303878e-05
-7.5199132345556263e-05
-7.4691699773986472e-05
-7.4165971588929013e-05
-7.3618392577709841e-05
-7.3047821799014724e-05
-7.2453050571519553e-05
-7.1839196323091479e-05
-7.1201431538525100e-05
-7.0535053804134354e-05
-6.9840557177742931e-05
-6.9118032236223983e-05
-6.8362807452177759e-05
-6.7573766825441441e-05
-6.6747691163089899e-05
-6.5878157628895839e-05
-6.4966273085536349e-05
0.0000000000000000e+00
1.7060024079527020e+03
3.5985496124628361e+02
5.8154599569543265e+04
];
