%Vec Object:sol 1 MPI processes
%  type: mpi
sol = [
0.0000000000000000e+00
-1.6577053237956958e-04
-1.6465131680723044e-04
-1.6353716909473228e-04
-1.6245403183657363e-04
-1.6141953485673772e-04
-1.6038625147536475e-04
-1.5940204016095540e-04
-1.5843337805968664e-04
-1.5746635352343412e-04
-1.5654051838025380e-04
-1.5561497751057315e-04
-1.5472855167515448e-04
-1.5386287702017168e-04
-1.5301284817591281e-04
-1.5217606992708703e-04
-1.5134237004472441e-04
-1.5053480843935704e-04
-1.4975243209526133e-04
-1.4897601606693632e-04
-1.4822764014538387e-04
-1.4748342147492585e-04
-1.4674086924211583e-04
-1.4602330787955267e-04
-1.4531389140029591e-04
-1.4462258440748203e-04
-1.4395333269249153e-04
-1.4328581771580861e-04
-1.4261969404961652e-04
-1.4197142989475571e-04
-1.4132861128155928e-04
-1.4070528620514273e-04
-1.4009605283804450e-04
-1.3949405726993062e-04
-1.3889674648954849e-04
-1.3830494067252708e-04
-1.3772144860615151e-04
-1.3715427498701044e-04
-1.3659793064716978e-04
-1.3604967271402181e-04
-1.3551221881598265e-04
-1.3497120085807708e-04
-1.3443779917888198e-04
-1.3391846167091546e-04
-1.3340997299646036e-04
-1.3290774001841748e-04
-1.3241850326048494e-04
-1.3192755646731561e-04
-1.3143763937251588e-04
-1.3096015017254698e-04
-1.3049451314132071e-04
-1.3003379978812334e-04
-1.2958369158004297e-04
-1.2913957322058746e-04
-1.2869162800569015e-04
-1.2825182562862367e-04
-1.2782281075326472e-04
-1.2740315175755200e-04
-1.2698876425164569e-04
-1.2658461234875266e-04
-1.2617724889335883e-04
-1.2577401539994653e-04
-1.2537903042820345e-04
-1.2499374894976207e-04
-1.2461742771289330e-04
-1.2424607363417404e-04
-1.2387814733474115e-04
-1.2351101623649842e-04
-1.2315130957388562e-04
-1.2279813601554868e-04
-1.2245398457335824e-04
-1.2211865663433504e-04
-1.2178978366355996e-04
-1.2145495175582127e-04
-1.2112848752459435e-04
-1.2081071160731705e-04
-1.2049950029633728e-04
-1.2019555477806719e-04
-1.1990013929684457e-04
-1.1960606856020087e-04
-1.1931319832342770e-04
-1.1902734682918596e-04
-1.1875004849790937e-04
-1.1848121797530226e-04
-1.1822039057846767e-04
-1.1796399074036251e-04
-1.1770550994810570e-04
-1.1745563602132082e-04
-1.1721432362241114e-04
-1.1698015975312119e-04
-1.1675377195710172e-04
-1.1653601273434590e-04
-1.1631763769939807e-04
-1.1610534869956332e-04
-1.1590028242291020e-04
-1.1570383827474848e-04
-1.1551636262176032e-04
-1.1533788555086422e-04
-1.1516331624715137e-04
0.0000000000000000e+00
1.4374647889179391e+03
3.6295486867788043e+02
7.2925350558628823e+04
];
