%Vec Object:sol 1 MPI processes
%  type: mpi
sol = [
0.0000000000000000e+00
-1.7170632558028941e-04
-1.7050071140594646e-04
-1.6931386065798855e-04
-1.6816035507282709e-04
-1.6705853060241206e-04
-1.6595885011991821e-04
-1.6491130562897561e-04
-1.6385853702731727e-04
-1.6283105252248126e-04
-1.6184724429405608e-04
-1.6086445020489960e-04
-1.5992310246621037e-04
-1.5900303093998461e-04
-1.5807572115465114e-04
-1.5718430325652489e-04
-1.5630115045952884e-04
-1.5544575791778483e-04
-1.5461709783578522e-04
-1.5379298222613336e-04
-1.5297741758457781e-04
-1.5217822324509189e-04
-1.5139377239981164e-04
-1.5063572479933211e-04
-1.4988654575343640e-04
-1.4915423485624676e-04
-1.4842593682092662e-04
-1.4770205159935810e-04
-1.4700024183686186e-04
-1.4631729967171588e-04
-1.4564032066207531e-04
-1.4498197719640469e-04
-1.4432027221832305e-04
-1.4366681801219545e-04
-1.4303228690144132e-04
-1.4241061021442387e-04
-1.4179778966920853e-04
-1.4120103674025871e-04
-1.4059791728950624e-04
-1.4000381051866088e-04
-1.3942575765589328e-04
-1.3885900103028303e-04
-1.3830030744181975e-04
-1.3775608352311865e-04
-1.3720597942878444e-04
-1.3666268161966497e-04
-1.3613336753283428e-04
-1.3561644832156479e-04
-1.3510472454291727e-04
-1.3460611284247335e-04
-1.3410390048650817e-04
-1.3360632338053793e-04
-1.3312016871095981e-04
-1.3264594469486856e-04
-1.3217927185467344e-04
-1.3172110119465835e-04
-1.3126040500198761e-04
-1.3080763540697349e-04
-1.3036069299078543e-04
-1.2992468113340455e-04
-1.2949922024393186e-04
-1.2908021250296011e-04
-1.2865787189228863e-04
-1.2824272642709617e-04
-1.2783715464656978e-04
-1.2743701979679107e-04
-1.2704680242306443e-04
-1.2666623091648157e-04
-1.2628306737132576e-04
-1.2590287999592018e-04
-1.2553227250663147e-04
-1.2517102816329698e-04
-1.2481675317660166e-04
-1.2447000775189765e-04
-1.2412348194764850e-04
-1.2378139275878448e-04
-1.2344629253780337e-04
-1.2311889693621746e-04
-1.2280050160159235e-04
-1.2249097736999101e-04
-1.2218100144064661e-04
-1.2187319753478301e-04
-1.2157438667062832e-04
-1.2128447186637029e-04
-1.2100296519250454e-04
-1.2072801740197033e-04
-1.2045490238625815e-04
-1.2018531149732696e-04
-1.1992467416556460e-04
-1.1967152612432539e-04
-1.1942650686005590e-04
-1.1919049187528703e-04
-1.1895684280458395e-04
-1.1872694219287790e-04
-1.1850457136470209e-04
-1.1829116511505258e-04
-1.1808707266266047e-04
-1.1789231758898745e-04
-1.1770030258963740e-04
0.0000000000000000e+00
1.4685172733014749e+03
3.6295486867788043e+02
7.2925350558628823e+04
];
