%Vec Object:sol 1 MPI processes
%  type: mpi
sol = [
0.0000000000000000e+00
-1.6246863660770641e-04
-1.6138555992729249e-04
-1.6032445094097550e-04
-1.5929272873235468e-04
-1.5830764767411904e-04
-1.5730780528172561e-04
-1.5634382826191162e-04
-1.5539834916978660e-04
-1.5447658119504203e-04
-1.5359432701476112e-04
-1.5271166753897167e-04
-1.5186556817260220e-04
-1.5101556950757589e-04
-1.5018083587939188e-04
-1.4937861026489291e-04
-1.4858301490610601e-04
-1.4781239078898951e-04
-1.4706583449167502e-04
-1.4631405363070945e-04
-1.4557728869369621e-04
-1.4485497399458947e-04
-1.4414560955691147e-04
-1.4346020710438986e-04
-1.4278230563766325e-04
-1.4212166794345124e-04
-1.4146446152918406e-04
-1.4080731003801174e-04
-1.4017021822481044e-04
-1.3955020238333741e-04
-1.3893512461052860e-04
-1.3833875093900670e-04
-1.3775199030299841e-04
-1.3715640552185501e-04
-1.3657808781217376e-04
-1.3601133811290314e-04
-1.3545240118813015e-04
-1.3490912974261171e-04
-1.3437615971230587e-04
-1.3384122378261223e-04
-1.3331222559191742e-04
-1.3279345562272255e-04
-1.3228187252120407e-04
-1.3178380512175863e-04
-1.3129611311393533e-04
-1.3081429596212551e-04
-1.3033060227843639e-04
-1.2985558835108501e-04
-1.2938514842830953e-04
-1.2892667044025257e-04
-1.2847959912956061e-04
-1.2803714776723259e-04
-1.2760237802394888e-04
-1.2716493370881673e-04
-1.2673438237343655e-04
-1.2631163141104318e-04
-1.2589928208627424e-04
-1.2549593710349004e-04
-1.2509759489264414e-04
-1.2470202109590771e-04
-1.2430816415821006e-04
-1.2392024817052495e-04
-1.2354027764045774e-04
-1.2316968711324289e-04
-1.2280775361200763e-04
-1.2245056359422844e-04
-1.2209111895662909e-04
-1.2173768768651441e-04
-1.2139142694153732e-04
-1.2105146642165929e-04
-1.2072025510018305e-04
-1.2039760309515451e-04
-1.2007957196036824e-04
-1.1975661058056947e-04
-1.1944224577438863e-04
-1.1913632595449986e-04
-1.1883677029727503e-04
-1.1854427207092667e-04
-1.1826007802750412e-04
-1.1797791989958086e-04
-1.1769591686076162e-04
-1.1742074662018954e-04
-1.1715392121075624e-04
-1.1689536122535720e-04
-1.1664461423327652e-04
-1.1639992312160369e-04
-1.1615289955938978e-04
-1.1591253161045993e-04
-1.1568054065301607e-04
-1.1545554107347815e-04
-1.1523815274173335e-04
-1.1502922168290436e-04
-1.1482545085041845e-04
-1.1462166336013672e-04
-1.1442495663260747e-04
-1.1423670939169028e-04
-1.1405726531098936e-04
-1.1388665693895404e-04
-1.1372492334215527e-04
0.0000000000000000e+00
1.4199313872670900e+03
3.6295486867788043e+02
7.2925350558628823e+04
];
