%Vec Object:sol 1 MPI processes
%  type: mpi
sol = [
0.0000000000000000e+00
-5.9799606438414032e-04
-1.9474079172737349e-04
-1.9286204174186850e-04
-1.9103605478924135e-04
-1.8928388178597960e-04
-1.8754061657543560e-04
-1.8584715075833539e-04
-1.8418886772645225e-04
-1.8257175053173637e-04
-1.8101493430819357e-04
-1.7944740748414401e-04
-1.7793146840138705e-04
-1.7644964771322059e-04
-1.7499526079795566e-04
-1.7358166360424522e-04
-1.7216796756364569e-04
-1.7079304548102162e-04
-1.6945525470027817e-04
-1.6813114779274635e-04
-1.6682979922369955e-04
-1.6554769090305132e-04
-1.6428770587664367e-04
-1.6306288124120547e-04
-1.6184964452954263e-04
-1.6064612805185980e-04
-1.5947409690386712e-04
-1.5831144631900699e-04
-1.5717794937631656e-04
-1.5606079482395589e-04
-1.5494486298170157e-04
-1.5385641876066740e-04
-1.5278902126020940e-04
-1.5173464874362763e-04
-1.5069250348804047e-04
-1.4966372115447001e-04
-1.4864892311468970e-04
-1.4765715560246428e-04
-1.4668206871115062e-04
-1.4570615934222185e-04
-1.4474986789130408e-04
-1.4380996904949094e-04
-1.4288293364355601e-04
-1.4197595827651334e-04
-1.4107069895644353e-04
-1.4017664363515331e-04
-1.3930178350426484e-04
-1.3844440199091339e-04
-1.3759681913410140e-04
-1.3675340873470248e-04
-1.3592761840714365e-04
-1.3511208546914224e-04
-1.3431305995456182e-04
-1.3353110083237391e-04
-1.3274939658593891e-04
-1.3198053668508959e-04
-1.3122846299843687e-04
-1.3049165635356557e-04
-1.2976576196251210e-04
-1.2904635797913972e-04
-1.2834057361803340e-04
-1.2764688456570625e-04
-1.2696754231430286e-04
-1.2630416257512485e-04
-1.2564919888506733e-04
-1.2500067342090978e-04
-1.2436819479839099e-04
-1.2375156478948863e-04
-1.2314885116459823e-04
-1.2255577907242207e-04
-1.2197106064106597e-04
-1.2140225479786152e-04
-1.2084703640449589e-04
-1.2030608245972433e-04
-1.1978108253762034e-04
-1.1926180401519295e-04
-1.1875629927801994e-04
-1.1826563385538405e-04
-1.1779120644861790e-04
-1.1733299147740710e-04
-1.1688372788091293e-04
-1.1644531381648240e-04
-1.1602352498688588e-04
-1.1561837310970644e-04
-1.1522948211733656e-04
-1.1485360498238075e-04
-1.1448681581511860e-04
-1.1413718439781658e-04
-1.1380477119946254e-04
-1.1348825004408874e-04
-1.1318837804770764e-04
-1.1289973836878523e-04
-1.1262628525330804e-04
-1.1237086020896542e-04
-1.1213199556419494e-04
-1.1191126780496991e-04
-1.1170709419423951e-04
-1.1151508348665917e-04
-1.1134224853837645e-04
0.0000000000000000e+00
1.6390081727774950e+03
3.6283003053368174e+02
7.2224310466526120e+04
];
