%Vec Object:sol 1 MPI processes
%  type: mpi
sol = [
0.0000000000000000e+00
-1.8207830060532924e-04
-1.8074649086018653e-04
-1.7941588877278702e-04
-1.7812316662753428e-04
-1.7688790194487586e-04
-1.7565676874557975e-04
-1.7448329471162833e-04
-1.7330889819218185e-04
-1.7216117412332263e-04
-1.7106184853682085e-04
-1.6996510146129900e-04
-1.6891422544492070e-04
-1.6787329747328179e-04
-1.6684112982290268e-04
-1.6584866190661314e-04
-1.6486626271582596e-04
-1.6391475190596658e-04
-1.6298701610910354e-04
-1.6204912989371020e-04
-1.6114461696947272e-04
-1.6025859743604758e-04
-1.5938930209630063e-04
-1.5854911371724736e-04
-1.5769943179785113e-04
-1.5686859649924326e-04
-1.5606399008304334e-04
-1.5526489286216521e-04
-1.5449010362350731e-04
-1.5372619982636259e-04
-1.5295818511658650e-04
-1.5221325048311263e-04
-1.5148535485528069e-04
-1.5076688115862294e-04
-1.5006845045634513e-04
-1.4936499771583386e-04
-1.4867197528217770e-04
-1.4799819717165364e-04
-1.4733756022591851e-04
-1.4668700568610363e-04
-1.4604297296763521e-04
-1.4540378649957394e-04
-1.4477404469361436e-04
-1.4416079849056669e-04
-1.4356047022414815e-04
-1.4296599231941560e-04
-1.4237097314589290e-04
-1.4178985774696622e-04
-1.4121499298657122e-04
-1.4065460682593297e-04
-1.4010803083605363e-04
-1.3955705678326573e-04
-1.3901244119175068e-04
-1.3848109724112287e-04
-1.3795836911731853e-04
-1.3744523990115033e-04
-1.3694248396353413e-04
-1.3643680036943653e-04
-1.3593783888669539e-04
-1.3545097559855381e-04
-1.3497579005419165e-04
-1.3450793773569123e-04
-1.3404009854266997e-04
-1.3357791900382536e-04
-1.3312631956341730e-04
-1.3268092041988545e-04
-1.3224643441969806e-04
-1.3182086266576786e-04
-1.3139111227535453e-04
-1.3096917448680468e-04
-1.3055773377383212e-04
-1.3015654713509342e-04
-1.2976307903725170e-04
-1.2936952285039167e-04
-1.2898065990073136e-04
-1.2860181323323683e-04
-1.2823065364427202e-04
-1.2786792423086796e-04
-1.2751368971673454e-04
-1.2715721932442852e-04
-1.2680900934068773e-04
-1.2646887896682583e-04
-1.2613847289666251e-04
-1.2581767827939971e-04
-1.2549841112457531e-04
-1.2518128924930813e-04
-1.2487393301749034e-04
-1.2457625878673609e-04
-1.2428819854201636e-04
-1.2400695048827066e-04
-1.2372351878274707e-04
-1.2344993506382119e-04
-1.2318616435819243e-04
-1.2293217969286190e-04
-1.2268625181245950e-04
-1.2244245779735355e-04
-1.2220430171320758e-04
-1.2197625951955476e-04
-1.2175834710891715e-04
0.0000000000000000e+00
1.5208526010103169e+03
3.6295486867788043e+02
7.2925350558628823e+04
];
