%Vec Object:sol 1 MPI processes
%  type: mpi
sol = [
0.0000000000000000e+00
-1.7661446907617229e-04
-1.7535907383520069e-04
-1.7410438849393538e-04
-1.7288519271288472e-04
-1.7172040692821605e-04
-1.7055871292586997e-04
-1.6945172175064250e-04
-1.6835039620522236e-04
-1.6726610586828265e-04
-1.6622773097329930e-04
-1.6519112256908658e-04
-1.6419806083098709e-04
-1.6322852646368226e-04
-1.6225202818849068e-04
-1.6131282345596825e-04
-1.6038275205928164e-04
-1.5948193382734100e-04
-1.5860927348516148e-04
-1.5773584044999196e-04
-1.5687816654362465e-04
-1.5603788346276010e-04
-1.5521329699136352e-04
-1.5441641673090932e-04
-1.5362912979632494e-04
-1.5284739715169362e-04
-1.5208295908320527e-04
-1.5132347081155077e-04
-1.5058713343980612e-04
-1.4987062005237969e-04
-1.4916075312778332e-04
-1.4845247404136821e-04
-1.4775940523808101e-04
-1.4707516075902416e-04
-1.4641072259968227e-04
-1.4575982371249567e-04
-1.4511423357615151e-04
-1.4447137849487077e-04
-1.4384101432065533e-04
-1.4322018337652951e-04
-1.4261612345270141e-04
-1.4202392548617846e-04
-1.4143193253630200e-04
-1.4084558334934527e-04
-1.4027157113908657e-04
-1.3970497537401662e-04
-1.3915295405293149e-04
-1.3861386304687281e-04
-1.3806849542814630e-04
-1.3753148761414086e-04
-1.3700773671907566e-04
-1.3648984619714298e-04
-1.3598384201086460e-04
-1.3549030495967559e-04
-1.3498982357064039e-04
-1.3449700009750452e-04
-1.3401617117565789e-04
-1.3354579211482143e-04
-1.3308150468735474e-04
-1.3262677157308372e-04
-1.3216940421956021e-04
-1.3171907184546242e-04
-1.3127792141530228e-04
-1.3084747971253273e-04
-1.3042694056250570e-04
-1.3000728984879676e-04
-1.2958812216395143e-04
-1.2917920578242465e-04
-1.2877849932773944e-04
-1.2838504548144073e-04
-1.2800146744458994e-04
-1.2762006379565032e-04
-1.2723952673642145e-04
-1.2686701586450669e-04
-1.2650413565274112e-04
-1.2615070356651541e-04
-1.2580445879933292e-04
-1.2545611516278670e-04
-1.2511388592478513e-04
-1.2478100833946109e-04
-1.2445590672598985e-04
-1.2413841288791636e-04
-1.2383005712836526e-04
-1.2351853302569461e-04
-1.2321544664253495e-04
-1.2291929753066252e-04
-1.2263243286041159e-04
-1.2235477835514772e-04
-1.2208361710501600e-04
-1.2181054843513297e-04
-1.2154598814194211e-04
-1.2129082407660725e-04
-1.2104502928190395e-04
-1.2080858447673813e-04
-1.2057414291985619e-04
-1.2034274943169343e-04
-1.2012103467507333e-04
-1.1990901463634993e-04
-1.1970671196593489e-04
0.0000000000000000e+00
1.4935713780908511e+03
3.6295486867788043e+02
7.2925350558628823e+04
];
