%Vec Object:sol 1 MPI processes
%  type: mpi
sol = [
0.0000000000000000e+00
-1.6850020170214238e-04
-1.6734312657354068e-04
-1.6620999551151511e-04
-1.6510853786937048e-04
-1.6404772523032494e-04
-1.6296955741205356e-04
-1.6194217553640585e-04
-1.6093489768398983e-04
-1.5995314399763828e-04
-1.5901336361611397e-04
-1.5806780642042674e-04
-1.5714269773240092e-04
-1.5623934948297481e-04
-1.5535254066072150e-04
-1.5450021855271533e-04
-1.5365537253809585e-04
-1.5283485159306288e-04
-1.5201860039124615e-04
-1.5120893900410375e-04
-1.5042834287231640e-04
-1.4966325318034612e-04
-1.4891209412463792e-04
-1.4818632147718766e-04
-1.4744865763346475e-04
-1.4672795022957301e-04
-1.4603012671563241e-04
-1.4533619020154235e-04
-1.4466346165216534e-04
-1.4400881661886389e-04
-1.4334529605270540e-04
-1.4269575002275021e-04
-1.4206091083919262e-04
-1.4143379294137930e-04
-1.4082487313734723e-04
-1.4022821593546734e-04
-1.3963107336279119e-04
-1.3904040206503971e-04
-1.3846106219451683e-04
-1.3789025471777473e-04
-1.3733489798545438e-04
-1.3679033680433854e-04
-1.3624970060414476e-04
-1.3570920422053057e-04
-1.3518001404252958e-04
-1.3465745282543014e-04
-1.3414836631362947e-04
-1.3365120593751277e-04
-1.3315893469391306e-04
-1.3266334507701087e-04
-1.3217903664880843e-04
-1.3169996547217705e-04
-1.3123189748728175e-04
-1.3077533956288028e-04
-1.3032599821913713e-04
-1.2987422712835612e-04
-1.2942826618947227e-04
-1.2899200687065406e-04
-1.2856129306967824e-04
-1.2814114463911228e-04
-1.2773119662139152e-04
-1.2732153167922100e-04
-1.2691118409325630e-04
-1.2651086069350980e-04
-1.2611980099509068e-04
-1.2573394544424204e-04
-1.2535770272657754e-04
-1.2498906498505512e-04
-1.2461545650566667e-04
-1.2424862865128509e-04
-1.2389110341113339e-04
-1.2354267382912293e-04
-1.2320099230504522e-04
-1.2286661661249819e-04
-1.2252941541702393e-04
-1.2219926567254728e-04
-1.2187590034090958e-04
-1.2156002642807488e-04
-1.2125292184730311e-04
-1.2095446355007378e-04
-1.2065519252935391e-04
-1.2035811730345765e-04
-1.2006981871417204e-04
-1.1979020513104738e-04
-1.1951880024990603e-04
-1.1925378809717326e-04
-1.1899259399057845e-04
-1.1873257293521393e-04
-1.1848131141511122e-04
-1.1823737196289023e-04
-1.1800138705198585e-04
-1.1777422177955441e-04
-1.1755354673477516e-04
-1.1733215009510999e-04
-1.1711813258106138e-04
-1.1691290950525587e-04
-1.1671682807502538e-04
-1.1652991490599246e-04
-1.1635180343867599e-04
0.0000000000000000e+00
1.4519318740568367e+03
3.6295486867788043e+02
7.2925350558628823e+04
];
