%Vec Object:sol 1 MPI processes
%  type: mpi
sol = [
0.0000000000000000e+00
-7.7269285057324287e-04
-6.9689045413442443e-04
-6.1517516857178308e-04
-5.4214183577735238e-04
-4.3340398701767350e-04
-1.8396095249608916e-04
-1.8254110570833088e-04
-1.8057261485816695e-04
-1.7862862402335695e-04
-1.7674904652965683e-04
-1.7488147683340018e-04
-1.7307272933544962e-04
-1.7127961717821377e-04
-1.6951280700570708e-04
-1.6779406429285012e-04
-1.6609004420447748e-04
-1.6440977094562249e-04
-1.6275772214824089e-04
-1.6111643560252339e-04
-1.5951117814715229e-04
-1.5792018790741996e-04
-1.5633403428520873e-04
-1.5477749337636695e-04
-1.5323021661007053e-04
-1.5170304021140131e-04
-1.5018720703776031e-04
-1.4867056890681591e-04
-1.4717518011047402e-04
-1.4569691716233743e-04
-1.4421907561031484e-04
-1.4274723302896400e-04
-1.4128722300796242e-04
-1.3983106612105385e-04
-1.3838957743207315e-04
-1.3695117793351835e-04
-1.3550825140313665e-04
-1.3407736844701506e-04
-1.3265227593121600e-04
-1.3122974054041804e-04
-1.2981184905722844e-04
-1.2839141832771760e-04
-1.2697195805912642e-04
-1.2555955963885584e-04
-1.2415026408693031e-04
-1.2273625604156170e-04
-1.2131777082157793e-04
-1.1989998694576581e-04
-1.1847415381957461e-04
-1.1704518385682210e-04
-1.1560946681658122e-04
-1.1414958107573590e-04
-1.1267290520306249e-04
-1.1117781652596605e-04
-1.0965706042947292e-04
-1.0810933521157993e-04
-1.0653647617839561e-04
-1.0493315932804989e-04
-1.0330788438496670e-04
-1.0167197739096097e-04
-1.0003234248997405e-04
-9.8394367747456002e-05
-9.6767012184791347e-05
-9.5153886778936728e-05
-9.3567570937843126e-05
-9.2016323702350848e-05
-9.0513490996093046e-05
-8.9068334682598335e-05
-8.7690243183781918e-05
-8.6386295812145269e-05
-8.5158822423115328e-05
-8.4009345464793140e-05
-8.2941125664718666e-05
-8.1949682378630609e-05
-8.1026156722964907e-05
-8.0166931806657283e-05
-7.9366135536371526e-05
-7.8601688404272621e-05
-7.7881387915719697e-05
-7.7200785129045321e-05
-7.6556704400516909e-05
-7.5941603763382955e-05
-7.5350434574827799e-05
-7.4777864769856641e-05
-7.4222353453678837e-05
-7.3679308683178191e-05
-7.3144323299848376e-05
-7.2614182626345002e-05
-7.2085134121535030e-05
-7.1558771115256617e-05
-7.1029502610999438e-05
-7.0491674859873686e-05
-6.9943760772967075e-05
-6.9383372488081107e-05
-6.8804381883320268e-05
-6.8204898850432303e-05
-6.7579176947553802e-05
-6.6919838168462181e-05
-6.6224287142181663e-05
0.0000000000000000e+00
1.6913268107761651e+03
3.6129803433839299e+02
6.4393374486445871e+04
];
