%Vec Object:sol 1 MPI processes
%  type: mpi
sol = [
0.0000000000000000e+00
-1.8909821811508799e-04
-1.8763247966073430e-04
-1.8619876722745962e-04
-1.8480586813949401e-04
-1.8347421526213693e-04
-1.8212870131718251e-04
-1.8083424721231239e-04
-1.7956645535315490e-04
-1.7833143951086135e-04
-1.7714786280638331e-04
-1.7594773559325867e-04
-1.7478905436587791e-04
-1.7365818345527190e-04
-1.7254905434881004e-04
-1.7148202752593580e-04
-1.7040662667467231e-04
-1.6935819225854715e-04
-1.6834200345433757e-04
-1.6733564140659454e-04
-1.6636459391695775e-04
-1.6539529243759330e-04
-1.6443824719420788e-04
-1.6351261873793138e-04
-1.6259883029726163e-04
-1.6170831360844655e-04
-1.6082959463824389e-04
-1.5995072025993469e-04
-1.5909808139006292e-04
-1.5826803850238437e-04
-1.5744625132768921e-04
-1.5663544576379691e-04
-1.5583516601897475e-04
-1.5504552167179108e-04
-1.5427824835376888e-04
-1.5352658755260988e-04
-1.5277558253149517e-04
-1.5203568369148745e-04
-1.5131018157416490e-04
-1.5059588923615645e-04
-1.4990051488112706e-04
-1.4921127115442864e-04
-1.4852100829838055e-04
-1.4784853963820035e-04
-1.4719014289472853e-04
-1.4654055090884894e-04
-1.4590294365391708e-04
-1.4526679877384247e-04
-1.4463778740127095e-04
-1.4402440598765842e-04
-1.4342595012991195e-04
-1.4283319147158116e-04
-1.4223848640150947e-04
-1.4165812541844401e-04
-1.4108729225469592e-04
-1.4052699495814436e-04
-1.3998016069794911e-04
-1.3943093301918712e-04
-1.3888751010061225e-04
-1.3835717483448332e-04
-1.3783948662542806e-04
-1.3732996235604270e-04
-1.3682033433245019e-04
-1.3631835022302817e-04
-1.3582785949791231e-04
-1.3534434837956112e-04
-1.3487266510723179e-04
-1.3440551808445060e-04
-1.3394040153801397e-04
-1.3348390948600349e-04
-1.3303879980640826e-04
-1.3260481890625604e-04
-1.3217574366252062e-04
-1.3174568995007744e-04
-1.3132671205672190e-04
-1.3091860437610469e-04
-1.3051897189662870e-04
-1.3012811828181197e-04
-1.2973517216950052e-04
-1.2935294965648052e-04
-1.2897977921687230e-04
-1.2861547492336203e-04
-1.2826172870713756e-04
-1.2790813699301912e-04
-1.2756219907757835e-04
-1.2722438180644513e-04
-1.2689714516816227e-04
-1.2658040140279536e-04
-1.2626693915249870e-04
-1.2595734475355470e-04
-1.2565747513319409e-04
-1.2536825356633120e-04
-1.2508964179417574e-04
-1.2481728621795401e-04
-1.2454632108853053e-04
-1.2428588934500020e-04
-1.2403634708393015e-04
-1.2379770058366151e-04
-1.2356812125148474e-04
0.0000000000000000e+00
1.5551311008536613e+03
3.6295486867788043e+02
7.2925350558628823e+04
];
