%Vec Object:sol 1 MPI processes
%  type: mpi
sol = [
0.0000000000000000e+00
-1.5816695766411945e-04
-1.5714234677047188e-04
-1.5613817928877279e-04
-1.5516165842788840e-04
-1.5420519268688203e-04
-1.5324659510032693e-04
-1.5233358765644577e-04
-1.5143781566446756e-04
-1.5056434960207825e-04
-1.4972854016128052e-04
-1.4889012560922806e-04
-1.4806476552440846e-04
-1.4725846290732948e-04
-1.4646640078975668e-04
-1.4570532705613162e-04
-1.4495016736985127e-04
-1.4421872827131171e-04
-1.4350657428117085e-04
-1.4278034983644083e-04
-1.4208029935663659e-04
-1.4139383626829671e-04
-1.4071951781171774e-04
-1.4006805416531405e-04
-1.3942347969471303e-04
-1.3879094560124777e-04
-1.3816232949885067e-04
-1.3753665094708566e-04
-1.3693011031351457e-04
-1.3633982608897259e-04
-1.3575401464992757e-04
-1.3518606562795628e-04
-1.3462648569655548e-04
-1.3405844892147871e-04
-1.3350691300881528e-04
-1.3296634983426701e-04
-1.3243311648475633e-04
-1.3191486026867071e-04
-1.3140637538575545e-04
-1.3090101178982221e-04
-1.3039561743427661e-04
-1.2989995045443090e-04
-1.2941105878558993e-04
-1.2893511002189624e-04
-1.2846905761525288e-04
-1.2800853494048013e-04
-1.2755641053725368e-04
-1.2710180524135638e-04
-1.2665147867584549e-04
-1.2621263100783824e-04
-1.2578472939596061e-04
-1.2536117013754638e-04
-1.2494739215629006e-04
-1.2454077602419545e-04
-1.2412795999948699e-04
-1.2372261081633126e-04
-1.2332726929804641e-04
-1.2294057997424738e-04
-1.2255864770100230e-04
-1.2218621496185296e-04
-1.2182017431143370e-04
-1.2144765184163372e-04
-1.2108277873850694e-04
-1.2072695898925369e-04
-1.2037949289984694e-04
-1.2003656773128883e-04
-1.1970235379667672e-04
-1.1937396711221731e-04
-1.1904104291197345e-04
-1.1871419886223370e-04
-1.1839582811333465e-04
-1.1808574949373611e-04
-1.1778175977450105e-04
-1.1748439445752270e-04
-1.1719232949081633e-04
-1.1689788930512696e-04
-1.1660962255481267e-04
-1.1632820896796801e-04
-1.1605486892792099e-04
-1.1578949900046423e-04
-1.1553069384793083e-04
-1.1527502391469136e-04
-1.1501805283977000e-04
-1.1476913836345837e-04
-1.1452784140859464e-04
-1.1429245384104386e-04
-1.1406513076009137e-04
-1.1384582807393708e-04
-1.1363030783752764e-04
-1.1341366674449222e-04
-1.1320446951386707e-04
-1.1300354608924833e-04
-1.1281089363321482e-04
-1.1262651593124990e-04
-1.1244890059764352e-04
-1.1227379083886593e-04
-1.1210125274275953e-04
-1.1193738455766944e-04
-1.1178222724087001e-04
0.0000000000000000e+00
1.3964419885491984e+03
3.6295486867788043e+02
7.2925350558628823e+04
];
