%Vec Object:sol 1 MPI processes
%  type: mpi
sol = [
0.0000000000000000e+00
-1.7451967677857891e-04
-1.7328593974108580e-04
-1.7207822763095840e-04
-1.7090447093663180e-04
-1.6975474985476063e-04
-1.6860795420926779e-04
-1.6751501638385336e-04
-1.6644386801116477e-04
-1.6540013656879337e-04
-1.6439264948212641e-04
-1.6336802120571687e-04
-1.6238631125107685e-04
-1.6142793281579313e-04
-1.6048742527589846e-04
-1.5958344514952058e-04
-1.5867389681817912e-04
-1.5778221146478983e-04
-1.5691831755440224e-04
-1.5606179487221458e-04
-1.5523600495335381e-04
-1.5442681391703142e-04
-1.5361476127532630e-04
-1.5282484770646069e-04
-1.5204443996661511e-04
-1.5128405861238067e-04
-1.5054783625840617e-04
-1.4981603186325153e-04
-1.4908619122576581e-04
-1.4837499132420380e-04
-1.4767027093311356e-04
-1.4698684865304258e-04
-1.4631898271004308e-04
-1.4565728114044016e-04
-1.4499698361044344e-04
-1.4435012355334384e-04
-1.4371262262731990e-04
-1.4309290410424423e-04
-1.4248515124441340e-04
-1.4188199280662826e-04
-1.4128092235392216e-04
-1.4069164725767047e-04
-1.4011087033224273e-04
-1.3954536801672238e-04
-1.3899173224700070e-04
-1.3843888555275426e-04
-1.3788891091097208e-04
-1.3735179792750060e-04
-1.3682021972244188e-04
-1.3630208484141667e-04
-1.3579676978404725e-04
-1.3528938153613539e-04
-1.3478463238019776e-04
-1.3429222914477617e-04
-1.3380771424266317e-04
-1.3333204302765425e-04
-1.3286798227629812e-04
-1.3240532501320471e-04
-1.3194162741568649e-04
-1.3148922568501060e-04
-1.3104772800093749e-04
-1.3061296748141278e-04
-1.3018707437409624e-04
-1.2976194129224320e-04
-1.2934132527231361e-04
-1.2892639775694982e-04
-1.2852170258997466e-04
-1.2812695806507365e-04
-1.2774015180593999e-04
-1.2734986101821830e-04
-1.2696568049264535e-04
-1.2659114761777714e-04
-1.2622382778579102e-04
-1.2586428502945211e-04
-1.2551410255794509e-04
-1.2516179925726428e-04
-1.2481447039019961e-04
-1.2447508167977194e-04
-1.2414494397236078e-04
-1.2382392235079110e-04
-1.2351047871791201e-04
-1.2319215637624737e-04
-1.2288236720678898e-04
-1.2258170261299607e-04
-1.2228966169168352e-04
-1.2200436364718793e-04
-1.2172726785004985e-04
-1.2144767515521792e-04
-1.2117724096515154e-04
-1.2091447600323939e-04
-1.2066002467195381e-04
-1.2041477043801569e-04
-1.2017611046912248e-04
-1.1993729669512845e-04
-1.1970617421536807e-04
-1.1948419406687482e-04
-1.1927170635952680e-04
-1.1906873117600327e-04
-1.1887078856021197e-04
0.0000000000000000e+00
1.4830042637942377e+03
3.6295486867788043e+02
7.2925350558628823e+04
];
