%Vec Object:sol 1 MPI processes
%  type: mpi
sol = [
0.0000000000000000e+00
-1.6721506878569084e-04
-1.6606843558259322e-04
-1.6494546244115563e-04
-1.6385380791199440e-04
-1.6281128303046808e-04
-1.6176995156357970e-04
-1.6075439231093026e-04
-1.5975527845475587e-04
-1.5878142629221218e-04
-1.5784914185861307e-04
-1.5691710399542841e-04
-1.5602453658690275e-04
-1.5513565773532932e-04
-1.5425521677618254e-04
-1.5340895308954097e-04
-1.5257009450711677e-04
-1.5175757655966311e-04
-1.5097043479337128e-04
-1.5017884100222137e-04
-1.4940310522368536e-04
-1.4864275138258030e-04
-1.4789621645520194e-04
-1.4717484751377324e-04
-1.4646163395519424e-04
-1.4576294891136129e-04
-1.4506886728884490e-04
-1.4437865961325992e-04
-1.4370950537469427e-04
-1.4305830738968510e-04
-1.4241253489378963e-04
-1.4178637186514678e-04
-1.4115711677281859e-04
-1.4053279782254489e-04
-1.3992656323824691e-04
-1.3933252512638973e-04
-1.3874680437416361e-04
-1.3817748165207927e-04
-1.3760902830148333e-04
-1.3704026440663775e-04
-1.3648687045133003e-04
-1.3594422688827345e-04
-1.3540919429252325e-04
-1.3488828076958990e-04
-1.3437490507393069e-04
-1.3385375964690711e-04
-1.3334602928579575e-04
-1.3285017549247716e-04
-1.3235919127897773e-04
-1.3188067204743478e-04
-1.3141403840539968e-04
-1.3093854822591411e-04
-1.3047130960586168e-04
-1.3001554324345370e-04
-1.2956698700164308e-04
-1.2912656928441141e-04
-1.2869695898567852e-04
-1.2826927116521092e-04
-1.2783895609556190e-04
-1.2741918317906256e-04
-1.2700958926388658e-04
-1.2660618368278204e-04
-1.2621102243884230e-04
-1.2582375656646278e-04
-1.2543269757402979e-04
-1.2504686094546070e-04
-1.2467062323449755e-04
-1.2430372432938581e-04
-1.2394423917375124e-04
-1.2359127076510320e-04
-1.2323653600757408e-04
-1.2288771433414857e-04
-1.2254564731884520e-04
-1.2221088515977657e-04
-1.2188496980162663e-04
-1.2156774219459736e-04
-1.2125124473875077e-04
-1.2093469876159282e-04
-1.2062691985810443e-04
-1.2032778545170577e-04
-1.2003580595654778e-04
-1.1975083168892640e-04
-1.1947288171647755e-04
-1.1919232831993798e-04
-1.1891999111593302e-04
-1.1865406534236000e-04
-1.1839680158744686e-04
-1.1814814117303346e-04
-1.1790803996326615e-04
-1.1766499379737465e-04
-1.1742780347075577e-04
-1.1719943931255114e-04
-1.1697988664737852e-04
-1.1676913794216377e-04
-1.1656559692933996e-04
-1.1636399224381300e-04
-1.1616643770495575e-04
-1.1597805881978701e-04
-1.1579888730208750e-04
0.0000000000000000e+00
1.4452869067158451e+03
3.6295486867788043e+02
7.2925350558628823e+04
];
