%Vec Object:sol 1 MPI processes
%  type: mpi
sol = [
0.0000000000000000e+00
-1.6292868099937704e-04
-1.6184200703143445e-04
-1.6077739778812817e-04
-1.5974229728546465e-04
-1.5875105676937078e-04
-1.5773622016321726e-04
-1.5676937481631380e-04
-1.5582110060271360e-04
-1.5489662761857114e-04
-1.5401180924517203e-04
-1.5312659246776195e-04
-1.5226348523754446e-04
-1.5141122243045096e-04
-1.5057427751153071e-04
-1.4976994789679806e-04
-1.4897227152391417e-04
-1.4819964803465608e-04
-1.4744919460971332e-04
-1.4668323067063387e-04
-1.4594479184531760e-04
-1.4522084485172923e-04
-1.4450988522941399e-04
-1.4382295877679902e-04
-1.4314355336263288e-04
-1.4247074417339170e-04
-1.4180895111128502e-04
-1.4115055741483905e-04
-1.4051227824454362e-04
-1.3989112059926702e-04
-1.3927490999375369e-04
-1.3867745122896042e-04
-1.3807587679885217e-04
-1.3747933517519411e-04
-1.3690010187414805e-04
-1.3633246080607236e-04
-1.3577264552249666e-04
-1.3522853130519752e-04
-1.3468996694274407e-04
-1.3414559834025694e-04
-1.3361596028208826e-04
-1.3309656503637544e-04
-1.3258436270135361e-04
-1.3208570029780390e-04
-1.3159742897781663e-04
-1.3110451663937968e-04
-1.3061771448876283e-04
-1.3014230474135075e-04
-1.2967146660802963e-04
-1.2921260894165456e-04
-1.2876517583118989e-04
-1.2832246411701744e-04
-1.2787432968219676e-04
-1.2743664886642959e-04
-1.2700586403949408e-04
-1.2658288450701066e-04
-1.2617031815612034e-04
-1.2576676367388723e-04
-1.2536358854305969e-04
-1.2495984251733043e-04
-1.2456592206423883e-04
-1.2417793862113364e-04
-1.2379790231421383e-04
-1.2342725189335975e-04
-1.2306526295115982e-04
-1.2269859608038879e-04
-1.2233619476128489e-04
-1.2198283740255889e-04
-1.2163664914292859e-04
-1.2129675760915926e-04
-1.2096561828518140e-04
-1.2064274003473556e-04
-1.2031293883566337e-04
-1.1999016642870473e-04
-1.1967599129454619e-04
-1.1937026181508650e-04
-1.1907089229859340e-04
-1.1877857810970458e-04
-1.1848936830154738e-04
-1.1820069549650757e-04
-1.1791899387773928e-04
-1.1764411990172512e-04
-1.1737758913845018e-04
-1.1711932159278912e-04
-1.1686885901086833e-04
-1.1661441738039535e-04
-1.1636603512181860e-04
-1.1612606686602910e-04
-1.1589447246649307e-04
-1.1566986369211614e-04
-1.1545286254976248e-04
-1.1524131728003858e-04
-1.1502938890438794e-04
-1.1482609485819878e-04
-1.1462987594654923e-04
-1.1444211458950242e-04
-1.1426315576066798e-04
-1.1409303331119468e-04
-1.1392328418649217e-04
0.0000000000000000e+00
1.4223734670776439e+03
3.6295486867788043e+02
7.2925350558628823e+04
];
