%Vec Object:sol 1 MPI processes
%  type: mpi
sol = [
0.0000000000000000e+00
-7.7042708429053957e-04
-6.9443447699123239e-04
-6.1283415602861346e-04
-5.4011900960674437e-04
-1.9718485834258517e-04
-1.8672962165648059e-04
-1.8470531560920236e-04
-1.8269931909740823e-04
-1.8072687782811833e-04
-1.7879519837852849e-04
-1.7685818050270312e-04
-1.7497400799273315e-04
-1.7311978536873197e-04
-1.7128053541701807e-04
-1.6947541819039202e-04
-1.6768398881827004e-04
-1.6592900406156520e-04
-1.6420623732359957e-04
-1.6247944081146788e-04
-1.6079119342242367e-04
-1.5912529830494108e-04
-1.5747966723261229e-04
-1.5585439164530950e-04
-1.5423817808340987e-04
-1.5264675584950548e-04
-1.5108413475449414e-04
-1.4952540324935450e-04
-1.4798044639298806e-04
-1.4645800628024716e-04
-1.4494366828151717e-04
-1.4345265458061597e-04
-1.4197119199867310e-04
-1.4049196327722629e-04
-1.3903280787152259e-04
-1.3758683982804688e-04
-1.3614945328724933e-04
-1.3472036870479490e-04
-1.3329769782824595e-04
-1.3188250449233850e-04
-1.3048148321756617e-04
-1.2908936892891499e-04
-1.2769539521888278e-04
-1.2630895096249633e-04
-1.2493060293247387e-04
-1.2355520995125285e-04
-1.2218901154227897e-04
-1.2082600662133287e-04
-1.1945640033321656e-04
-1.1809321524891071e-04
-1.1673485074515860e-04
-1.1537342634378830e-04
-1.1401305426168772e-04
-1.1264490090738934e-04
-1.1127047722323589e-04
-1.0989022748569176e-04
-1.0850531588778280e-04
-1.0711364866643228e-04
-1.0571093134401497e-04
-1.0429633683703116e-04
-1.0287875471457966e-04
-1.0145808941145138e-04
-1.0003999162926607e-04
-9.8629699927920304e-05
-9.7230633608413677e-05
-9.5838335944335487e-05
-9.4463925711321868e-05
-9.3110019463928700e-05
-9.1778771377421493e-05
-9.0472903606226841e-05
-8.9197843841320624e-05
-8.7955931230252070e-05
-8.6751401077455966e-05
-8.5592672765520827e-05
-8.4481932996811882e-05
-8.3423125034347192e-05
-8.2417900135111271e-05
-8.1466203752456864e-05
-8.0566050610756025e-05
-7.9713158904648866e-05
-7.8908000996992132e-05
-7.8145879791320110e-05
-7.7423069056903798e-05
-7.6734557046882648e-05
-7.6078348125117125e-05
-7.5450081139547559e-05
-7.4845642320335557e-05
-7.4259351614770552e-05
-7.3688307015795521e-05
-7.3132673402567572e-05
-7.2587251620391665e-05
-7.2046885060800996e-05
-7.1509677795840689e-05
-7.0973395684627926e-05
-7.0433254819190821e-05
-6.9886816557907595e-05
-6.9330271485676918e-05
-6.8759282780317239e-05
-6.8173222168592537e-05
0.0000000000000000e+00
1.6905093509555111e+03
3.6137109426915072e+02
6.4736647293530448e+04
];
