%Vec Object:sol 1 MPI processes
%  type: mpi
sol = [
0.0000000000000000e+00
-1.9398108336183588e-04
-1.9240751819568817e-04
-1.9086686698556977e-04
-1.8936933772959591e-04
-1.8793594270651533e-04
-1.8649919062802310e-04
-1.8510627738144487e-04
-1.8374167789980049e-04
-1.8241166185454345e-04
-1.8113539894803758e-04
-1.7984602665794134e-04
-1.7859730777288957e-04
-1.7737790495025806e-04
-1.7618155171941410e-04
-1.7502915382776467e-04
-1.7386612428988536e-04
-1.7273462362941619e-04
-1.7163685617660096e-04
-1.7054978371655794e-04
-1.6949781461156446e-04
-1.6844412564081764e-04
-1.6741003656004441e-04
-1.6640871873166855e-04
-1.6542009212129930e-04
-1.6445048723743905e-04
-1.6349252505352811e-04
-1.6254197837808077e-04
-1.6161881860000225e-04
-1.6071930597654808e-04
-1.5982104957523629e-04
-1.5893476686064590e-04
-1.5806799058656115e-04
-1.5721261637330220e-04
-1.5638061885854613e-04
-1.5555602907046918e-04
-1.5473261539424837e-04
-1.5393090919493233e-04
-1.5314442972000407e-04
-1.5236993147461388e-04
-1.5160565196493399e-04
-1.5084680604666257e-04
-1.5009923308813170e-04
-1.4937034541455640e-04
-1.4865635756109130e-04
-1.4794237940288251e-04
-1.4723766637686652e-04
-1.4654886241354388e-04
-1.4586792617865861e-04
-1.4520348818389175e-04
-1.4454585136750654e-04
-1.4388838821900499e-04
-1.4324560478863745e-04
-1.4261803144462697e-04
-1.4200079515622050e-04
-1.4138686640488562e-04
-1.4077962104210853e-04
-1.4018543230077994e-04
-1.3959961263007182e-04
-1.3902777384805460e-04
-1.3846261678093877e-04
-1.3789838732093163e-04
-1.3734581668563896e-04
-1.3680652972542721e-04
-1.3627965535039749e-04
-1.3575517829674642e-04
-1.3523469786977428e-04
-1.3472698928979635e-04
-1.3422987085476567e-04
-1.3374232278524464e-04
-1.3326318199650129e-04
-1.3278650539903385e-04
-1.3231961381124095e-04
-1.3186311049539102e-04
-1.3141870002567819e-04
-1.3098380890185261e-04
-1.3054775874445036e-04
-1.3012225113889669e-04
-1.2970868477143441e-04
-1.2930690906026821e-04
-1.2891445937330187e-04
-1.2852022948624126e-04
-1.2813789805953370e-04
-1.2776735178506970e-04
-1.2740805443085614e-04
-1.2705799408656171e-04
-1.2670825934015944e-04
-1.2636964676449099e-04
-1.2604283311904308e-04
-1.2572622598041160e-04
-1.2542051077895939e-04
-1.2511707777125474e-04
-1.2482345860105674e-04
-1.2454180855787822e-04
-1.2427034784707938e-04
-1.2401061394168219e-04
-1.2375507837509211e-04
-1.2350835082863034e-04
-1.2327392796966066e-04
0.0000000000000000e+00
1.5783663384829742e+03
3.6295486867788043e+02
7.2925350558628823e+04
];
