%Vec Object:sol 1 MPI processes
%  type: mpi
sol = [
0.0000000000000000e+00
-1.9770004492673438e-04
-1.9603994597098103e-04
-1.9439616791845404e-04
-1.9278311578019316e-04
-1.9123656784909474e-04
-1.8969734979896563e-04
-1.8822261868365771e-04
-1.8674875068090300e-04
-1.8531100564203335e-04
-1.8392891665233155e-04
-1.8255195752678029e-04
-1.8121364452639908e-04
-1.7989176622545630e-04
-1.7859410821717463e-04
-1.7734194110045307e-04
-1.7610269916761129e-04
-1.7487635911957698e-04
-1.7368195854319498e-04
-1.7249913397383230e-04
-1.7135445507373168e-04
-1.7022637035682097e-04
-1.6909964427088759e-04
-1.6800690079402274e-04
-1.6692774352116397e-04
-1.6587403891957749e-04
-1.6483900402237530e-04
-1.6380083263126143e-04
-1.6279114516610976e-04
-1.6180614375219034e-04
-1.6083098657974801e-04
-1.5986665002860380e-04
-1.5891731723965483e-04
-1.5798030416024278e-04
-1.5706770834827437e-04
-1.5617265919435643e-04
-1.5527183354092401e-04
-1.5439259097577002e-04
-1.5352956093695938e-04
-1.5267947792265714e-04
-1.5184861827581821e-04
-1.5101648978250166e-04
-1.5019662745308760e-04
-1.4939649153502348e-04
-1.4861228060232505e-04
-1.4783517767807787e-04
-1.4706265445471825e-04
-1.4630710258447865e-04
-1.4556046394484693e-04
-1.4483140403972179e-04
-1.4411481773479092e-04
-1.4339531011155963e-04
-1.4269159490688620e-04
-1.4200421162987567e-04
-1.4132829492944344e-04
-1.4066023964005986e-04
-1.3999706646593163e-04
-1.3934812032462930e-04
-1.3870873236673589e-04
-1.3808451786931532e-04
-1.3747070325806726e-04
-1.3685702209369235e-04
-1.3625623891025474e-04
-1.3566998505902739e-04
-1.3509740442210533e-04
-1.3453036218124881e-04
-1.3396726780696519e-04
-1.3341824483490620e-04
-1.3288113549443374e-04
-1.3235493970966956e-04
-1.3183986573440818e-04
-1.3132776442507149e-04
-1.3082683108460455e-04
-1.3033767885206222e-04
-1.2986201299699200e-04
-1.2939833286985608e-04
-1.2893441066724956e-04
-1.2848247495661494e-04
-1.2804392574755139e-04
-1.2761862708263050e-04
-1.2720484211293522e-04
-1.2679076041779362e-04
-1.2638990081990909e-04
-1.2600233022922220e-04
-1.2562752748729612e-04
-1.2526348208803819e-04
-1.2490266292638930e-04
-1.2455369776516833e-04
-1.2421808544074890e-04
-1.2389426284032770e-04
-1.2358291761336212e-04
-1.2327672066224325e-04
-1.2298116322332085e-04
-1.2269917558286255e-04
-1.2242900699085767e-04
-1.2217218774539346e-04
-1.2192248530352542e-04
-1.2168241776151458e-04
-1.2145628755701028e-04
0.0000000000000000e+00
1.5959762617338081e+03
3.6295486867788043e+02
7.2925350558628823e+04
];
