%Vec Object:sol 1 MPI processes
%  type: mpi
sol = [
0.0000000000000000e+00
-1.6697466704884597e-04
-1.6582888225710008e-04
-1.6470678696113236e-04
-1.6361602269137460e-04
-1.6257436616038036e-04
-1.6153396397848037e-04
-1.6052722368353731e-04
-1.5952898385227302e-04
-1.5855601623707924e-04
-1.5762459542854757e-04
-1.5669346978079105e-04
-1.5580179089467802e-04
-1.5492159019281419e-04
-1.5404200578408853e-04
-1.5319657837279752e-04
-1.5235857908621594e-04
-1.5154690810637611e-04
-1.5076060040320136e-04
-1.4997749691489332e-04
-1.4920254049370822e-04
-1.4844296582072053e-04
-1.4769721030659383e-04
-1.4697660024840228e-04
-1.4626415148185943e-04
-1.4556990820674705e-04
-1.4488028216063029e-04
-1.4419070916325315e-04
-1.4352217071496935e-04
-1.4287157372737256e-04
-1.4222640650151194e-04
-1.4160082851543321e-04
-1.4097949977494409e-04
-1.4035570355496181e-04
-1.3974997384713788e-04
-1.3915643139122573e-04
-1.3857120244426294e-04
-1.3800235435324122e-04
-1.3744156786968444e-04
-1.3687321718908375e-04
-1.3632022179485413e-04
-1.3577796889664115e-04
-1.3524332342218395e-04
-1.3472278297046159e-04
-1.3421310944307333e-04
-1.3369596805326830e-04
-1.3318848376453455e-04
-1.3269286687550848e-04
-1.3220212088567050e-04
-1.3172382965348178e-04
-1.3125741411201155e-04
-1.3078906501273253e-04
-1.3032199342038372e-04
-1.2986638613760910e-04
-1.2941798703755255e-04
-1.2897772288774650e-04
-1.2854825842932788e-04
-1.2812749331283856e-04
-1.2769727664271998e-04
-1.2727759623157553e-04
-1.2686808928610664e-04
-1.2646477066941198e-04
-1.2606969331100532e-04
-1.2568432439298026e-04
-1.2529811174603761e-04
-1.2491225365723202e-04
-1.2453599125995490e-04
-1.2416906479757091e-04
-1.2380955184202271e-04
-1.2345655655899578e-04
-1.2310833116003047e-04
-1.2275944206337422e-04
-1.2241731076476672e-04
-1.2208248741493543e-04
-1.2175651286308482e-04
-1.2143922972851029e-04
-1.2112855664232987e-04
-1.2081242239899596e-04
-1.2050451030092314e-04
-1.2020524710017208e-04
-1.1991314310014653e-04
-1.1962804719412876e-04
-1.1935150400669512e-04
-1.1907555292081023e-04
-1.1880300074602628e-04
-1.1853686172885488e-04
-1.1827938310152031e-04
-1.1803050583233757e-04
-1.1779018499574336e-04
-1.1755314346591998e-04
-1.1731570130113748e-04
-1.1708708314959622e-04
-1.1686727401928565e-04
-1.1665626603764117e-04
-1.1645246468770428e-04
-1.1625673107260143e-04
-1.1605888258047625e-04
-1.1587020708960932e-04
-1.1569073609534315e-04
0.0000000000000000e+00
1.4439726809412962e+03
3.6295486867788043e+02
7.2925350558628823e+04
];
