%Vec Object:sol 1 MPI processes
%  type: mpi
sol = [
0.0000000000000000e+00
-6.4902368410187138e-04
-1.9416372980970821e-04
-1.9242029503512914e-04
-1.9063182591229594e-04
-1.8888922252562491e-04
-1.8714837070212830e-04
-1.8547554276745438e-04
-1.8383280915890634e-04
-1.8221534032323647e-04
-1.8063955950929671e-04
-1.7906995177775745e-04
-1.7755401091376508e-04
-1.7606833938522905e-04
-1.7458363584906461e-04
-1.7314516693798845e-04
-1.7172054473941201e-04
-1.7033228858143645e-04
-1.6896711162169502e-04
-1.6760364731227494e-04
-1.6627880337100905e-04
-1.6497644941874902e-04
-1.6369465764253427e-04
-1.6242664926925833e-04
-1.6117216336823542e-04
-1.5994354585789619e-04
-1.5874523104701156e-04
-1.5754910657927377e-04
-1.5636847983218325e-04
-1.5521283474714137e-04
-1.5406767662628609e-04
-1.5294918628428500e-04
-1.5184045268786355e-04
-1.5073735338593970e-04
-1.4965889891890464e-04
-1.4859833237243231e-04
-1.4755124662244956e-04
-1.4651373356606818e-04
-1.4548945691084250e-04
-1.4447880293134993e-04
-1.4348939843296363e-04
-1.4251606871676262e-04
-1.4154167920587123e-04
-1.4058599101690071e-04
-1.3964695371819589e-04
-1.3871950219716478e-04
-1.3781108719181347e-04
-1.3690695974653198e-04
-1.3601195458485900e-04
-1.3513542036892995e-04
-1.3427674412601557e-04
-1.3342843090111920e-04
-1.3258530264176528e-04
-1.3175792490978971e-04
-1.3094357610726317e-04
-1.3014332062114684e-04
-1.2936005747230683e-04
-1.2858346877873223e-04
-1.2781498360301923e-04
-1.2706342158812496e-04
-1.2632847708948089e-04
-1.2560605630947119e-04
-1.2489278865961440e-04
-1.2419026698162896e-04
-1.2350374995852113e-04
-1.2282916811026174e-04
-1.2217116169718290e-04
-1.2152765883880547e-04
-1.2088996788294491e-04
-1.2026628365534760e-04
-1.1965928778132300e-04
-1.1906888833360280e-04
-1.1849283128798587e-04
-1.1792384090604956e-04
-1.1736963074228142e-04
-1.1683234016731708e-04
-1.1630993399655246e-04
-1.1580326153236856e-04
-1.1531057827934472e-04
-1.1482875167033358e-04
-1.1436293025086537e-04
-1.1391310588298251e-04
-1.1348096375932651e-04
-1.1306656056662122e-04
-1.1266215667991668e-04
-1.1227200340606356e-04
-1.1190020706053175e-04
-1.1154687301611923e-04
-1.1121212608366549e-04
-1.1089248688354693e-04
-1.1058463365719301e-04
-1.1029617103369688e-04
-1.1002730357897756e-04
-1.0977825590589617e-04
-1.0954770845143012e-04
-1.0933158441912915e-04
-1.0913365738626059e-04
-1.0895697328365001e-04
-1.0880188346633915e-04
0.0000000000000000e+00
1.6463049767308419e+03
3.6273532719643231e+02
7.1699237782873839e+04
];
