%Vec Object:sol 1 MPI processes
%  type: mpi
sol = [
0.0000000000000000e+00
-1.5553584022279814e-10
-1.1658395671228141e-03
-1.0767920135228753e-03
-9.3973568438252681e-04
-8.3825360467352811e-04
-7.5257526388819635e-04
-6.8030428379979493e-04
-6.1421234823645556e-04
-5.5520898974097295e-04
-4.9705146895526273e-04
-4.3927368104665322e-04
-3.8038637171175065e-04
-3.1817023427705831e-04
-2.5807839615259637e-04
-1.9729954599007226e-04
-1.4600430104135640e-04
-1.0079069524201866e-04
-6.9145189214603447e-05
-4.6566154869062230e-05
-3.4480617644864888e-05
5.7553305665863333e-04
-2.7086656115530445e-05
-2.9104928746957841e-05
-3.2291150558164812e-05
-3.5877105070855800e-05
-3.9312527225690242e-05
-4.2308853942481142e-05
-4.4901155310859167e-05
-4.6882395498256076e-05
-4.8502132722836293e-05
-4.9660496778351707e-05
-5.0490692092989661e-05
-5.1062183553099850e-05
-5.1344744657913655e-05
-5.1429716854246013e-05
-5.1314080739509768e-05
-5.0979459118921193e-05
-5.0450252100969101e-05
-4.9702390966230493e-05
-4.8679504736741849e-05
-4.7343835736347379e-05
-4.5593478729540868e-05
-4.3262439420796198e-05
-4.0020221395890038e-05
1.2129936805616850e-03
8.1824536428297011e-04
-5.4664871343072033e-05
-5.6461467000867082e-05
-5.7646436862484762e-05
-5.8367805023882047e-05
-5.8747226856391282e-05
-5.8886927329111373e-05
-5.8869969856725294e-05
-5.8779543573566740e-05
-5.8679272972840544e-05
-5.8603766148578479e-05
-5.8572730548977074e-05
-5.8597508739393414e-05
-5.8668835926307112e-05
-5.8766204278867022e-05
-5.8890574841243054e-05
-5.9017989067731641e-05
-5.9132327280679746e-05
-5.9229659649724429e-05
-5.9310988399892260e-05
-5.9370818335561304e-05
-5.9405222156576187e-05
-5.9418652798033612e-05
-5.9415997631479983e-05
-5.9394508744675979e-05
-5.9350698030358984e-05
-5.9298181963603806e-05
-5.9234119526042048e-05
-5.9150049232421777e-05
-5.9051104670918120e-05
-5.8940889943771354e-05
-5.8816288410160060e-05
-5.8674179508628876e-05
-5.8515546259296922e-05
-5.8346013578399120e-05
-5.8161594403952905e-05
-5.7960435374712933e-05
-5.7740728665203926e-05
-5.7506244920262227e-05
-5.7256573804866078e-05
-5.6988251255607774e-05
-5.6700099248705529e-05
-5.6390427037912682e-05
-5.6064884537378873e-05
-5.5718226200499877e-05
-5.5347995924536007e-05
-5.4953667794742600e-05
-5.4535808052420385e-05
-5.4089710398013862e-05
-5.3613283326653883e-05
-5.3106179831744415e-05
-5.2562928084353227e-05
-5.1985029072623680e-05
0.0000000000000000e+00
1.8828166680867862e+03
3.3127767369178599e+02
1.6665268217454301e+04
];
