%Vec Object:sol 1 MPI processes
%  type: mpi
sol = [
0.0000000000000000e+00
-8.2050071875497171e-04
-7.4916230576156781e-04
-6.6506021466853553e-04
-5.8474274456738428e-04
-5.2299737501858409e-04
-4.7119136308163359e-04
-3.2002200178585786e-04
-1.8629581939659943e-04
-1.8532323400734067e-04
-1.8303106354352198e-04
-1.8075584113850620e-04
-1.7854802475254555e-04
-1.7637456681705299e-04
-1.7422288987562585e-04
-1.7212701163146573e-04
-1.7005190388397605e-04
-1.6801322798983402e-04
-1.6600272017755464e-04
-1.6400772594528455e-04
-1.6205381886826579e-04
-1.6012021614758633e-04
-1.5819311338171135e-04
-1.5629877312861289e-04
-1.5441576317731684e-04
-1.5255458862052269e-04
-1.5070542426538858e-04
-1.4885679059950988e-04
-1.4702906086449770e-04
-1.4521664513758134e-04
-1.4339728341337745e-04
-1.4157764550850815e-04
-1.3974883714625917e-04
-1.3788072343951481e-04
-1.3594238203816825e-04
-1.3384578113722191e-04
-1.3147554745311136e-04
-1.2869120707115859e-04
-1.2534553093441258e-04
-1.2140587500038222e-04
-1.1703504372432353e-04
-1.1253527481161274e-04
-1.0818814378180705e-04
-1.0417317711390100e-04
-1.0058049971336703e-04
-9.7451321301785673e-05
-9.4799308169689066e-05
-9.2598977354349277e-05
-9.0780496421008556e-05
-8.9318119927856031e-05
-8.8146928829800717e-05
-8.7213280860803181e-05
-8.6467861929950249e-05
-8.5864312462601938e-05
-8.5373495633927614e-05
-8.4967286851070446e-05
-8.4623412878405299e-05
-8.4322996331371623e-05
-8.4055652383827997e-05
-8.3811647823516241e-05
-8.3575946684511055e-05
-8.3353633043115120e-05
-8.3133239396429687e-05
-8.2907353439145637e-05
-8.2676132307520333e-05
-8.2440056682496956e-05
-8.2194984656676405e-05
-8.1936482060812379e-05
-8.1664521778141198e-05
-8.1381530886350016e-05
-8.1084502174956890e-05
-8.0767324263212873e-05
-8.0440547765562681e-05
-8.0100988573556303e-05
-7.9740872848296752e-05
-7.9364470853935737e-05
-7.8973923905114406e-05
-7.8566081990598779e-05
-7.8138668740811184e-05
-7.7693311865181848e-05
-7.7233654868697678e-05
-7.6756061319936455e-05
-7.6259241249134550e-05
-7.5741773104886145e-05
-7.5206393648760342e-05
-7.4652609085318182e-05
-7.4076970850884793e-05
-7.3478409786432208e-05
-7.2855776169809380e-05
-7.2214275763888148e-05
-7.1549136846389921e-05
-7.0855836909995432e-05
-7.0134885225112115e-05
-6.9386484129272535e-05
-6.8606076282901179e-05
-6.7792600182297962e-05
-6.6943210048861225e-05
-6.6051808961643463e-05
-6.5119934954626819e-05
0.0000000000000000e+00
1.7085850631290712e+03
3.5942145165209109e+02
5.6464921323768336e+04
];
