%Vec Object:sol 1 MPI processes
%  type: mpi
sol = [
0.0000000000000000e+00
-1.8379240266608155e-04
-1.8241706680828640e-04
-1.8107160899080666e-04
-1.7976454087226056e-04
-1.7851565498529058e-04
-1.7725325843384238e-04
-1.7603805466611248e-04
-1.7484777761333874e-04
-1.7368836174798025e-04
-1.7257789901171328e-04
-1.7145863717943287e-04
-1.7037024695007967e-04
-1.6930807122552199e-04
-1.6826626044584916e-04
-1.6726455700814848e-04
-1.6626825705218738e-04
-1.6528272863350829e-04
-1.6432785536524689e-04
-1.6338193453992352e-04
-1.6246968839441338e-04
-1.6157606870409189e-04
-1.6067765902565538e-04
-1.5980720467116016e-04
-1.5894774951644139e-04
-1.5811040047071707e-04
-1.5729948212599100e-04
-1.5648048057918747e-04
-1.5567782949135799e-04
-1.5489670420343693e-04
-1.5412318190131382e-04
-1.5337289480280201e-04
-1.5263386938203528e-04
-1.5188963895501490e-04
-1.5116678604536261e-04
-1.5045874843420387e-04
-1.4976120329712552e-04
-1.4908299946920456e-04
-1.4839995340462482e-04
-1.4772601671917107e-04
-1.4707016060405253e-04
-1.4642725202261445e-04
-1.4579380275303328e-04
-1.4516678324761543e-04
-1.4454478614927334e-04
-1.4393104686485472e-04
-1.4333299306942148e-04
-1.4274889566185528e-04
-1.4216826157916591e-04
-1.4158771348994528e-04
-1.4102141734223953e-04
-1.4046167432993478e-04
-1.3991473182100201e-04
-1.3938110990135950e-04
-1.3884373206538237e-04
-1.3831221732053033e-04
-1.3779356589738176e-04
-1.3728616316853156e-04
-1.3678547855446287e-04
-1.3629168399212292e-04
-1.3579942220854509e-04
-1.3531482933731192e-04
-1.3484012365299296e-04
-1.3437687756768518e-04
-1.3392423235108827e-04
-1.3346428551330676e-04
-1.3301424440575221e-04
-1.3257515087401335e-04
-1.3214488270158514e-04
-1.3172244175540173e-04
-1.3130371159955761e-04
-1.3088810375796740e-04
-1.3048051116156599e-04
-1.3008151215968203e-04
-1.2969275987208351e-04
-1.2931337964355128e-04
-1.2892890851817039e-04
-1.2855315336621169e-04
-1.2818747110101558e-04
-1.2783170754180237e-04
-1.2748422678949710e-04
-1.2713677099326722e-04
-1.2679433793697664e-04
-1.2646179135914214e-04
-1.2613859900754810e-04
-1.2582278942240653e-04
-1.2551429249908186e-04
-1.2520560422014899e-04
-1.2490679068132197e-04
-1.2461628957544728e-04
-1.2433476504172654e-04
-1.2406313064722876e-04
-1.2379184224708368e-04
-1.2352800544206539e-04
-1.2327245701582539e-04
-1.2302669990497221e-04
-1.2279108899919741e-04
-1.2256103624526377e-04
-1.2233419134600023e-04
0.0000000000000000e+00
1.5294123475619851e+03
3.6295486867788043e+02
7.2925350558628823e+04
];
