%Vec Object:sol 1 MPI processes
%  type: mpi
sol = [
0.0000000000000000e+00
-1.4412157437540843e-10
-1.6003173763356403e-10
-1.1380350296621004e-03
-9.9270767466696531e-04
-8.8559219709672581e-04
-7.9512823705819207e-04
-7.1872562695865212e-04
-6.4892825113970160e-04
-5.8665528017193865e-04
-5.2537960461231255e-04
-4.6466420291134614e-04
-4.0292077717489743e-04
-3.3785836766499406e-04
-2.7515084689419317e-04
-2.1183774508384725e-04
-1.5848408256455146e-04
-1.1151332457104626e-04
-7.8670187227636908e-05
-5.5261470683156342e-05
-4.2717235216987175e-05
7.6217796008464286e-03
-1.1419480969041205e-04
-9.9696733593481726e-05
-9.1783675018005547e-05
-8.9260340396836324e-05
-8.9691547374840230e-05
-9.1384289021901333e-05
-9.3589157679876278e-05
-9.5794397005795193e-05
-9.7934900387902001e-05
-9.9873995185851774e-05
-1.0162591179132421e-04
-1.0320760628144488e-04
-1.0458927737733395e-04
-1.0582481142534416e-04
-1.0691227641152595e-04
-1.0785144654854911e-04
-1.0867471763883070e-04
-1.0938357866067919e-04
-1.0997398640841126e-04
-1.1046630883078879e-04
-1.1086038138726818e-04
-1.1115942644307962e-04
-1.1137209454323966e-04
-1.1149572278058412e-04
-1.1153650719760786e-04
-1.1150156499343295e-04
-1.1138897286686149e-04
-1.1120468409390833e-04
-1.1095002683680227e-04
-1.1062923542992949e-04
-1.1024762339883915e-04
-1.0980265287828028e-04
-1.0929988974597080e-04
-1.0874442928544821e-04
-1.0813729452769523e-04
-1.0747241478195634e-04
-1.0674999269920119e-04
-1.0598418830754661e-04
-1.0517081000222603e-04
-1.0432410674435897e-04
-1.0344058107700446e-04
-1.0251932852965217e-04
-1.0156540193293925e-04
-1.0058440907684421e-04
-9.9577223640780644e-05
-9.8542220414881679e-05
-9.7483624710557388e-05
-9.6406584337270992e-05
-9.5310517287112905e-05
-9.4192480839583423e-05
-9.3065064880061600e-05
-9.1927378570131192e-05
-9.0773816482223025e-05
-8.9610216438970605e-05
-8.8440971805184556e-05
-8.7265057175094437e-05
-8.6081588660050465e-05
-8.4893141584000290e-05
-8.3705895570391838e-05
-8.2517955834024312e-05
-8.1329546674334849e-05
-8.0140427978063310e-05
-7.8955497168913737e-05
-7.7775841864139740e-05
-7.6600118524281161e-05
-7.5428893605711559e-05
-7.4262291279924417e-05
-7.3107168306960413e-05
-7.1960674095277802e-05
-7.0822011381385601e-05
-6.9692739121635447e-05
-6.8575141485075974e-05
-6.7466651358662137e-05
-6.6367519823198819e-05
-6.5278917420093962e-05
-6.4197542985085113e-05
-6.3126548157760683e-05
0.0000000000000000e+00
1.9407642153485981e+03
3.3777626477976099e+02
2.0390643885068108e+04
];
