%Vec Object:sol 1 MPI processes
%  type: mpi
sol = [
0.0000000000000000e+00
-1.6673562149861757e-04
-1.6559132652590051e-04
-1.6447066974268040e-04
-1.6338128040481949e-04
-1.6234090619998177e-04
-1.6130178066612255e-04
-1.6030411602533517e-04
-1.5930697915863396e-04
-1.5833507341363995e-04
-1.5740464712286168e-04
-1.5647452151319486e-04
-1.5558378162422047e-04
-1.5471224465887179e-04
-1.5383350299761112e-04
-1.5298887297630933e-04
-1.5215167175673458e-04
-1.5134076811428618e-04
-1.5055519946512567e-04
-1.4977561209595017e-04
-1.4900612936835265e-04
-1.4824715225510228e-04
-1.4750198889619155e-04
-1.4678194721466328e-04
-1.4607007122687839e-04
-1.4537638978840504e-04
-1.4469476891215558e-04
-1.4400570001233190e-04
-1.4333765040545847e-04
-1.4268753149026633e-04
-1.4204285113301264e-04
-1.4141774574350898e-04
-1.4080419409156968e-04
-1.4018082048530226e-04
-1.3957550260099811e-04
-1.3898236979679519e-04
-1.3839755359827457e-04
-1.3782910792981451e-04
-1.3727151017710410e-04
-1.3670786513193928e-04
-1.3615515785575646e-04
-1.3561319101633988e-04
-1.3507883386795457e-04
-1.3455857382554991e-04
-1.3404917718793776e-04
-1.3353934190953943e-04
-1.3303208397799437e-04
-1.3253668884968893e-04
-1.3204616976631833e-04
-1.3156809900653860e-04
-1.3110189837715891e-04
-1.3064055583356170e-04
-1.3017374044154686e-04
-1.2971828865579075e-04
-1.2927004712245333e-04
-1.2882994049468523e-04
-1.2840062906066508e-04
-1.2798067357739542e-04
-1.2755664149551155e-04
-1.2713701017655707e-04
-1.2672754951406000e-04
-1.2632427983101560e-04
-1.2592925102721732e-04
-1.2554392804148002e-04
-1.2516438387972224e-04
-1.2477853474384030e-04
-1.2440227973734420e-04
-1.2403535895139171e-04
-1.2367585211282435e-04
-1.2332286423341192e-04
-1.2297890305921244e-04
-1.2263218388874152e-04
-1.2228996611975533e-04
-1.2195505543335199e-04
-1.2162898922597081e-04
-1.2131160867469876e-04
-1.2100078061728366e-04
-1.2069099472269486e-04
-1.2038293972958361e-04
-1.2008352953346139e-04
-1.1979127798062404e-04
-1.1950603524162889e-04
-1.1922934458148048e-04
-1.1895953143772130e-04
-1.1868680076830234e-04
-1.1842048739219450e-04
-1.1816283558247676e-04
-1.1791378649165348e-04
-1.1767329590851217e-04
-1.1743995034286518e-04
-1.1720460117901037e-04
-1.1697573756533477e-04
-1.1675568620712673e-04
-1.1654443849539180e-04
-1.1634040174878862e-04
-1.1614498339298116e-04
-1.1595241214474282e-04
-1.1576342375280445e-04
-1.1558364343668071e-04
0.0000000000000000e+00
1.4426616402680022e+03
3.6295486867788043e+02
7.2925350558628823e+04
];
