%Vec Object:sol 1 MPI processes
%  type: mpi
sol = [
0.0000000000000000e+00
-1.8139845994940838e-04
-1.8007623092105893e-04
-1.7876836957576067e-04
-1.7748133541014584e-04
-1.7625147346222170e-04
-1.7502570458401834e-04
-1.7385732360742726e-04
-1.7270765722265274e-04
-1.7156460924454780e-04
-1.7046973768068956e-04
-1.6937742642304568e-04
-1.6833077819525233e-04
-1.6730922256416757e-04
-1.6628508558793088e-04
-1.6529626221879363e-04
-1.6431746708811551e-04
-1.6336943135155732e-04
-1.6245099101957705e-04
-1.6152948709988944e-04
-1.6062796169469178e-04
-1.5974486310415726e-04
-1.5887842957283536e-04
-1.5804101023341873e-04
-1.5721278696771159e-04
-1.5638445523894702e-04
-1.5558226262795755e-04
-1.5478557198037130e-04
-1.5401310680446468e-04
-1.5326142249257280e-04
-1.5250393648310741e-04
-1.5176096987720028e-04
-1.5103499567551369e-04
-1.5031842589190638e-04
-1.4962254418480030e-04
-1.4893816468713699e-04
-1.4824673207617227e-04
-1.4757449422903352e-04
-1.4691537071621967e-04
-1.4626631373185241e-04
-1.4563475359662616e-04
-1.4500352334360583e-04
-1.4437500628577152e-04
-1.4376294959596818e-04
-1.4316378819857284e-04
-1.4257246205481145e-04
-1.4199385623318026e-04
-1.4141365362350936e-04
-1.4083970581593074e-04
-1.4028021084664866e-04
-1.3973450202991495e-04
-1.3919498445839312e-04
-1.3865750887142691e-04
-1.3812680868261854e-04
-1.3760472054903146e-04
-1.3709222332696080e-04
-1.3659217278376979e-04
-1.3610161415820261e-04
-1.3560307141609980e-04
-1.3511661249883977e-04
-1.3464181744709996e-04
-1.3417435545109863e-04
-1.3371642584412410e-04
-1.3326134208177450e-04
-1.3280992476069720e-04
-1.3236471284336753e-04
-1.3193040309960978e-04
-1.3150669292048448e-04
-1.3109115905546930e-04
-1.3066946046162619e-04
-1.3025798640568342e-04
-1.2985675859581889e-04
-1.2946324859752258e-04
-1.2907803388572729e-04
-1.2869642027642727e-04
-1.2831734643594907e-04
-1.2794596069135882e-04
-1.2758300332963712e-04
-1.2722982158825202e-04
-1.2688644774131174e-04
-1.2653864676884363e-04
-1.2619807417092908e-04
-1.2586722118164222e-04
-1.2554597378471350e-04
-1.2523380933363428e-04
-1.2492385415844459e-04
-1.2461588016893956e-04
-1.2431758301349773e-04
-1.2402889437243008e-04
-1.2374827144537382e-04
-1.2347647573219704e-04
-1.2320352616184535e-04
-1.2293890294389577e-04
-1.2268406011491483e-04
-1.2243727107454791e-04
-1.2220002787074682e-04
-1.2196833544426650e-04
-1.2173926457737133e-04
-1.2152031459340802e-04
0.0000000000000000e+00
1.5175034228687509e+03
3.6295486867788043e+02
7.2925350558628823e+04
];
