%Vec Object:sol 1 MPI processes
%  type: mpi
sol = [
0.0000000000000000e+00
-7.0967014984790939e-04
-6.2945572559319806e-04
-1.4096899231874345e-04
-1.9062186963900274e-04
-1.8877249945451261e-04
-1.8691874127292713e-04
-1.8510380944299456e-04
-1.8330247833583146e-04
-1.8153001489176158e-04
-1.7980721951220400e-04
-1.7807302438797851e-04
-1.7637510131556647e-04
-1.7470423087070187e-04
-1.7305474690843857e-04
-1.7144583098607110e-04
-1.6982946183629325e-04
-1.6824833247895392e-04
-1.6670143177008578e-04
-1.6516594388307264e-04
-1.6365473769950327e-04
-1.6215989093681647e-04
-1.6068619538257362e-04
-1.5924687546716904e-04
-1.5781962887842358e-04
-1.5640302339070645e-04
-1.5501775660867667e-04
-1.5364218657593710e-04
-1.5229585819210485e-04
-1.5096693773418627e-04
-1.4964096762669745e-04
-1.4834268959256877e-04
-1.4706579053432544e-04
-1.4580242846017188e-04
-1.4455297637984695e-04
-1.4331775726361489e-04
-1.4209688264435946e-04
-1.4089902849528707e-04
-1.3971797121141086e-04
-1.3853895541596063e-04
-1.3737878296616728e-04
-1.3623487747324939e-04
-1.3510376988431762e-04
-1.3399226042250286e-04
-1.3288637452711218e-04
-1.3178937351051898e-04
-1.3071088732178503e-04
-1.2964920444659484e-04
-1.2859698738848114e-04
-1.2755437391722237e-04
-1.2652454193422166e-04
-1.2550453592729034e-04
-1.2450021218960987e-04
-1.2351207908709559e-04
-1.2253206366955697e-04
-1.2155812904071071e-04
-1.2060017629250997e-04
-1.1965683245550148e-04
-1.1872412499254825e-04
-1.1780710433716110e-04
-1.1689668209041983e-04
-1.1599726444239036e-04
-1.1511206832251439e-04
-1.1424270610837711e-04
-1.1338866471704666e-04
-1.1254374625348839e-04
-1.1170869671919161e-04
-1.1089011622666744e-04
-1.1008648873811326e-04
-1.0929731669566616e-04
-1.0852531501972883e-04
-1.0776648231002746e-04
-1.0701939182239431e-04
-1.0628916204401187e-04
-1.0557770725915155e-04
-1.0488542189766261e-04
-1.0421094755283336e-04
-1.0355127977353919e-04
-1.0290942730733333e-04
-1.0228935843093586e-04
-1.0169054758452163e-04
-1.0111372256722038e-04
-1.0056116547755168e-04
-1.0003039729763062e-04
-9.9521717575624420e-05
-9.9038330669383716e-05
-9.8583287311480530e-05
-9.8157572362773160e-05
-9.7762000170232728e-05
-9.7394757669847377e-05
-9.7054099248856552e-05
-9.6746539139882273e-05
-9.6472826849719424e-05
-9.6233568633636405e-05
-9.6027956957245685e-05
-9.5858025584714837e-05
-9.5718116476100135e-05
-9.5614218065570792e-05
-9.5546775598557990e-05
0.0000000000000000e+00
1.6685820204928482e+03
3.6220546591655278e+02
6.8865197377078031e+04
];
