%Vec Object:sol 1 MPI processes
%  type: mpi
sol = [
0.0000000000000000e+00
-4.1098303692769513e-04
-1.9682504001201123e-04
-1.9484362277082210e-04
-1.9290757074044828e-04
-1.9105043566083104e-04
-1.8921157264042800e-04
-1.8744193363670158e-04
-1.8569238341398193e-04
-1.8398897747427511e-04
-1.8235094366036072e-04
-1.8072695203877163e-04
-1.7914082904814418e-04
-1.7759134405333121e-04
-1.7607389194748132e-04
-1.7460934845052212e-04
-1.7315417464915670e-04
-1.7172863369709651e-04
-1.7034435553758362e-04
-1.6897764248492494e-04
-1.6765457039509112e-04
-1.6633891747716185e-04
-1.6504661582092745e-04
-1.6379282042301680e-04
-1.6255707239804461e-04
-1.6134518462723429e-04
-1.6015261912747536e-04
-1.5897208312154381e-04
-1.5782325778253953e-04
-1.5670217783697886e-04
-1.5558314855597917e-04
-1.5448563132494287e-04
-1.5341114486973012e-04
-1.5235151489171456e-04
-1.5131840244647779e-04
-1.5029072069197149e-04
-1.4927505453029660e-04
-1.4828383175396651e-04
-1.4731058005009254e-04
-1.4635202998865754e-04
-1.4540009686693110e-04
-1.4446491871228677e-04
-1.4354352037946328e-04
-1.4264305089570708e-04
-1.4175911139448208e-04
-1.4087269135927005e-04
-1.4000611320536636e-04
-1.3915758585351091e-04
-1.3831933140802768e-04
-1.3749888338934852e-04
-1.3668299397078996e-04
-1.3587769522113889e-04
-1.3508922592862883e-04
-1.3431811068597368e-04
-1.3355973112832187e-04
-1.3280184532971876e-04
-1.3206088027600766e-04
-1.3133531509989572e-04
-1.3062073330576856e-04
-1.2992251651900105e-04
-1.2922946106760710e-04
-1.2854681108239328e-04
-1.2787847972261412e-04
-1.2722606546203155e-04
-1.2658881183813373e-04
-1.2595457544606369e-04
-1.2533238146114988e-04
-1.2472589058695112e-04
-1.2413313268142098e-04
-1.2355323596354901e-04
-1.2298423820707857e-04
-1.2242437422864936e-04
-1.2187781707946592e-04
-1.2134522239906517e-04
-1.2082827090926280e-04
-1.2032571891056703e-04
-1.1982730038652784e-04
-1.1934334116099683e-04
-1.1887523512930738e-04
-1.1842293816783439e-04
-1.1798499756988523e-04
-1.1755380276614002e-04
-1.1713626939010231e-04
-1.1673489594744836e-04
-1.1634928152569072e-04
-1.1597766765901716e-04
-1.1561899032486893e-04
-1.1527069253474918e-04
-1.1493903030587020e-04
-1.1462263808127410e-04
-1.1432225144794514e-04
-1.1403884066840716e-04
-1.1376374571980938e-04
-1.1350543238031781e-04
-1.1326289945632142e-04
-1.1303769293454374e-04
-1.1283027752089791e-04
-1.1263610281176814e-04
-1.1245582846234807e-04
0.0000000000000000e+00
1.6394470544086969e+03
3.6282541676535175e+02
7.2198596223821281e+04
];
