%Vec Object:sol 1 MPI processes
%  type: mpi
sol = [
0.0000000000000000e+00
-1.7813623686808335e-04
-1.7684232887201369e-04
-1.7557613241542808e-04
-1.7434586491285343e-04
-1.7317063627446928e-04
-1.7199227223475215e-04
-1.7084712660148300e-04
-1.6972516156866266e-04
-1.6863211798440154e-04
-1.6758547338738191e-04
-1.6654061714340795e-04
-1.6552063276355745e-04
-1.6451774500298260e-04
-1.6353384681390203e-04
-1.6258801067404189e-04
-1.6165137328012671e-04
-1.6073989329980034e-04
-1.5983679357256062e-04
-1.5894181205347620e-04
-1.5807883581844950e-04
-1.5723337244540712e-04
-1.5640371092508107e-04
-1.5558838124931824e-04
-1.5477378602312092e-04
-1.5398014007798435e-04
-1.5321164643815270e-04
-1.5244808767802057e-04
-1.5170785638741365e-04
-1.5096667483801537e-04
-1.5023204872791391e-04
-1.4951957426574442e-04
-1.4882336428384909e-04
-1.4813598491099237e-04
-1.4746176032054759e-04
-1.4678809359201071e-04
-1.4612431239708677e-04
-1.4547900940816981e-04
-1.4484622946199882e-04
-1.4422299020625727e-04
-1.4360390024036699e-04
-1.4299092416292607e-04
-1.4238689380865110e-04
-1.4179871842547631e-04
-1.4122290820483332e-04
-1.4065442939005597e-04
-1.4008314354214285e-04
-1.3952506771506580e-04
-1.3897286347425641e-04
-1.3843459361553113e-04
-1.3790961256342983e-04
-1.3738535140371864e-04
-1.3686154753152696e-04
-1.3635052791891993e-04
-1.3584773876710381e-04
-1.3535414908818173e-04
-1.3487257437326614e-04
-1.3439187838906586e-04
-1.3391122931322998e-04
-1.3344225761470407e-04
-1.3298455782432726e-04
-1.3253387653605522e-04
-1.3209234232895568e-04
-1.3164808336326643e-04
-1.3121246103346096e-04
-1.3078276783156937e-04
-1.3036362982172566e-04
-1.2995475428454189e-04
-1.2955134450604941e-04
-1.2914371388973183e-04
-1.2874624924599527e-04
-1.2835871581569396e-04
-1.2797862899709695e-04
-1.2760655974298159e-04
-1.2723748883561537e-04
-1.2687100793745107e-04
-1.2651195922486373e-04
-1.2616107460746201e-04
-1.2581968429974284e-04
-1.2548764956443322e-04
-1.2515309401392783e-04
-1.2482354707382586e-04
-1.2450345481471636e-04
-1.2419270907447028e-04
-1.2389079856470862e-04
-1.2359458173515610e-04
-1.2329639532410340e-04
-1.2300764162834573e-04
-1.2272825655095825e-04
-1.2245672255743140e-04
-1.2219369309589127e-04
-1.2193491660687927e-04
-1.2167868321423322e-04
-1.2143200478024583e-04
-1.2119318285035903e-04
-1.2096369084429773e-04
-1.2074388457566172e-04
-1.2052470715598693e-04
-1.2031278409246530e-04
0.0000000000000000e+00
1.5013514942338727e+03
3.6295486867788043e+02
7.2925350558628823e+04
];
