%Vec Object:sol 1 MPI processes
%  type: mpi
sol = [
0.0000000000000000e+00
-1.8598735748853769e-04
-1.8458996722477169e-04
-1.8322291519986931e-04
-1.8187383820205818e-04
-1.8057476917279295e-04
-1.7928082839968829e-04
-1.7804693776064882e-04
-1.7683831633557540e-04
-1.7564297303908791e-04
-1.7448741732060472e-04
-1.7333524596666643e-04
-1.7223083282454056e-04
-1.7115296479063713e-04
-1.7008161036433713e-04
-1.6903903829242287e-04
-1.6800740813714267e-04
-1.6700803396960115e-04
-1.6603968318419169e-04
-1.6507071279271658e-04
-1.6412121900866622e-04
-1.6319119467969311e-04
-1.6227881308491986e-04
-1.6139674421108486e-04
-1.6052085391708091e-04
-1.5964947086203761e-04
-1.5880538620830176e-04
-1.5796738746109987e-04
-1.5715469039452774e-04
-1.5636365745642998e-04
-1.5555893055393231e-04
-1.5477820803388707e-04
-1.5401529801487015e-04
-1.5326240505670450e-04
-1.5253109337582150e-04
-1.5179921104609901e-04
-1.5107361535329184e-04
-1.5036803187267316e-04
-1.4967621536634494e-04
-1.4899503482106017e-04
-1.4832241916822985e-04
-1.4765377588690304e-04
-1.4699509494200966e-04
-1.4635356487550282e-04
-1.4572552581147249e-04
-1.4510168592967267e-04
-1.4447996569445849e-04
-1.4387272314503243e-04
-1.4327214794065485e-04
-1.4268662718381765e-04
-1.4211547635182575e-04
-1.4153508331147605e-04
-1.4096678388356913e-04
-1.4041228357471592e-04
-1.3986683094969441e-04
-1.3933142325909384e-04
-1.3879898151907826e-04
-1.3827200190561558e-04
-1.3775212080378678e-04
-1.3724481043515859e-04
-1.3674963817950130e-04
-1.3625761784826130e-04
-1.3576494171705665e-04
-1.3528413087525600e-04
-1.3481432602768269e-04
-1.3435106812603184e-04
-1.3389915710493888e-04
-1.3344419394592611e-04
-1.3299791290642785e-04
-1.3255980762910400e-04
-1.3213260568289414e-04
-1.3171605662896043e-04
-1.3129880742755520e-04
-1.3088525055219969e-04
-1.3048229409007845e-04
-1.3008973542257650e-04
-1.2970520494373682e-04
-1.2932558412119828e-04
-1.2894676622105772e-04
-1.2857820463812466e-04
-1.2821824607451673e-04
-1.2786670747101024e-04
-1.2752526545309727e-04
-1.2718158570398927e-04
-1.2684696468330154e-04
-1.2652002686611640e-04
-1.2620320794597839e-04
-1.2589642037590454e-04
-1.2559193212880734e-04
-1.2529130806820132e-04
-1.2499995506691028e-04
-1.2471878835049934e-04
-1.2444777073163788e-04
-1.2418330206737319e-04
-1.2391894406321144e-04
-1.2366466439664350e-04
-1.2342081747419845e-04
-1.2318741119534077e-04
-1.2296446120872376e-04
0.0000000000000000e+00
1.5400505814116575e+03
3.6295486867788043e+02
7.2925350558628823e+04
];
