%Vec Object:sol 1 MPI processes
%  type: mpi
sol = [
0.0000000000000000e+00
-1.7511063892112916e-04
-1.7387195804629681e-04
-1.7265944004081680e-04
-1.7146315884016892e-04
-1.7030910885343316e-04
-1.6915807392273014e-04
-1.6806113772253414e-04
-1.6698609848315340e-04
-1.6593870215436137e-04
-1.6490988692666466e-04
-1.6388183213618317e-04
-1.6289687678252895e-04
-1.6193535324133290e-04
-1.6099177814826843e-04
-1.6007843988424778e-04
-1.5915518414418367e-04
-1.5826090462604209e-04
-1.5739452044491868e-04
-1.5653553252963751e-04
-1.5570739069344859e-04
-1.5488406474210048e-04
-1.5406470734350756e-04
-1.5327282146942561e-04
-1.5249046529360001e-04
-1.5172819790090346e-04
-1.5099016592377544e-04
-1.5024080475238739e-04
-1.4950842215825192e-04
-1.4879572073214778e-04
-1.4808950649134199e-04
-1.4740465319712563e-04
-1.4673543217685219e-04
-1.4605591263270454e-04
-1.4539440958901228e-04
-1.4474637610458840e-04
-1.4410771953928537e-04
-1.4348689244706461e-04
-1.4287642697616217e-04
-1.4225782005362696e-04
-1.4165589630102054e-04
-1.4106578829795150e-04
-1.4048418774563259e-04
-1.3991789423533629e-04
-1.3935924479607017e-04
-1.3879418789836435e-04
-1.3824364367619511e-04
-1.3770598072282626e-04
-1.3717384808592767e-04
-1.3665518090886310e-04
-1.3614301215851345e-04
-1.3562607609864094e-04
-1.3512099070918634e-04
-1.3462826592567335e-04
-1.3414343009096930e-04
-1.3366744210867635e-04
-1.3319500453070929e-04
-1.3272505679985333e-04
-1.3226121884198558e-04
-1.3180868584571857e-04
-1.3136706524619817e-04
-1.3093217742149473e-04
-1.3049659744871189e-04
-1.3006612731996287e-04
-1.2964555391797039e-04
-1.2923065895661812e-04
-1.2882600079314530e-04
-1.2843129662416331e-04
-1.2803363179456342e-04
-1.2763976472739136e-04
-1.2725577241230748e-04
-1.2688142993124137e-04
-1.2651429647091142e-04
-1.2615496577379431e-04
-1.2579277739807769e-04
-1.2543856201451665e-04
-1.2509155733977329e-04
-1.2475248709717377e-04
-1.2442266472584323e-04
-1.2410156765780008e-04
-1.2377541052037734e-04
-1.2345687687602107e-04
-1.2314756392534519e-04
-1.2284736866003724e-04
-1.2255579057655997e-04
-1.2226865780057093e-04
-1.2198043241147220e-04
-1.2170142185219225e-04
-1.2143156631088519e-04
-1.2116937330865506e-04
-1.2091549000415260e-04
-1.2066652606223037e-04
-1.2041905139569513e-04
-1.2018093274754502e-04
-1.1995049908448607e-04
-1.1972920620172948e-04
-1.1951740584214034e-04
-1.1930867731905179e-04
-1.1910438815641207e-04
0.0000000000000000e+00
1.4859848108316746e+03
3.6295486867788043e+02
7.2925350558628823e+04
];
