%Vec Object:sol 1 MPI processes
%  type: mpi
sol = [
0.0000000000000000e+00
-1.8487005028102260e-04
-1.8348465926439054e-04
-1.8212932772677926e-04
-1.8081263268037925e-04
-1.7953523943129625e-04
-1.7825185812596459e-04
-1.7702805693286508e-04
-1.7582931658771651e-04
-1.7466161678936530e-04
-1.7352860713082722e-04
-1.7238537047732910e-04
-1.7128954545322713e-04
-1.7022007289349130e-04
-1.6917106564088977e-04
-1.6815314625121013e-04
-1.6712910972607297e-04
-1.6613711484661316e-04
-1.6517594047310059e-04
-1.6422374245232124e-04
-1.6330176877462686e-04
-1.6237823205350835e-04
-1.6147223812598547e-04
-1.6059637615803351e-04
-1.5973155321455021e-04
-1.5888893486735520e-04
-1.5805243304338438e-04
-1.5721991543761604e-04
-1.5641256297443839e-04
-1.5562683941637074e-04
-1.5484873762536340e-04
-1.5408048085951441e-04
-1.5332220414573152e-04
-1.5257390757331916e-04
-1.5184708531082794e-04
-1.5113513702710193e-04
-1.5042689309613567e-04
-1.4972529574732045e-04
-1.4903740939255260e-04
-1.4836011932981434e-04
-1.4770098492449779e-04
-1.4705434385537289e-04
-1.4639911563808542e-04
-1.4576093111647135e-04
-1.4513618314531242e-04
-1.4451971123719738e-04
-1.4391898570437019e-04
-1.4332010121679523e-04
-1.4272228824611173e-04
-1.4213946448575477e-04
-1.4157094342503190e-04
-1.4100898710702828e-04
-1.4045423279717670e-04
-1.3990196079784452e-04
-1.3935870513588411e-04
-1.3882545768625519e-04
-1.3830511872728454e-04
-1.3779614040164380e-04
-1.3727836824076347e-04
-1.3677275438640581e-04
-1.3627923401567511e-04
-1.3579339873829042e-04
-1.3531747909700757e-04
-1.3484401842729350e-04
-1.3437538516875228e-04
-1.3391327539184788e-04
-1.3346245923762004e-04
-1.3302262517947359e-04
-1.3258849678310535e-04
-1.3215110106435405e-04
-1.3172456493922057e-04
-1.3130863790930422e-04
-1.3090074844228171e-04
-1.3050147213301147e-04
-1.3010102755151969e-04
-1.2970862371295690e-04
-1.2932421483710982e-04
-1.2894855060089871e-04
-1.2858299579953354e-04
-1.2822146382210903e-04
-1.2786115851337831e-04
-1.2750923204981525e-04
-1.2716734526858748e-04
-1.2683538029297411e-04
-1.2651191595328614e-04
-1.2618416807698503e-04
-1.2586648995189679e-04
-1.2555879370612500e-04
-1.2526100743515494e-04
-1.2497156391619494e-04
-1.2468260199390921e-04
-1.2440006157428900e-04
-1.2412762149984968e-04
-1.2386525130750440e-04
-1.2361119881564624e-04
-1.2336295075745406e-04
-1.2311722040795641e-04
-1.2288188007575159e-04
-1.2265694289540472e-04
0.0000000000000000e+00
1.5346697906756156e+03
3.6295486867788043e+02
7.2925350558628823e+04
];
