%Vec Object:sol 1 MPI processes
%  type: mpi
sol = [
0.0000000000000000e+00
-1.6134693320588590e-04
-1.6027162372832045e-04
-1.5921812784062462e-04
-1.5819379957195793e-04
-1.5721575104809770e-04
-1.5623810499303513e-04
-1.5530204731142974e-04
-1.5436288049001221e-04
-1.5344726327386009e-04
-1.5257087035244323e-04
-1.5169410693892691e-04
-1.5085461033668396e-04
-1.5003461832579568e-04
-1.4921533693185857e-04
-1.4841795718245691e-04
-1.4762718589933193e-04
-1.4686121591144503e-04
-1.4611914845979619e-04
-1.4538234524869229e-04
-1.4467225037996962e-04
-1.4395602104081180e-04
-1.4325046921999772e-04
-1.4256871635181360e-04
-1.4189443034967139e-04
-1.4123730095350818e-04
-1.4060118110410138e-04
-1.3996404172868715e-04
-1.3932992139379074e-04
-1.3871277895063277e-04
-1.3810056471936746e-04
-1.3750694179150741e-04
-1.3692667633741253e-04
-1.3635311696000516e-04
-1.3578764878472284e-04
-1.3522306601998553e-04
-1.3466626856932273e-04
-1.3412505237014080e-04
-1.3359409159791858e-04
-1.3307072750057261e-04
-1.3256159814805093e-04
-1.3204987721302674e-04
-1.3153982228203789e-04
-1.3104322461763906e-04
-1.3055696719502713e-04
-1.3007658957375353e-04
-1.2960866475487991e-04
-1.2915166068698275e-04
-1.2868350158846948e-04
-1.2822598711645204e-04
-1.2777984777127840e-04
-1.2733833959374002e-04
-1.2690700051801965e-04
-1.2648633157282484e-04
-1.2606974711091621e-04
-1.2564755176581012e-04
-1.2523573061096172e-04
-1.2483289460584192e-04
-1.2443506774854684e-04
-1.2404707791302487e-04
-1.2366858800710872e-04
-1.2328996295385360e-04
-1.2291015458399521e-04
-1.2253970947899326e-04
-1.2217790908811252e-04
-1.2182086442250380e-04
-1.2147281957986847e-04
-1.2113353524530230e-04
-1.2079228256831383e-04
-1.2045216069956259e-04
-1.2012078146926397e-04
-1.1979795587591799e-04
-1.1948143600619242e-04
-1.1917176312269702e-04
-1.1887040286516705e-04
-1.1856542686566605e-04
-1.1826536763800903e-04
-1.1797237296098764e-04
-1.1768768109016529e-04
-1.1741118204480531e-04
-1.1714144074356733e-04
-1.1687605750894172e-04
-1.1660848000598128e-04
-1.1634916642948411e-04
-1.1609766574710231e-04
-1.1585223612193700e-04
-1.1561506692981139e-04
-1.1538610960290143e-04
-1.1515932315652484e-04
-1.1493333649192726e-04
-1.1471496511749078e-04
-1.1450504905348872e-04
-1.1430358004835411e-04
-1.1411055458053668e-04
-1.1392442643203514e-04
-1.1373665034613388e-04
-1.1355594051557324e-04
-1.1338406307407095e-04
-1.1322106035701719e-04
0.0000000000000000e+00
1.4139123734307636e+03
3.6295486867788043e+02
7.2925350558628823e+04
];
