%Vec Object:sol 1 MPI processes
%  type: mpi
sol = [
0.0000000000000000e+00
-1.6409568920517959e-04
-1.6299998134327060e-04
-1.6192658469908115e-04
-1.6086986303489914e-04
-1.5984617295003580e-04
-1.5882363048716429e-04
-1.5784952246156167e-04
-1.5689417256571604e-04
-1.5596285399960351e-04
-1.5506930603097628e-04
-1.5415228763674682e-04
-1.5327391100099469e-04
-1.5241603210395670e-04
-1.5157360652406370e-04
-1.5076407032372228e-04
-1.4996124710345868e-04
-1.4916853177559351e-04
-1.4839225755452194e-04
-1.4762188676992275e-04
-1.4687925267777385e-04
-1.4615121678600003e-04
-1.4543626234699158e-04
-1.4474208445217025e-04
-1.4403735408690931e-04
-1.4335056437322346e-04
-1.4268561987603625e-04
-1.4202407941553652e-04
-1.4138278582051598e-04
-1.4075872195890571e-04
-1.4012676128710326e-04
-1.3950670481379171e-04
-1.3890063587831692e-04
-1.3830177296840021e-04
-1.3772031559296341e-04
-1.3715050512351704e-04
-1.3658679944012847e-04
-1.3602194695868573e-04
-1.3546786799543988e-04
-1.3492184731376115e-04
-1.3439062679807080e-04
-1.3386968669762680e-04
-1.3335595578325865e-04
-1.3284646038600934e-04
-1.3233942770297957e-04
-1.3183865357682708e-04
-1.3135081103345320e-04
-1.3087440063635429e-04
-1.3040255444632444e-04
-1.2994280950575718e-04
-1.2947853314192780e-04
-1.2901865616754419e-04
-1.2856935253170092e-04
-1.2813112345625325e-04
-1.2769979142993509e-04
-1.2727627331878669e-04
-1.2685713075843817e-04
-1.2643772484901905e-04
-1.2602361362318672e-04
-1.2561969617950715e-04
-1.2522562230897399e-04
-1.2483747796766676e-04
-1.2445728209160568e-04
-1.2407446495620608e-04
-1.2369793019042838e-04
-1.2332639393721739e-04
-1.2296416120782412e-04
-1.2261098217400268e-04
-1.2226497041466157e-04
-1.2192163216328801e-04
-1.2157688157912826e-04
-1.2124095464205127e-04
-1.2091156274861657e-04
-1.2058925050985576e-04
-1.2027553792387249e-04
-1.1997027374558773e-04
-1.1966190746258865e-04
-1.1935699860882614e-04
-1.1906062612794199e-04
-1.1877267357427023e-04
-1.1849168013456134e-04
-1.1821750207315678e-04
-1.1794925599070202e-04
-1.1767913627378214e-04
-1.1741703337999800e-04
-1.1716117562502299e-04
-1.1691378016901856e-04
-1.1667479307102771e-04
-1.1644417479217685e-04
-1.1621208304005899e-04
-1.1598407133797046e-04
-1.1576470106819697e-04
-1.1555396124565039e-04
-1.1535184790749296e-04
-1.1515679359686247e-04
-1.1496736854579906e-04
-1.1477797892813625e-04
-1.1459759568029658e-04
-1.1442625354225635e-04
0.0000000000000000e+00
1.4285696159984279e+03
3.6295486867788043e+02
7.2925350558628823e+04
];
