%Vec Object:sol 1 MPI processes
%  type: mpi
sol = [
0.0000000000000000e+00
-2.1705476328924294e-10
-2.4552016289051465e-10
-2.5144300494744731e-10
-2.5571185293791926e-10
-2.5867718787735903e-10
-1.0859947927882560e-09
-8.9186670901522148e-04
-8.0554045813699372e-04
-7.2851743946338000e-04
-6.5317497921234518e-04
-5.7920725113230688e-04
-5.0457895283181073e-04
-4.2667401176280101e-04
-3.5215378040057192e-04
-2.7736612171703009e-04
-2.1463407790168359e-04
-1.5957218843556251e-04
-1.2109563085329857e-04
-9.3646947727571759e-05
-7.8800794602586303e-05
-7.1670458662958752e-05
-7.0419116959363653e-05
-7.2273631850197737e-05
-7.5571261581439803e-05
-7.9283240857723611e-05
-8.2730072039685878e-05
-8.5590030486278539e-05
-8.7887905986951741e-05
-8.9449507844096830e-05
-9.0542371133707142e-05
-9.1098875412673640e-05
-9.1294755926182920e-05
-9.1199406123381715e-05
-9.0848909714400362e-05
-9.0336210788797316e-05
-8.9686426705715285e-05
-8.8935540551967528e-05
-8.8113625817159259e-05
-8.7241806186727456e-05
-8.6335809140051774e-05
-8.5405079563186727e-05
-8.4445953155739024e-05
-8.3492730166059498e-05
-8.2542087661535119e-05
-8.1556732260812956e-05
-8.0593774325451244e-05
-7.9640732573824861e-05
-7.8692169932444389e-05
-7.7718865985294952e-05
-7.6776578213514488e-05
-7.5843219806096771e-05
-7.4920486231988179e-05
-7.3990244959183839e-05
-7.3059886093237270e-05
-7.2160256963823768e-05
-7.1263833577838129e-05
-7.0367810278375509e-05
-6.9487498449107409e-05
-6.8607096704343415e-05
-6.7723518011429435e-05
-6.6866150945168806e-05
-6.6018543479802696e-05
-6.5171906742645774e-05
-6.4327776622898772e-05
-6.3500211612073742e-05
-6.2679784811344195e-05
-6.1857971539544331e-05
-6.1045147479942601e-05
-6.0244909140455743e-05
-5.9444510728914817e-05
-5.8645926708250981e-05
-5.7862335610993893e-05
-5.7089602397434515e-05
-5.6316024893896238e-05
-5.5545010193038075e-05
-5.4784532378141384e-05
-5.4031209260451555e-05
-5.3278632814162183e-05
-5.2524301061836621e-05
-5.1781223088002625e-05
-5.1045815540482270e-05
-5.0312762011147536e-05
-4.9579592315841903e-05
-4.8852175599127964e-05
-4.8131252996075624e-05
-4.7412805546787606e-05
-4.6695801263718508e-05
-4.5977788265379609e-05
-4.5263247380047907e-05
-4.4546557976145665e-05
-4.3838220445890833e-05
-4.3131055304501861e-05
-4.2426934440897324e-05
-4.1721823760141618e-05
-4.1006434052194035e-05
-4.0296104683909336e-05
-3.9589397070208178e-05
-3.8884360906667062e-05
0.0000000000000000e+00
2.1869196254502954e+03
2.9697892579610982e+02
7.8280248376120635e+03
];
