%Vec Object:sol 1 MPI processes
%  type: mpi
sol = [
0.0000000000000000e+00
-2.0023427296166622e-04
-1.9838170480333974e-04
-1.9655848997860066e-04
-1.9476340357373718e-04
-1.9304017315693013e-04
-1.9132843701511945e-04
-1.8968812098829336e-04
-1.8805253195841018e-04
-1.8645613530819384e-04
-1.8491975615150198e-04
-1.8339207205926594e-04
-1.8190676704168222e-04
-1.8044247988505818e-04
-1.7900588650729871e-04
-1.7761834024507622e-04
-1.7624641303264112e-04
-1.7488889060122693e-04
-1.7356949753129447e-04
-1.7226455649777911e-04
-1.7100069638356611e-04
-1.6975091222181263e-04
-1.6851130750168336e-04
-1.6730831225527965e-04
-1.6612138700667825e-04
-1.6496234769205949e-04
-1.6381790494709065e-04
-1.6267998817251261e-04
-1.6157276039888404e-04
-1.6049234872229803e-04
-1.5942130756389780e-04
-1.5836124157079178e-04
-1.5732362641748815e-04
-1.5630024720053441e-04
-1.5530309536177149e-04
-1.5431812974171799e-04
-1.5333628315988761e-04
-1.5237884174515326e-04
-1.5143926854380396e-04
-1.5051428451876792e-04
-1.4960180902968024e-04
-1.4869894297829260e-04
-1.4780988701568350e-04
-1.4694199542647672e-04
-1.4609147430495297e-04
-1.4524158698847524e-04
-1.4440667802066517e-04
-1.4359009111103723e-04
-1.4278385073046064e-04
-1.4199648815903712e-04
-1.4121544067119198e-04
-1.4044138992961149e-04
-1.3968439993250787e-04
-1.3894498801397579e-04
-1.3821835531604222e-04
-1.3749408260832951e-04
-1.3678377947842952e-04
-1.3608894121885440e-04
-1.3540497962543011e-04
-1.3473740333485351e-04
-1.3407543032121065e-04
-1.3342196241815846e-04
-1.3278263948064860e-04
-1.3215906161028650e-04
-1.3155039329304180e-04
-1.3094344493823538e-04
-1.3034786937598372e-04
-1.2976760094137176e-04
-1.2920053799114764e-04
-1.2864571321224847e-04
-1.2809904097913161e-04
-1.2756187127302732e-04
-1.2703721283106179e-04
-1.2652567718798104e-04
-1.2602894064367009e-04
-1.2554222999296217e-04
-1.2506094746470023e-04
-1.2459303436356382e-04
-1.2413986959865524e-04
-1.2370133643691550e-04
-1.2327359840051672e-04
-1.2284997751697558e-04
-1.2244116241715345e-04
-1.2204707291775382e-04
-1.2166722118725665e-04
-1.2129977580122750e-04
-1.2093644824386270e-04
-1.2058793919689467e-04
-1.2025430140524076e-04
-1.1993403403148116e-04
-1.1962782503372214e-04
-1.1932881892058932e-04
-1.1904241869237258e-04
-1.1877118729429146e-04
-1.1851344510087327e-04
-1.1827070124192427e-04
-1.1803813019937360e-04
-1.1781628700655714e-04
-1.1761006605636507e-04
0.0000000000000000e+00
1.6194784529323776e+03
3.6295486867788043e+02
7.2925350558628823e+04
];
