%Vec Object:sol 1 MPI processes
%  type: mpi
sol = [
0.0000000000000000e+00
-1.7940764841655046e-04
-1.7810354705609418e-04
-1.7682737914228168e-04
-1.7558743735499120e-04
-1.7438783631855892e-04
-1.7317767138521107e-04
-1.7202406926196525e-04
-1.7089381121121905e-04
-1.6979269017309737e-04
-1.6873553708735695e-04
-1.6765596759249867e-04
-1.6662144872545994e-04
-1.6561170043139162e-04
-1.6462106072928290e-04
-1.6366876212084972e-04
-1.6270953790978982e-04
-1.6177150025093571e-04
-1.6086269796216358e-04
-1.5996203718431570e-04
-1.5909360109247781e-04
-1.5823950045083056e-04
-1.5738130563478447e-04
-1.5655180300151782e-04
-1.5573253963570700e-04
-1.5493434750348241e-04
-1.5416146264892697e-04
-1.5338028139202269e-04
-1.5261428014467739e-04
-1.5186885990180904e-04
-1.5113046375110774e-04
-1.5041434403417910e-04
-1.4971372888958968e-04
-1.4900244340079264e-04
-1.4831166717399989e-04
-1.4763501444732942e-04
-1.4696827855652201e-04
-1.4632011772184732e-04
-1.4567576115684096e-04
-1.4503078156006535e-04
-1.4440316854524816e-04
-1.4378792140779729e-04
-1.4318164137555942e-04
-1.4259128030571922e-04
-1.4199793627477555e-04
-1.4140968013563683e-04
-1.4083650848397428e-04
-1.4027674117316093e-04
-1.3972284183142006e-04
-1.3917893555391816e-04
-1.3863542446813164e-04
-1.3809811164731871e-04
-1.3757310868600097e-04
-1.3706093029971258e-04
-1.3655699246101194e-04
-1.3605249635659935e-04
-1.3555389868660575e-04
-1.3506612410908896e-04
-1.3458474401705812e-04
-1.3411506997758186e-04
-1.3365675433848670e-04
-1.3319053164752721e-04
-1.3273337080413125e-04
-1.3228726829676672e-04
-1.3185139925066510e-04
-1.3142144562358618e-04
-1.3099729085930254e-04
-1.3057373561579501e-04
-1.3015867823658014e-04
-1.2975114290514323e-04
-1.2935378520981630e-04
-1.2896637067408498e-04
-1.2857685330831689e-04
-1.2819118859786648e-04
-1.2781543709574725e-04
-1.2744940895075471e-04
-1.2709080842489420e-04
-1.2673973755788470e-04
-1.2638556575431220e-04
-1.2604100079905255e-04
-1.2570444401731716e-04
-1.2537572070274030e-04
-1.2505645994864066e-04
-1.2474121445175455e-04
-1.2442750831961807e-04
-1.2412094264637307e-04
-1.2382389296507098e-04
-1.2353628025439184e-04
-1.2325803629559717e-04
-1.2297780872762835e-04
-1.2270381235794450e-04
-1.2243942947348475e-04
-1.2218462955573738e-04
-1.2193938967293170e-04
-1.2169961082317832e-04
-1.2145977616156561e-04
-1.2122982508032298e-04
-1.2100977008717740e-04
-1.2079963048259954e-04
0.0000000000000000e+00
1.5076998620894512e+03
3.6295486867788043e+02
7.2925350558628823e+04
];
