%Vec Object:sol 1 MPI processes
%  type: mpi
sol = [
0.0000000000000000e+00
-1.7875955796182514e-04
-1.7746131857469526e-04
-1.7619085517802437e-04
-1.7495642443317931e-04
-1.7377721975856506e-04
-1.7257600074687351e-04
-1.7142715414732979e-04
-1.7030153465197637e-04
-1.6920491109619542e-04
-1.6815483678719677e-04
-1.6709543288140422e-04
-1.6606479884141939e-04
-1.6505882858139614e-04
-1.6407188452445559e-04
-1.6312311974878694e-04
-1.6218354995468611e-04
-1.6125100260737466e-04
-1.6034526717661831e-04
-1.5944764643567480e-04
-1.5858212620565559e-04
-1.5773415685062348e-04
-1.5689352303107900e-04
-1.5606652207014287e-04
-1.5524973225536769e-04
-1.5445394226381174e-04
-1.5368337175696329e-04
-1.5291772437199687e-04
-1.5215835489376927e-04
-1.5141490698911570e-04
-1.5067847162455271e-04
-1.4996424240285849e-04
-1.4926631207554193e-04
-1.4857339269122564e-04
-1.4788419066665795e-04
-1.4720907803193381e-04
-1.4654386332030867e-04
-1.4589717240504855e-04
-1.4526302940018129e-04
-1.4462769747203936e-04
-1.4400127966105819e-04
-1.4338720569119821e-04
-1.4278208962408053e-04
-1.4219286692181471e-04
-1.4161603676643639e-04
-1.4103008706850941e-04
-1.4045779917832223e-04
-1.3989889432819853e-04
-1.3934586099534962e-04
-1.3880679044469464e-04
-1.3827648954072689e-04
-1.3773981504095194e-04
-1.3721543255889839e-04
-1.3670385438042902e-04
-1.3620051158763069e-04
-1.3570637696798212e-04
-1.3521461324670454e-04
-1.3472722093470717e-04
-1.3424622743619263e-04
-1.3377692646295038e-04
-1.3331891296703888e-04
-1.3286792369334059e-04
-1.3241195764922791e-04
-1.3196599671918641e-04
-1.3153026510523769e-04
-1.3110045704857291e-04
-1.3068121300947183e-04
-1.3026850882064646e-04
-1.2985341558551693e-04
-1.2944584727495929e-04
-1.2904845027361436e-04
-1.2866099018608453e-04
-1.2828097573148724e-04
-1.2790091986413242e-04
-1.2752496266099395e-04
-1.2715872713208424e-04
-1.2679992497122963e-04
-1.2644929254209910e-04
-1.2610816728320971e-04
-1.2576430579758693e-04
-1.2542733005388752e-04
-1.2509819386257614e-04
-1.2477851914695611e-04
-1.2446819698337774e-04
-1.2416346707058373e-04
-1.2385633965681286e-04
-1.2355872549457686e-04
-1.2327054507462530e-04
-1.2299173429920022e-04
-1.2272077146335556e-04
-1.2245085800007531e-04
-1.2218575657792100e-04
-1.2193023461349330e-04
-1.2168426861470693e-04
-1.2144615640158404e-04
-1.2121739141962715e-04
-1.2098670945734343e-04
-1.2076576840268057e-04
-1.2055473921292008e-04
0.0000000000000000e+00
1.5045096940592043e+03
3.6295486867788043e+02
7.2925350558628823e+04
];
