%Vec Object:sol 1 MPI processes
%  type: mpi
sol = [
0.0000000000000000e+00
-6.8329077707971126e-04
-6.0009090651343610e-04
-1.9041469193648114e-04
-1.8869503511014221e-04
-1.8690302124435009e-04
-1.8511886661638622e-04
-1.8340179455809469e-04
-1.8171384645204719e-04
-1.8004099967362526e-04
-1.7841918632388910e-04
-1.7680237758028113e-04
-1.7523779282458776e-04
-1.7369204591990235e-04
-1.7215731653220375e-04
-1.7066720502151403e-04
-1.6918946369018435e-04
-1.6774620714625908e-04
-1.6631544692076675e-04
-1.6489547544564954e-04
-1.6351230770880577e-04
-1.6214992707467969e-04
-1.6079715062636838e-04
-1.5946634936865803e-04
-1.5814808676682904e-04
-1.5685386513658364e-04
-1.5558804757000183e-04
-1.5431378532179232e-04
-1.5306347701532022e-04
-1.5183626718963389e-04
-1.5061786928655533e-04
-1.4942223519602666e-04
-1.4823065320242288e-04
-1.4705025177885444e-04
-1.4589255729025407e-04
-1.4475093259857087e-04
-1.4361658942725424e-04
-1.4249230089378968e-04
-1.4138296038930761e-04
-1.4028553383838718e-04
-1.3920748823811346e-04
-1.3813873626466300e-04
-1.3707219843322755e-04
-1.3602410456500300e-04
-1.3499097529578628e-04
-1.3396791197869338e-04
-1.3295814689676488e-04
-1.3195545598647284e-04
-1.3096161307762984e-04
-1.2998468799395733e-04
-1.2902413954112818e-04
-1.2807102191618184e-04
-1.2712315652150331e-04
-1.2619154747060081e-04
-1.2527192831488274e-04
-1.2436540536079919e-04
-1.2347484775172013e-04
-1.2258952571627866e-04
-1.2171359133734068e-04
-1.2085384737579992e-04
-1.2001010836974938e-04
-1.1917857851823324e-04
-1.1835708536020550e-04
-1.1754626228818976e-04
-1.1675136029929986e-04
-1.1596865573500586e-04
-1.1520270211731984e-04
-1.1445349768473058e-04
-1.1371113296094562e-04
-1.1298253319364685e-04
-1.1227145843108785e-04
-1.1157800826655317e-04
-1.1090025668187324e-04
-1.1023724633691161e-04
-1.0958587500014512e-04
-1.0895329230453862e-04
-1.0833784026717931e-04
-1.0774058268117619e-04
-1.0716312320583046e-04
-1.0660248186911784e-04
-1.0605637573389279e-04
-1.0553000077492108e-04
-1.0502530840052211e-04
-1.0454275403087461e-04
-1.0408248952928986e-04
-1.0363967830029690e-04
-1.0321718736959949e-04
-1.0281948166039887e-04
-1.0244717651282862e-04
-1.0209974065888955e-04
-1.0177849979351473e-04
-1.0148126042337339e-04
-1.0120909177691472e-04
-1.0096623754191391e-04
-1.0075197804187122e-04
-1.0056845253645363e-04
-1.0041650253388100e-04
-1.0029325902066643e-04
-1.0019929984070215e-04
0.0000000000000000e+00
1.6588814125795125e+03
3.6248193514839232e+02
7.0322319010859384e+04
];
