%Vec Object:sol 1 MPI processes
%  type: mpi
sol = [
0.0000000000000000e+00
-1.5795985057342950e-04
-1.5693678887861094e-04
-1.5593412957327037e-04
-1.5495906590381499e-04
-1.5401089379311661e-04
-1.5305363167367222e-04
-1.5214188429098243e-04
-1.5124734156892220e-04
-1.5037506650972306e-04
-1.4954038734403714e-04
-1.4870470141462486e-04
-1.4788554145916705e-04
-1.4708018950101423e-04
-1.4628905755060661e-04
-1.4552886943840644e-04
-1.4477458847865610e-04
-1.4404399526624602e-04
-1.4333624376003124e-04
-1.4261382870586986e-04
-1.4191446458128567e-04
-1.4122867462104931e-04
-1.4055501866004871e-04
-1.3990419213225278e-04
-1.3926025239822235e-04
-1.3863266856001420e-04
-1.3800676111668260e-04
-1.3738158771205646e-04
-1.3677553614178660e-04
-1.3618572962056883e-04
-1.3560040102369029e-04
-1.3503292132932402e-04
-1.3447817898647126e-04
-1.3391253490844843e-04
-1.3336135246264021e-04
-1.3282114052760069e-04
-1.3228826112919373e-04
-1.3177035105928805e-04
-1.3126221096222904e-04
-1.3076123825069160e-04
-1.3025831088012046e-04
-1.2976288476462949e-04
-1.2927423731997096e-04
-1.2879852823038815e-04
-1.2833271474243222e-04
-1.2787243547295101e-04
-1.2742412686654269e-04
-1.2697222785451021e-04
-1.2652205095679885e-04
-1.2608335050222070e-04
-1.2565559432568214e-04
-1.2523218694190696e-04
-1.2481856007555517e-04
-1.2441521395046667e-04
-1.2400535425756708e-04
-1.2360007083839000e-04
-1.2320479505657903e-04
-1.2281817307586924e-04
-1.2243631448572334e-04
-1.2206395578516556e-04
-1.2170077358454649e-04
-1.2133135010092437e-04
-1.2096647131669743e-04
-1.2061064791930473e-04
-1.2026318092383895e-04
-1.1992026206115432e-04
-1.1958605648469049e-04
-1.1926033499585245e-04
-1.1893045808071659e-04
-1.1860354757251312e-04
-1.1828511368234016e-04
-1.1797497524951929e-04
-1.1767093143486506e-04
-1.1737351687909773e-04
-1.1708421023242537e-04
-1.1679250262328478e-04
-1.1650411436641569e-04
-1.1622258481766919e-04
-1.1594913286117723e-04
-1.1568365496659059e-04
-1.1542474700962902e-04
-1.1517227381322010e-04
-1.1491739157837701e-04
-1.1466830296801590e-04
-1.1442683725824562e-04
-1.1419128882940965e-04
-1.1396381092753032e-04
-1.1374436016245083e-04
-1.1353290720948044e-04
-1.1331728975654799e-04
-1.1310786619430019e-04
-1.1290672205762899e-04
-1.1271385289466900e-04
-1.1252926112119896e-04
-1.1235143490437728e-04
-1.1218145025885836e-04
-1.1200872040343226e-04
-1.1184461598405294e-04
-1.1168922185811525e-04
0.0000000000000000e+00
1.3953120030828793e+03
3.6295486867788043e+02
7.2925350558628823e+04
];
