%Vec Object:sol 1 MPI processes
%  type: mpi
sol = [
0.0000000000000000e+00
-2.8985090924394757e-10
-3.1462907007679614e-10
-3.2287403163131220e-10
-3.2854183174713183e-10
-3.3197146685805425e-10
-3.3299594424423528e-10
-3.3397209516670606e-10
-3.3414150731284298e-10
-3.3399038077419994e-10
-3.3372260158455257e-10
-3.3575641514046100e-10
-1.1234622589315529e-05
-5.0209861819299091e-04
-4.1936104345584232e-04
-3.3456846304604382e-04
-2.6364977381087543e-04
-2.0152469400246752e-04
-1.5813026018819353e-04
-1.2715450646402215e-04
-1.1029834350384202e-04
-1.0205085736332615e-04
-1.0036167288657145e-04
-1.0209785554193718e-04
-1.0542068835494085e-04
-1.0918062977492555e-04
-1.1262728199375326e-04
-1.1541398583743838e-04
-1.1755236469770037e-04
-1.1888957998710821e-04
-1.1968771381110598e-04
-1.1990041001860823e-04
-1.1972121843362878e-04
-1.1920544989904689e-04
-1.1842848356021048e-04
-1.1746959904358767e-04
-1.1635658830979919e-04
-1.1514983474024113e-04
-1.1386165222189452e-04
-1.1251644573407585e-04
-1.1114961448779190e-04
-1.0975566753111249e-04
-1.0832536539686477e-04
-1.0691597104560076e-04
-1.0551418517777309e-04
-1.0406327750494406e-04
-1.0265184600866485e-04
-1.0125657726318733e-04
-9.9864535442100466e-05
-9.8439977680418581e-05
-9.7064262573615023e-05
-9.5695928843294648e-05
-9.4342449678216266e-05
-9.2981958495053207e-05
-9.1617411923345803e-05
-9.0294905236812566e-05
-8.8977678196465037e-05
-8.7660984442547796e-05
-8.6362889442058116e-05
-8.5063263615366117e-05
-8.3761519654165605e-05
-8.2489420077003743e-05
-8.1229492767575907e-05
-7.9971917127175023e-05
-7.8715800448787813e-05
-7.7477821859169292e-05
-7.6247953432154330e-05
-7.5014930905241235e-05
-7.3792451760893750e-05
-7.2583153102279938e-05
-7.1371018117290103e-05
-7.0162144313995389e-05
-6.8967408419484395e-05
-6.7782942676471695e-05
-6.6597237497398402e-05
-6.5411718989938307e-05
-6.4235853079024383e-05
-6.3066814029258560e-05
-6.1896832000951456e-05
-6.0720640365654391e-05
-5.9554262946617075e-05
-5.8394696582089574e-05
-5.7235170500682993e-05
-5.6072087261728240e-05
-5.4912029025070154e-05
-5.3755540941861816e-05
-5.2598991001131451e-05
-5.1440995770052523e-05
-5.0277633894530352e-05
-4.9111235827652936e-05
-4.7936101935197923e-05
-4.6769868489390429e-05
-4.5600482829856883e-05
-4.4429161287899389e-05
-4.3251134305036029e-05
-4.2052259314436599e-05
-4.0855146880374455e-05
-3.9659507807990395e-05
-3.8458853523571776e-05
0.0000000000000000e+00
2.4463546348415834e+03
2.8066250309648552e+02
6.0114197950683038e+03
];
