%Vec Object:sol 1 MPI processes
%  type: mpi
sol = [
0.0000000000000000e+00
-1.7088842990574103e-04
-1.6971233798356028e-04
-1.6853387413541741e-04
-1.6738604422881050e-04
-1.6628956830352909e-04
-1.6519519641387237e-04
-1.6415254583128315e-04
-1.6313001290332906e-04
-1.6210703957130810e-04
-1.6112748559782590e-04
-1.6014892924970966e-04
-1.5921157971168095e-04
-1.5829636653619020e-04
-1.5739662933910635e-04
-1.5650856058373820e-04
-1.5562871652387232e-04
-1.5477648785004473e-04
-1.5395085470134475e-04
-1.5313189920089000e-04
-1.5234134343737583e-04
-1.5154469839018779e-04
-1.5076273636534704e-04
-1.5000705749313592e-04
-1.4926022023770651e-04
-1.4853251573950719e-04
-1.4782788645971410e-04
-1.4710594029362402e-04
-1.4640598623994491e-04
-1.4572483411667858e-04
-1.4504964584640203e-04
-1.4439492198136753e-04
-1.4375506307115650e-04
-1.4310431213731083e-04
-1.4247110804535088e-04
-1.4185073325955743e-04
-1.4123920916327641e-04
-1.4064478689312660e-04
-1.4006178837045317e-04
-1.3947160473573410e-04
-1.3889446551383476e-04
-1.3832860880537187e-04
-1.3777081571652889e-04
-1.3722772760200240e-04
-1.3669601857220330e-04
-1.3615802015506972e-04
-1.3562927689441740e-04
-1.3511290902685190e-04
-1.3460174925502712e-04
-1.3410354866496974e-04
-1.3361770508282919e-04
-1.3312684184518662e-04
-1.3264097998719925e-04
-1.3216703010282001e-04
-1.3170063182161467e-04
-1.3124272636918190e-04
-1.3079603091069707e-04
-1.3035132794690562e-04
-1.2990445628027105e-04
-1.2946850309293779e-04
-1.2904309035231224e-04
-1.2862413876079285e-04
-1.2821374097753615e-04
-1.2780789840396848e-04
-1.2740217927455298e-04
-1.2700191208981805e-04
-1.2661155662876047e-04
-1.2623084154044111e-04
-1.2585779746752753e-04
-1.2548798304819721e-04
-1.2511705293679826e-04
-1.2475548429950788e-04
-1.2440089282638036e-04
-1.2405383536867170e-04
-1.2371587932695106e-04
-1.2338500376336814e-04
-1.2304941683571936e-04
-1.2272154028550666e-04
-1.2240266348364072e-04
-1.2209265708811791e-04
-1.2178999875890548e-04
-1.2149401730131809e-04
-1.2119456728264434e-04
-1.2090401638384074e-04
-1.2062187890000918e-04
-1.2034631398813858e-04
-1.2007961340706038e-04
-1.1982174549421251e-04
-1.1956072990770567e-04
-1.1930678421369009e-04
-1.1906098025505106e-04
-1.1882418808793376e-04
-1.1859638849311339e-04
-1.1837756737301677e-04
-1.1815528038736878e-04
-1.1794090990771275e-04
-1.1773585909786915e-04
-1.1754015074044664e-04
-1.1735381389636636e-04
0.0000000000000000e+00
1.4642855750462275e+03
3.6295486867788043e+02
7.2925350558628823e+04
];
