%Vec Object:sol 1 MPI processes
%  type: mpi
sol = [
0.0000000000000000e+00
-1.7008145417547366e-04
-1.6891169067570117e-04
-1.6776469812056479e-04
-1.6662263882372523e-04
-1.6553161313046780e-04
-1.6444265423121483e-04
-1.6340509990079948e-04
-1.6238791450072921e-04
-1.6139421517215267e-04
-1.6041898569067769e-04
-1.5944473879546907e-04
-1.5851146399248038e-04
-1.5760019870605986e-04
-1.5670566414895541e-04
-1.5584432157681290e-04
-1.5496787078104780e-04
-1.5411889306844745e-04
-1.5329637641577841e-04
-1.5248050977283053e-04
-1.5169400307469774e-04
-1.5092289854906860e-04
-1.5014369304694919e-04
-1.4939046709805547e-04
-1.4864605565177065e-04
-1.4792069679045420e-04
-1.4721842857301541e-04
-1.4652006094980781e-04
-1.4582403079116529e-04
-1.4514466451051982e-04
-1.4447125532402282e-04
-1.4381823015061066e-04
-1.4318001998484984e-04
-1.4254957180584175e-04
-1.4192216774606696e-04
-1.4130309943384341e-04
-1.4069286274383727e-04
-1.4009966827076902e-04
-1.3951786566842052e-04
-1.3894462926789910e-04
-1.3837532065945080e-04
-1.3781035123200784e-04
-1.3725343610517711e-04
-1.3671118481006295e-04
-1.3618028709216993e-04
-1.3565602195975737e-04
-1.3513716911784499e-04
-1.3462133925858330e-04
-1.3411072589649068e-04
-1.3361304367716446e-04
-1.3312769287921893e-04
-1.3264756013739448e-04
-1.3217357635494735e-04
-1.3169988514264428e-04
-1.3123374706738806e-04
-1.3077609871232679e-04
-1.3032964467740217e-04
-1.2989291072597830e-04
-1.2945977328776505e-04
-1.2902385707103212e-04
-1.2859847478738674e-04
-1.2817956540915127e-04
-1.2776921265109120e-04
-1.2736890351380746e-04
-1.2697798619428302e-04
-1.2657815523986807e-04
-1.2618763620876939e-04
-1.2580676092870647e-04
-1.2543356711208442e-04
-1.2506713765016592e-04
-1.2471000775885130e-04
-1.2435111448602448e-04
-1.2399616536148522e-04
-1.2364876222755974e-04
-1.2331046548950914e-04
-1.2298110823833660e-04
-1.2265851443724681e-04
-1.2233510272131905e-04
-1.2201569156291067e-04
-1.2170515878699008e-04
-1.2140198727718073e-04
-1.2110602044883848e-04
-1.2081882440315881e-04
-1.2053415901576645e-04
-1.2025131414828849e-04
-1.1997505526494844e-04
-1.1970766186805354e-04
-1.1944906991615636e-04
-1.1919922977597893e-04
-1.1895222438875375e-04
-1.1870557258474215e-04
-1.1846793315979526e-04
-1.1823928702721503e-04
-1.1801962240028398e-04
-1.1780731635800264e-04
-1.1760052004845537e-04
-1.1739449147404071e-04
-1.1719780738860188e-04
-1.1701049620066037e-04
0.0000000000000000e+00
1.4601107830643282e+03
3.6295486867788043e+02
7.2925350558628823e+04
];
