%Vec Object:sol 1 MPI processes
%  type: mpi
sol = [
0.0000000000000000e+00
-1.8713299662972060e-04
-1.8572278095252648e-04
-1.8432017743964953e-04
-1.8294927084055258e-04
-1.8163877298892287e-04
-1.8033347308868606e-04
-1.7908870369656032e-04
-1.7784761133977329e-04
-1.7663152046380734e-04
-1.7546622715187236e-04
-1.7430435343007857e-04
-1.7319059216354247e-04
-1.7208421676801256e-04
-1.7099161407513260e-04
-1.6994063709364454e-04
-1.6890067452761458e-04
-1.6789318770305637e-04
-1.6690083009414115e-04
-1.6590906936055983e-04
-1.6495226265477079e-04
-1.6401504199202246e-04
-1.6309556893654657e-04
-1.6219424338721050e-04
-1.6129339426070860e-04
-1.6041561355671137e-04
-1.5956528649904890e-04
-1.5872106621480722e-04
-1.5789395472299555e-04
-1.5707539351694446e-04
-1.5626505381056020e-04
-1.5547884365366320e-04
-1.5471053363798031e-04
-1.5394808908705297e-04
-1.5319112401626352e-04
-1.5244966897721526e-04
-1.5171931525254746e-04
-1.5100906971141990e-04
-1.5031249748639674e-04
-1.4960758488326929e-04
-1.4892133189747765e-04
-1.4824863201895024e-04
-1.4758592977895602e-04
-1.4694045457884589e-04
-1.4629429236966127e-04
-1.4565278304356878e-04
-1.4502757395785297e-04
-1.4441689862649710e-04
-1.4381290632131780e-04
-1.4321474129424633e-04
-1.4262325994732458e-04
-1.4203876912076646e-04
-1.4146760887540451e-04
-1.4091030039646625e-04
-1.4035749427349450e-04
-1.3980313118303045e-04
-1.3926214102071282e-04
-1.3873287864997228e-04
-1.3821074138870213e-04
-1.3770102815649973e-04
-1.3718830766042971e-04
-1.3668357331906414e-04
-1.3618916419651692e-04
-1.3570667166548997e-04
-1.3523523371050059e-04
-1.3475962014353283e-04
-1.3429158518441813e-04
-1.3383493395568725e-04
-1.3338751083531950e-04
-1.3294830182680471e-04
-1.3251388399615786e-04
-1.3208236672443809e-04
-1.3165924817982270e-04
-1.3124511332394877e-04
-1.3084163542680997e-04
-1.3044669857593082e-04
-1.3004832142902740e-04
-1.2965904422036374e-04
-1.2928023923496038e-04
-1.2891174774676576e-04
-1.2855190668882688e-04
-1.2818956237941017e-04
-1.2783558510235619e-04
-1.2749187909832474e-04
-1.2715790378698354e-04
-1.2683166183083796e-04
-1.2650868250994185e-04
-1.2619038643993277e-04
-1.2588233835607689e-04
-1.2558295478277813e-04
-1.2529290535462809e-04
-1.2500986167740633e-04
-1.2472833549309311e-04
-1.2445720566755803e-04
-1.2419470367420606e-04
-1.2394234949695008e-04
-1.2370041500899088e-04
-1.2345757210194353e-04
-1.2322533204757837e-04
0.0000000000000000e+00
1.5455717595485712e+03
3.6295486867788043e+02
7.2925350558628823e+04
];
