%Vec Object:sol 1 MPI processes
%  type: mpi
sol = [
0.0000000000000000e+00
-7.3930431845290010e-04
-6.6113986772784025e-04
-5.8051532433343260e-04
-1.3705171159723661e-04
-1.8729098647383716e-04
-1.8547236048817639e-04
-1.8368090357955276e-04
-1.8190138418837566e-04
-1.8014338039790698e-04
-1.7842771079339451e-04
-1.7668765794920941e-04
-1.7498357319814027e-04
-1.7329953952913938e-04
-1.7163010766529360e-04
-1.6998785529477307e-04
-1.6833971459097969e-04
-1.6672071937317963e-04
-1.6513011595161868e-04
-1.6354410557521161e-04
-1.6197298856243577e-04
-1.6041967571505915e-04
-1.5888272015472169e-04
-1.5737552683800846e-04
-1.5586860709481879e-04
-1.5437667472086505e-04
-1.5291208081852389e-04
-1.5145350054648129e-04
-1.5002047794077073e-04
-1.4859432737235849e-04
-1.4717593282260766e-04
-1.4578193591944364e-04
-1.4440617210579557e-04
-1.4303806152492484e-04
-1.4168032140545627e-04
-1.4033839070860408e-04
-1.3900796352560020e-04
-1.3769760383487034e-04
-1.3639718309612901e-04
-1.3509861865635252e-04
-1.3381851454180243e-04
-1.3255181334871462e-04
-1.3129509198768903e-04
-1.3005200508195181e-04
-1.2881313171306241e-04
-1.2758284339010564e-04
-1.2636795070791691e-04
-1.2516672669713480e-04
-1.2397183558659512e-04
-1.2278040816657854e-04
-1.2160267946952130e-04
-1.2043163040368617e-04
-1.1927285297961449e-04
-1.1812676446091369e-04
-1.1698347406559106e-04
-1.1584583415482076e-04
-1.1472049146949302e-04
-1.1360606409513619e-04
-1.1249869894430320e-04
-1.1140314617103215e-04
-1.1031106563053261e-04
-1.0922673569840916e-04
-1.0815280513904784e-04
-1.0709084037970088e-04
-1.0604045236970900e-04
-1.0499812198966898e-04
-1.0396132604917380e-04
-1.0293801023005867e-04
-1.0192727265074691e-04
-1.0092928835837481e-04
-9.9947342466434765e-05
-9.8982472594937341e-05
-9.8028402884677148e-05
-9.7092265512648378e-05
-9.6177872243937381e-05
-9.5286737982178292e-05
-9.4418839165501738e-05
-9.3576465161142799e-05
-9.2759858755777193e-05
-9.1968596692294788e-05
-9.1206507558195784e-05
-9.0474208582326624e-05
-8.9773406459739126e-05
-8.9103919672580228e-05
-8.8465913445933694e-05
-8.7855252429908632e-05
-8.7274950387051180e-05
-8.6727059828697658e-05
-8.6210518755208985e-05
-8.5725316700967084e-05
-8.5271863526070843e-05
-8.4850630717454693e-05
-8.4459706177145513e-05
-8.4100001517399892e-05
-8.3772959343784260e-05
-8.3481292855181548e-05
-8.3224773094469384e-05
-8.3003695294381116e-05
-8.2819293696878159e-05
0.0000000000000000e+00
1.6793047548275877e+03
3.6183821508466002e+02
6.6999659834031088e+04
];
