%Vec Object:sol 1 MPI processes
%  type: mpi
sol = [
0.0000000000000000e+00
-1.6339259318942431e-04
-1.6230232776859055e-04
-1.6123422517537949e-04
-1.6019575467296531e-04
-1.5918635017639660e-04
-1.5816843052687083e-04
-1.5719867863805311e-04
-1.5624757265539599e-04
-1.5532035980770823e-04
-1.5443294473334703e-04
-1.5353983405605166e-04
-1.5266494199230927e-04
-1.5181044126407202e-04
-1.5097131264484625e-04
-1.5016490858095946e-04
-1.4936518187965954e-04
-1.4859059141903301e-04
-1.4782379665373609e-04
-1.4705605611392507e-04
-1.4631592494466320e-04
-1.4559032798980323e-04
-1.4487775578125051e-04
-1.4418928794045772e-04
-1.4350479696253313e-04
-1.4281998037024771e-04
-1.4215692030621890e-04
-1.4149726052993408e-04
-1.4085776667282395e-04
-1.4023543601474970e-04
-1.3961805689322588e-04
-1.3900772781425387e-04
-1.3840306794127871e-04
-1.3780559987571357e-04
-1.3722547798497125e-04
-1.3665696979741070e-04
-1.3609629864012364e-04
-1.3555126835434317e-04
-1.3499843384095055e-04
-1.3445340095454450e-04
-1.3392312759110333e-04
-1.3340311304059667e-04
-1.3289029871248846e-04
-1.3239104981140317e-04
-1.3189561115914354e-04
-1.3139550298349253e-04
-1.3090829598006384e-04
-1.3043249609196947e-04
-1.2996126319379846e-04
-1.2950202635274611e-04
-1.2905422748000448e-04
-1.2859867844597239e-04
-1.2814971294630525e-04
-1.2771180168877491e-04
-1.2728078440149790e-04
-1.2685757405705132e-04
-1.2644478657888381e-04
-1.2603890708807753e-04
-1.2562490451183705e-04
-1.2522108358933089e-04
-1.2482709528639977e-04
-1.2443904124403760e-04
-1.2405893744395910e-04
-1.2368822697108272e-04
-1.2331864180107637e-04
-1.2294702033348610e-04
-1.2258469766804567e-04
-1.2223142493327101e-04
-1.2188532342926407e-04
-1.2154551969299831e-04
-1.2121450960573377e-04
-1.2087944078358137e-04
-1.2054975002880260e-04
-1.2022714774449547e-04
-1.1991314684996287e-04
-1.1960759493234344e-04
-1.1930840063970828e-04
-1.1901201063934347e-04
-1.1871521209498088e-04
-1.1842683625241001e-04
-1.1814542707072381e-04
-1.1787084066397910e-04
-1.1760459652224300e-04
-1.1734661475055313e-04
-1.1708693952162198e-04
-1.1683048526884641e-04
-1.1658249700486407e-04
-1.1634292075737160e-04
-1.1611171627564572e-04
-1.1588749214366443e-04
-1.1566813678507215e-04
-1.1544806107962250e-04
-1.1523662158475915e-04
-1.1503381382800106e-04
-1.1483807540962485e-04
-1.1465079254634666e-04
-1.1447231151265196e-04
-1.1429412830944613e-04
-1.1412192778678995e-04
0.0000000000000000e+00
1.4248362833157353e+03
3.6295486867788043e+02
7.2925350558628823e+04
];
