%Vec Object:sol 1 MPI processes
%  type: mpi
sol = [
0.0000000000000000e+00
-1.9711626462622507e-04
-1.9547215899625716e-04
-1.9386025177929960e-04
-1.9226279477055046e-04
-1.9073161252145134e-04
-1.8920774273523732e-04
-1.8775004169828177e-04
-1.8630492061114551e-04
-1.8488188664477027e-04
-1.8351433811096944e-04
-1.8215190871369478e-04
-1.8084208282378013e-04
-1.7953550947677789e-04
-1.7825182766057455e-04
-1.7701350695474514e-04
-1.7578812786009403e-04
-1.7459040530720270e-04
-1.7340943884193761e-04
-1.7223999901441777e-04
-1.7110858997909984e-04
-1.6999898524047623e-04
-1.6889450221656502e-04
-1.6781451188903728e-04
-1.6674804041664012e-04
-1.6570692792105865e-04
-1.6469567330123084e-04
-1.6367251739995821e-04
-1.6267487285831679e-04
-1.6170181309411809e-04
-1.6073850985268999e-04
-1.5979959330905357e-04
-1.5886171588498250e-04
-1.5793605865972496e-04
-1.5703470126368082e-04
-1.5615067349159195e-04
-1.5527413880198166e-04
-1.5440559735471369e-04
-1.5355314708948359e-04
-1.5271352219136276e-04
-1.5189462511600537e-04
-1.5108364534966972e-04
-1.5027358686833925e-04
-1.4948312239410132e-04
-1.4870844859994693e-04
-1.4794419666416640e-04
-1.4718954771923671e-04
-1.4644284680129452e-04
-1.4570491429318267e-04
-1.4498441442547085e-04
-1.4428063872507833e-04
-1.4357654359833090e-04
-1.4288066670908184e-04
-1.4220096669314241e-04
-1.4153257202816668e-04
-1.4087652478308083e-04
-1.4022695475543730e-04
-1.3958477843445453e-04
-1.3895198785931047e-04
-1.3833420118112438e-04
-1.3773099032636681e-04
-1.3712961139627716e-04
-1.3653447131125842e-04
-1.3595368290886237e-04
-1.3538638623249231e-04
-1.3482805971973161e-04
-1.3427636379328926e-04
-1.3373181525816254e-04
-1.3319898918448168e-04
-1.3267688107472002e-04
-1.3216828239791598e-04
-1.3166696939361631e-04
-1.3116929452557178e-04
-1.3068319963348450e-04
-1.3021039071145406e-04
-1.2975068449832018e-04
-1.2929713086410179e-04
-1.2884719621918944e-04
-1.2841043905300421e-04
-1.2798671947830865e-04
-1.2757438965099274e-04
-1.2717021561767946e-04
-1.2677007047323828e-04
-1.2638299307024341e-04
-1.2600845882751365e-04
-1.2564448391424147e-04
-1.2529198985357877e-04
-1.2494247626483653e-04
-1.2460608843075491e-04
-1.2428125740956760e-04
-1.2396867112703756e-04
-1.2366910259097226e-04
-1.2337176551819668e-04
-1.2308769575733244e-04
-1.2281521224154256e-04
-1.2255584851792736e-04
-1.2230993413683827e-04
-1.2206793139385705e-04
-1.2183834559215973e-04
0.0000000000000000e+00
1.5932443130493136e+03
3.6295486867788043e+02
7.2925350558628823e+04
];
