%Vec Object:sol 1 MPI processes
%  type: mpi
sol = [
0.0000000000000000e+00
-2.0027379296516166e-04
-1.9848524085166525e-04
-1.9673267729112217e-04
-1.9502553063328518e-04
-1.9337571856046888e-04
-1.9171211165954866e-04
-1.9011674266633321e-04
-1.8855152575166477e-04
-1.8702301050571135e-04
-1.8552562404806658e-04
-1.8403102049885053e-04
-1.8259092888864032e-04
-1.8118229424787417e-04
-1.7978849498799887e-04
-1.7842511801028550e-04
-1.7707640344314922e-04
-1.7576530186363986e-04
-1.7449043955009390e-04
-1.7320782182604806e-04
-1.7196087181250316e-04
-1.7073778466681903e-04
-1.6953661331865083e-04
-1.6836615535302301e-04
-1.6719241952899377e-04
-1.6604623361022924e-04
-1.6493217946651794e-04
-1.6382776005658930e-04
-1.6274196002995055e-04
-1.6167253747939166e-04
-1.6061499439725657e-04
-1.5958596457637541e-04
-1.5857889128812570e-04
-1.5756961686825798e-04
-1.5658257110089832e-04
-1.5561493268659944e-04
-1.5466209717800210e-04
-1.5373320692624949e-04
-1.5280342268585945e-04
-1.5188843943870914e-04
-1.5099611953733663e-04
-1.5012102515072373e-04
-1.4925645384708067e-04
-1.4839846246629833e-04
-1.4755807541654383e-04
-1.4672990862124623e-04
-1.4592167283923244e-04
-1.4512686548996546e-04
-1.4433048880147490e-04
-1.4355318121129346e-04
-1.4279420172823943e-04
-1.4204556441886891e-04
-1.4130836123774882e-04
-1.4057851055905820e-04
-1.3986148866202620e-04
-1.3915830115849483e-04
-1.3847189822570289e-04
-1.3779533332472437e-04
-1.3712009181474864e-04
-1.3646121867003094e-04
-1.3581826564727141e-04
-1.3518675032656640e-04
-1.3456433415176674e-04
-1.3394819766141664e-04
-1.3334683156303632e-04
-1.3275575000572747e-04
-1.3217978300560036e-04
-1.3161513256003588e-04
-1.3105368922352708e-04
-1.3050420738721909e-04
-1.2996943139632767e-04
-1.2944912250334106e-04
-1.2893866926676881e-04
-1.2843042848730270e-04
-1.2793664079975708e-04
-1.2745711989323153e-04
-1.2698952131874432e-04
-1.2653423971050514e-04
-1.2608161942312675e-04
-1.2564318724864521e-04
-1.2521731967927064e-04
-1.2480385676379087e-04
-1.2440447785680293e-04
-1.2400911962951621e-04
-1.2362604282498233e-04
-1.2325471626623621e-04
-1.2289757697632494e-04
-1.2255456126264832e-04
-1.2221789571260740e-04
-1.2189071458020638e-04
-1.2157695399848980e-04
-1.2127754051995567e-04
-1.2099245903257906e-04
-1.2071611446190628e-04
-1.2044750784263050e-04
-1.2019320154260362e-04
-1.1995356492142901e-04
-1.1972862489806000e-04
-1.1951477688525123e-04
0.0000000000000000e+00
1.6080742092109367e+03
3.6295486867788043e+02
7.2925350558628823e+04
];
