%Vec Object:sol 1 MPI processes
%  type: mpi
sol = [
0.0000000000000000e+00
-6.3737972604188773e-04
-1.9417770241954014e-04
-1.9234995328119514e-04
-1.9056746812404104e-04
-1.8885356264097971e-04
-1.8712155333535071e-04
-1.8545767966141391e-04
-1.8382493801700114e-04
-1.8222964118512646e-04
-1.8067565075422597e-04
-1.7911822534708171e-04
-1.7761520376762373e-04
-1.7614364543892336e-04
-1.7469321937164893e-04
-1.7326915418944863e-04
-1.7185950186930610e-04
-1.7048672233414014e-04
-1.6914932655511468e-04
-1.6780977423684696e-04
-1.6650124439927387e-04
-1.6521556688897697e-04
-1.6395075559421515e-04
-1.6271885194412520e-04
-1.6148160871160640e-04
-1.6027049907945643e-04
-1.5908994568964425e-04
-1.5791794029216231e-04
-1.5676697165747128e-04
-1.5562928902083085e-04
-1.5450226918079738e-04
-1.5340210468377773e-04
-1.5232241362145559e-04
-1.5124394105977797e-04
-1.5018382736092683e-04
-1.4914173040236683e-04
-1.4811322040369433e-04
-1.4710735659273966e-04
-1.4610444190832139e-04
-1.4511221140873037e-04
-1.4414131897903831e-04
-1.4318656737936239e-04
-1.4224446685999012e-04
-1.4130826475372403e-04
-1.4038747552342132e-04
-1.3947825763035163e-04
-1.3858809158909534e-04
-1.3771527979353245e-04
-1.3683892232258066e-04
-1.3598010235403501e-04
-1.3513908656396083e-04
-1.3430832642012341e-04
-1.3349406565730420e-04
-1.3268527549729138e-04
-1.3188774268231804e-04
-1.3110415465314866e-04
-1.3033741186343771e-04
-1.2958602161312294e-04
-1.2883654342724495e-04
-1.2810052058403589e-04
-1.2738090648593792e-04
-1.2667356194291193e-04
-1.2598074146809654e-04
-1.2529802666050690e-04
-1.2462541725239787e-04
-1.2396442410215097e-04
-1.2331971090425031e-04
-1.2269109858867479e-04
-1.2207418069528595e-04
-1.2146239678281446e-04
-1.2086695098258970e-04
-1.2028773573323879e-04
-1.1972246124458340e-04
-1.1917181311648487e-04
-1.1862856076813045e-04
-1.1810044967815018e-04
-1.1758676477075075e-04
-1.1708834625488443e-04
-1.1660660289101419e-04
-1.1613716208900150e-04
-1.1567776877531366e-04
-1.1523383519401896e-04
-1.1480704427123361e-04
-1.1439743304611414e-04
-1.1400465853056102e-04
-1.1361793642836166e-04
-1.1324873977851430e-04
-1.1289733575570593e-04
-1.1256380999288190e-04
-1.1224688173779204e-04
-1.1194309891114975e-04
-1.1165312829970496e-04
-1.1138186169612545e-04
-1.1112946666022137e-04
-1.1089454167531692e-04
-1.1067870353663402e-04
-1.1047425567976381e-04
-1.1028943750543818e-04
-1.1012491764508343e-04
0.0000000000000000e+00
1.6422803159072541e+03
3.6279563474924777e+02
7.2032939207379037e+04
];
