%Vec Object:sol 1 MPI processes
%  type: mpi
sol = [
0.0000000000000000e+00
-4.3209541659411211e-10
-4.2753627944958252e-10
-4.4153009229694569e-10
-4.5051356957068050e-10
-4.5418967482594482e-10
-4.5386111178994353e-10
-4.5342223790408353e-10
-4.5174230146608224e-10
-4.4959122966558995e-10
-4.4725026860893015e-10
-4.4427221362750419e-10
-4.4128149176180234e-10
-4.3807138186651937e-10
-4.3468491474800632e-10
-4.3126037883212066e-10
-4.2765341635508307e-10
-4.2400278068909295e-10
-4.2029960551444806e-10
-4.1648245258042466e-10
-4.1264588882228455e-10
-4.0874484190991736e-10
-4.0478659405213874e-10
-4.0080345873562384e-10
-3.9675582841492298e-10
-3.9267289652968698e-10
-3.8856162994417676e-10
-3.8438870748949810e-10
-3.8018738279125963e-10
-3.7595106035084462e-10
-3.7166245254223036e-10
-3.6734209405631040e-10
-3.6298158116274155e-10
-3.5857311476628876e-10
-3.5412799032089188e-10
-3.4963878837175895e-10
-3.4510295772964862e-10
-3.4054398879418029e-10
-3.3613606507313402e-10
-3.3366708488232698e-10
-3.5013182977091863e-10
-5.5620765633875768e-10
-2.7333795803237884e-09
-2.0941267545778299e-08
-1.5721821449537902e-07
-1.1085967017955033e-06
-6.9563034736244208e-06
-3.1059997703606169e-05
-7.2380752615106760e-05
-9.9734213583370368e-05
-1.1081724268345060e-04
-1.1428074772000211e-04
-1.1464179614438478e-04
-1.1372322377466729e-04
-1.1226660231199809e-04
-1.1064034873973018e-04
-1.0892508009733967e-04
-1.0716811046711437e-04
-1.0541410087316216e-04
-1.0364836352593945e-04
-1.0187775365454142e-04
-1.0013881472262461e-04
-9.8413894109582468e-05
-9.6692461060911091e-05
-9.4971095437868501e-05
-9.3269541817777674e-05
-9.1577144467205567e-05
-8.9879569402511169e-05
-8.8194279846239988e-05
-8.6522835513907473e-05
-8.4845527401209326e-05
-8.3173112977556968e-05
-8.1513869342188816e-05
-7.9864231217421762e-05
-7.8212906874299494e-05
-7.6559084465830187e-05
-7.4913915474012562e-05
-7.3275202888646292e-05
-7.1633638328349051e-05
-6.9980831694335693e-05
-6.8336212851380067e-05
-6.6697434139326853e-05
-6.5056081659241091e-05
-6.3407284405173008e-05
-6.1758430097631718e-05
-6.0109842467087686e-05
-5.8458326675700212e-05
-5.6802102230129712e-05
-5.5135587575512666e-05
-5.3458683682764653e-05
-5.1765601661402005e-05
-5.0082039857889781e-05
-4.8390439927050642e-05
-4.6691277554616732e-05
-4.4978952259825459e-05
-4.3233838181284454e-05
-4.1486760837678113e-05
-3.9738729608078440e-05
-3.7978128607609813e-05
0.0000000000000000e+00
2.7903950904967091e+03
2.6855100697335484e+02
5.0463946262909894e+03
];
