%Vec Object:sol 1 MPI processes
%  type: mpi
sol = [
0.0000000000000000e+00
-1.7143250118391567e-04
-1.7023759155580990e-04
-1.6905271983803604e-04
-1.6790111713197819e-04
-1.6680108561644135e-04
-1.6570318419312403e-04
-1.6465721909439420e-04
-1.6361464184206395e-04
-1.6258867045118399e-04
-1.6160628974926420e-04
-1.6062491881157817e-04
-1.5968491578632129e-04
-1.5876713789146017e-04
-1.5784837484555020e-04
-1.5695805663911970e-04
-1.5607599394234259e-04
-1.5522164723243622e-04
-1.5439399168084292e-04
-1.5357303781434015e-04
-1.5276436636268170e-04
-1.5196599566759145e-04
-1.5118235371297374e-04
-1.5042508028539512e-04
-1.4967667191999689e-04
-1.4894745540596272e-04
-1.4822547554336815e-04
-1.4750220628281102e-04
-1.4680098992139964e-04
-1.4611862438661862e-04
-1.4544222741118647e-04
-1.4478634922216883e-04
-1.4413108204478373e-04
-1.4347807176877774e-04
-1.4284397069925763e-04
-1.4222272009524443e-04
-1.4161032803426514e-04
-1.4101507336042459e-04
-1.4041892383950797e-04
-1.3982512237497845e-04
-1.3924736627356571e-04
-1.3868090487189255e-04
-1.3812250930670869e-04
-1.3757884268711265e-04
-1.3703625781301415e-04
-1.3649315060123023e-04
-1.3596401903222293e-04
-1.3544727555731212e-04
-1.3493573060004163e-04
-1.3443716006694757e-04
-1.3394263183672388e-04
-1.3344515538728639e-04
-1.3295909278226406e-04
-1.3248495100312612e-04
-1.3201835668860557e-04
-1.3156025447660469e-04
-1.3110691087838075e-04
-1.3065416878444818e-04
-1.3020725337728361e-04
-1.2977126061769760e-04
-1.2934581189297974e-04
-1.2892681612798718e-04
-1.2851161578459794e-04
-1.2809643158483413e-04
-1.2769081749200605e-04
-1.2729064244481521e-04
-1.2690037995557446e-04
-1.2651975846370814e-04
-1.2614354198534848e-04
-1.2576325954745773e-04
-1.2539255339269424e-04
-1.2503120681839236e-04
-1.2467682923164369e-04
-1.2432997971216649e-04
-1.2399020538382329e-04
-1.2364798131561127e-04
-1.2331272914882225e-04
-1.2298518038081336e-04
-1.2266662853088051e-04
-1.2235694435422162e-04
-1.2205346533928988e-04
-1.2174556292791441e-04
-1.2144654614601362e-04
-1.2115642254369872e-04
-1.2087470455653583e-04
-1.2059954524499869e-04
-1.2033271074522897e-04
-1.2006302458600279e-04
-1.1980212572593166e-04
-1.1954871507866557e-04
-1.1930343094302132e-04
-1.1906714736056661e-04
-1.1883960199116657e-04
-1.1860957646829472e-04
-1.1838688999885448e-04
-1.1817316496917192e-04
-1.1796874986766109e-04
-1.1777366803386194e-04
-1.1758762646015962e-04
0.0000000000000000e+00
1.4671004952238327e+03
3.6295486867788043e+02
7.2925350558628823e+04
];
