%Vec Object:sol 1 MPI processes
%  type: mpi
sol = [
0.0000000000000000e+00
-1.9406306210580142e-04
-1.9791048294307318e-04
-1.9604464502925642e-04
-1.9422784337084717e-04
-1.9245494581391923e-04
-1.9068969282378995e-04
-1.8899556357142633e-04
-1.8733406175090554e-04
-1.8569623133556806e-04
-1.8410492187328638e-04
-1.8252165760561533e-04
-1.8099436390078241e-04
-1.7949632122110645e-04
-1.7800226999160074e-04
-1.7655644978711486e-04
-1.7512596776503493e-04
-1.7373357467733710e-04
-1.7236237359726569e-04
-1.7099631255034064e-04
-1.6967061144180408e-04
-1.6836892783770896e-04
-1.6708736421350480e-04
-1.6582130574043202e-04
-1.6457101503195384e-04
-1.6334836040290919e-04
-1.6215790871754177e-04
-1.6096805343668487e-04
-1.5979763520093267e-04
-1.5865424571630238e-04
-1.5752321648822003e-04
-1.5642105024278827e-04
-1.5532700682974708e-04
-1.5424322717632507e-04
-1.5318641841991236e-04
-1.5214973577402487e-04
-1.5112870485378969e-04
-1.5011526517965784e-04
-1.4912048139908068e-04
-1.4814149528504276e-04
-1.4718605787966509e-04
-1.4624659088860020e-04
-1.4530777482703273e-04
-1.4439135629998919e-04
-1.4349359778622736e-04
-1.4260924333429963e-04
-1.4174240398646699e-04
-1.4088300789182471e-04
-1.4003532891264587e-04
-1.3920774736457951e-04
-1.3839953474306115e-04
-1.3759941942776278e-04
-1.3680645374083414e-04
-1.3603219967295020e-04
-1.3527191131419312e-04
-1.3452656039885654e-04
-1.3379638745036196e-04
-1.3307168763268047e-04
-1.3235896993034888e-04
-1.3166360956047026e-04
-1.3098516745955812e-04
-1.3031822503584514e-04
-1.2965457222474452e-04
-1.2900754904968088e-04
-1.2837631665127899e-04
-1.2775653913741746e-04
-1.2715289881629207e-04
-1.2655417307160023e-04
-1.2596849947524568e-04
-1.2539593596127643e-04
-1.2483914896037882e-04
-1.2429792584773121e-04
-1.2376193879900613e-04
-1.2323642540225212e-04
-1.2272651020651379e-04
-1.2223203868660376e-04
-1.2175077791101718e-04
-1.2127888229467086e-04
-1.2081633818567769e-04
-1.2036926208991420e-04
-1.1993612251544488e-04
-1.1951679905436324e-04
-1.1911164872703016e-04
-1.1871300958557131e-04
-1.1832952383366611e-04
-1.1795935370333133e-04
-1.1760488020336234e-04
-1.1726608117103772e-04
-1.1693510034064041e-04
-1.1661648808154333e-04
-1.1631298177619117e-04
-1.1602551521633589e-04
-1.1575411981029598e-04
-1.1549453538306501e-04
-1.1524432299103543e-04
-1.1501028669557113e-04
-1.1479283710478230e-04
-1.1459206046571642e-04
-1.1440706616608279e-04
0.0000000000000000e+00
1.6359702510617306e+03
3.6286197010245121e+02
7.2402702884759565e+04
];
