%Vec Object:sol 1 MPI processes
%  type: mpi
sol = [
0.0000000000000000e+00
-1.7306819310604761e-04
-1.7184670927580114e-04
-1.7065091176099743e-04
-1.6948876180509375e-04
-1.6837876906491007e-04
-1.6725753329144966e-04
-1.6617445394365634e-04
-1.6511290917021931e-04
-1.6407847223124530e-04
-1.6308807959168601e-04
-1.6209865962601367e-04
-1.6113346501303537e-04
-1.6018279906408078e-04
-1.5924982055495030e-04
-1.5835300991336404e-04
-1.5746448212062989e-04
-1.5660390421998494e-04
-1.5575035614159266e-04
-1.5489991647729375e-04
-1.5407993218296024e-04
-1.5327640403268466e-04
-1.5248769336254347e-04
-1.5172561026834079e-04
-1.5095132040314051e-04
-1.5019561334120979e-04
-1.4946386907508261e-04
-1.4873651173328892e-04
-1.4803136105935339e-04
-1.4734463053294079e-04
-1.4664373108573130e-04
-1.4596390283628036e-04
-1.4529952569000760e-04
-1.4464340162661726e-04
-1.4400629596370126e-04
-1.4338052313835837e-04
-1.4274581027473056e-04
-1.4212876863134858e-04
-1.4152363115820733e-04
-1.4092751144104793e-04
-1.4034751097892432e-04
-1.3977666577269605e-04
-1.3919789432008200e-04
-1.3863431794491513e-04
-1.3808255640571670e-04
-1.3753779648855428e-04
-1.3700706245824235e-04
-1.3648629496166551e-04
-1.3595607288781171e-04
-1.3543923749019776e-04
-1.3493516940226363e-04
-1.3443662395158402e-04
-1.3394951629303240e-04
-1.3347179616347306e-04
-1.3298806355166538e-04
-1.3251316041561274e-04
-1.3204983048746539e-04
-1.3159656697029929e-04
-1.3114910116034819e-04
-1.3070999689977235e-04
-1.3026878827686881e-04
-1.2983432273609501e-04
-1.2940871283456757e-04
-1.2899346334218040e-04
-1.2858778939889688e-04
-1.2818493681141299e-04
-1.2778012619640819e-04
-1.2738525055023707e-04
-1.2699831113885377e-04
-1.2661837243529498e-04
-1.2624801495378669e-04
-1.2588437691047878e-04
-1.2551656634091624e-04
-1.2515653578130419e-04
-1.2480586573165739e-04
-1.2446438173813852e-04
-1.2412986845351440e-04
-1.2380023716347617e-04
-1.2346927070135895e-04
-1.2314741324111851e-04
-1.2283311999877273e-04
-1.2252622852351486e-04
-1.2222832562125023e-04
-1.2193617546058995e-04
-1.2164297749429419e-04
-1.2135653931452458e-04
-1.2107917194079206e-04
-1.2081080656501218e-04
-1.2055138906806504e-04
-1.2029576081879300e-04
-1.2003984024949961e-04
-1.1979312220253175e-04
-1.1955558368523750e-04
-1.1932720915785455e-04
-1.1910634813443535e-04
-1.1888993864554045e-04
-1.1867568280580360e-04
-1.1847094554714806e-04
-1.1827575218264962e-04
0.0000000000000000e+00
1.4756852203633132e+03
3.6295486867788043e+02
7.2925350558628823e+04
];
