%Vec Object:sol 1 MPI processes
%  type: mpi
sol = [
0.0000000000000000e+00
-1.8791407337338087e-04
-1.8648077007345261e-04
-1.8506091736257744e-04
-1.8368152113432739e-04
-1.8236286483565016e-04
-1.8104945071078555e-04
-1.7978209308480933e-04
-1.7852621935630830e-04
-1.7730286745408814e-04
-1.7613056778119777e-04
-1.7496170755821445e-04
-1.7382713824570540e-04
-1.7270664522899679e-04
-1.7160774959757981e-04
-1.7055066989167569e-04
-1.6950464951201333e-04
-1.6847900192838345e-04
-1.6747194869503254e-04
-1.6647467928500970e-04
-1.6551250895179204e-04
-1.6456999963789025e-04
-1.6363557815452193e-04
-1.6271810838956990e-04
-1.6181243349675678e-04
-1.6092991028386939e-04
-1.6007494235647593e-04
-1.5921933907155219e-04
-1.5837406524942267e-04
-1.5755128259385600e-04
-1.5673673800128819e-04
-1.5594640524620995e-04
-1.5517052809132270e-04
-1.5438756085211773e-04
-1.5362686763152099e-04
-1.5288172843533034e-04
-1.5214771880982239e-04
-1.5143368872381441e-04
-1.5071427749287837e-04
-1.5000595370276957e-04
-1.4931647095419158e-04
-1.4864057779389415e-04
-1.4797470740529156e-04
-1.4731094509645780e-04
-1.4665783507212591e-04
-1.4601350210226600e-04
-1.4538551646278030e-04
-1.4477210693944972e-04
-1.4415462910822853e-04
-1.4354588922977756e-04
-1.4295200814906463e-04
-1.4236513472513167e-04
-1.4179163185235668e-04
-1.4122550413474087e-04
-1.4065864434687457e-04
-1.4010226589334653e-04
-1.3955930133759191e-04
-1.3902810227391779e-04
-1.3850159734317053e-04
-1.3797461400683487e-04
-1.3746020560947687e-04
-1.3695390482578056e-04
-1.3645796755776417e-04
-1.3597398885044156e-04
-1.3548754735490305e-04
-1.3500660728179575e-04
-1.3453741558451787e-04
-1.3407965319651194e-04
-1.3363115988754596e-04
-1.3318166319089658e-04
-1.3273837247524623e-04
-1.3230612313134483e-04
-1.3188231145573758e-04
-1.3146752550928991e-04
-1.3105820324702300e-04
-1.3065112436682792e-04
-1.3025243300221487e-04
-1.2986288549788545e-04
-1.2948385980682999e-04
-1.2911367654924578e-04
-1.2874071936902864e-04
-1.2837653089931475e-04
-1.2802278827705850e-04
-1.2767937055491071e-04
-1.2734573676288468e-04
-1.2700919002757430e-04
-1.2668120459888421e-04
-1.2636359900898352e-04
-1.2605629918170053e-04
-1.2575771992519056e-04
-1.2546137404313332e-04
-1.2517052092291515e-04
-1.2489015827248329e-04
-1.2462025329513615e-04
-1.2435903454651053e-04
-1.2410402972415826e-04
-1.2385195308800751e-04
-1.2361064786709479e-04
-1.2338012513105840e-04
0.0000000000000000e+00
1.5493386184830815e+03
3.6295486867788043e+02
7.2925350558628823e+04
];
