%Vec Object:sol 1 MPI processes
%  type: mpi
sol = [
0.0000000000000000e+00
-1.7973454428314522e-04
-1.7842749562664323e-04
-1.7714845998568037e-04
-1.7590574834854016e-04
-1.7469388919182032e-04
-1.7348117475559602e-04
-1.7232515867916172e-04
-1.7119254670480959e-04
-1.7008914416349991e-04
-1.6902034700587898e-04
-1.6793868104574220e-04
-1.6690216653710108e-04
-1.6589047879112160e-04
-1.6489794367187657e-04
-1.6394353519019582e-04
-1.6297355582634037e-04
-1.6203390757263517e-04
-1.6112355408960994e-04
-1.6022135763761266e-04
-1.5935145055919996e-04
-1.5848676480523713e-04
-1.5762723110631074e-04
-1.5679644282650068e-04
-1.5597591002631413e-04
-1.5517648656371326e-04
-1.5440208168059606e-04
-1.5361112978714143e-04
-1.5284410923266779e-04
-1.5209770344815546e-04
-1.5135832939584210e-04
-1.5064126902273158e-04
-1.4993093020979826e-04
-1.4921880738875466e-04
-1.4852722450892214e-04
-1.4784978346776544e-04
-1.4718226927715335e-04
-1.4653335473363644e-04
-1.4587961954922398e-04
-1.4523397814428625e-04
-1.4460572462727728e-04
-1.4398984991607740e-04
-1.4338294986131434e-04
-1.4278622384807831e-04
-1.4218968417861847e-04
-1.4160096895566055e-04
-1.4102735403585787e-04
-1.4046715594903173e-04
-1.3991282485207863e-04
-1.3936018277314934e-04
-1.3881632602018689e-04
-1.3827866540440538e-04
-1.3775332343674097e-04
-1.3724081607898031e-04
-1.3673484139703940e-04
-1.3622364325408982e-04
-1.3572484999707499e-04
-1.3523688472849072e-04
-1.3475531143464643e-04
-1.3428545034900225e-04
-1.3381939600311189e-04
-1.3335262853312905e-04
-1.3289537732767776e-04
-1.3244918852257538e-04
-1.3201323697147402e-04
-1.3158319946184695e-04
-1.3115110064094155e-04
-1.3072752709623206e-04
-1.3031245307257381e-04
-1.2990490179532171e-04
-1.2950753357678405e-04
-1.2911679360860613e-04
-1.2872294589427719e-04
-1.2833738988779166e-04
-1.2796175066473738e-04
-1.2759583827222389e-04
-1.2723735352784016e-04
-1.2687880517628375e-04
-1.2652479816994001e-04
-1.2618040333215884e-04
-1.2584401645870553e-04
-1.2551546305619691e-04
-1.2519626065532959e-04
-1.2487387322066769e-04
-1.2456043747846785e-04
-1.2425414063908850e-04
-1.2395736213819989e-04
-1.2367002348725298e-04
-1.2338716450334582e-04
-1.2310483023499994e-04
-1.2283121408819702e-04
-1.2256721392122085e-04
-1.2231279937417611e-04
-1.2206794821243044e-04
-1.2182129210440680e-04
-1.2158188870975027e-04
-1.2135237194529534e-04
-1.2113275483592320e-04
-1.2092305722318879e-04
0.0000000000000000e+00
1.5093091402329399e+03
3.6295486867788043e+02
7.2925350558628823e+04
];
