%Vec Object:sol 1 MPI processes
%  type: mpi
sol = [
0.0000000000000000e+00
-1.9892885635305671e-04
-1.9721072381048788e-04
-1.9551477076897207e-04
-1.9386419962216301e-04
-1.9228060685617506e-04
-1.9069978967705978e-04
-1.8916001618233822e-04
-1.8765019004414463e-04
-1.8617673805240752e-04
-1.8475932007204970e-04
-1.8332869383891982e-04
-1.8194169792903154e-04
-1.8058556388193166e-04
-1.7925385012255507e-04
-1.7796561470200374e-04
-1.7666670107733501e-04
-1.7540452058340165e-04
-1.7417765431529357e-04
-1.7296254541792767e-04
-1.7177423825953363e-04
-1.7059564324567141e-04
-1.6943792345536018e-04
-1.6831449901377477e-04
-1.6720490885165030e-04
-1.6610262312702269e-04
-1.6502688425200078e-04
-1.6395966347773676e-04
-1.6292125948403019e-04
-1.6190591562622168e-04
-1.6088154066003793e-04
-1.5988455848947654e-04
-1.5890842623059894e-04
-1.5794495182712499e-04
-1.5699976928997079e-04
-1.5605923935511573e-04
-1.5513248391469054e-04
-1.5422885663153745e-04
-1.5334182762516193e-04
-1.5245861130481700e-04
-1.5158786206038091e-04
-1.5073345989090393e-04
-1.4989174159051727e-04
-1.4907017188593681e-04
-1.4825359335618368e-04
-1.4744223003400540e-04
-1.4665009192639200e-04
-1.4587536567573092e-04
-1.4511000908237767e-04
-1.4435046093569487e-04
-1.4360435420092001e-04
-1.4286800055554293e-04
-1.4214789581323326e-04
-1.4144458161472433e-04
-1.4074091171475706e-04
-1.4004734650867163e-04
-1.3937013039818950e-04
-1.3870760376505435e-04
-1.3805511517644961e-04
-1.3740651311846904e-04
-1.3677053283501640e-04
-1.3614561843425038e-04
-1.3553406243935049e-04
-1.3493748807380632e-04
-1.3434432290141795e-04
-1.3375792389215934e-04
-1.3318634471325347e-04
-1.3262928014933040e-04
-1.3208458059993299e-04
-1.3154190394877149e-04
-1.3100979203989287e-04
-1.3049187477956716e-04
-1.2998556753811250e-04
-1.2949147923303606e-04
-1.2900357370890686e-04
-1.2852479535359519e-04
-1.2805765248966118e-04
-1.2760291980387143e-04
-1.2716198801415927e-04
-1.2672874929425175e-04
-1.2630169130808751e-04
-1.2588674018516058e-04
-1.2548558170928341e-04
-1.2509811545407301e-04
-1.2471966617308181e-04
-1.2434521408474818e-04
-1.2398464254203924e-04
-1.2363788055053023e-04
-1.2330487342078060e-04
-1.2298170356628364e-04
-1.2266280509736337e-04
-1.2235792233787057e-04
-1.2206703283271164e-04
-1.2179012187007570e-04
-1.2152478291817878e-04
-1.2126322830625930e-04
-1.2101598758370299e-04
-1.2078308048028961e-04
-1.2056453321951807e-04
0.0000000000000000e+00
1.6017490037752984e+03
3.6295486867788043e+02
7.2925350558628823e+04
];
