%Vec Object:sol 1 MPI processes
%  type: mpi
sol = [
0.0000000000000000e+00
-1.5754796279156041e-04
-1.5652797304532926e-04
-1.5552830270702749e-04
-1.5455612268763515e-04
-1.5362441212163249e-04
-1.5266978529225440e-04
-1.5176052029253911e-04
-1.5086839557134144e-04
-1.4999845883244137e-04
-1.4916599302138714e-04
-1.4833251358685397e-04
-1.4752893287936343e-04
-1.4672552416232178e-04
-1.4593628681248180e-04
-1.4517789622955351e-04
-1.4442539004455723e-04
-1.4369649680058029e-04
-1.4299037279276336e-04
-1.4228279744873945e-04
-1.4158487963304660e-04
-1.4090049504213384e-04
-1.4022820724802720e-04
-1.3957868152660396e-04
-1.3893602086153669e-04
-1.3830967824773356e-04
-1.3769790341069564e-04
-1.3707381387458557e-04
-1.3646879323414872e-04
-1.3587997233159614e-04
-1.3529561623162748e-04
-1.3472905942883953e-04
-1.3417521400410390e-04
-1.3362313671178705e-04
-1.3307270782049514e-04
-1.3253322260734442e-04
-1.3200105257500297e-04
-1.3148381439584536e-04
-1.3097632315522967e-04
-1.3047599242692654e-04
-1.2998609085767711e-04
-1.2949117070863559e-04
-1.2900301770904748e-04
-1.2852777529853650e-04
-1.2806240865714330e-04
-1.2760256794097557e-04
-1.2715467632397410e-04
-1.2671533700795855e-04
-1.2626547645871899e-04
-1.2582707235357527e-04
-1.2539959365264261e-04
-1.2497646145439033e-04
-1.2456309386602927e-04
-1.2415998922621463e-04
-1.2376213389046593e-04
-1.2335714820508307e-04
-1.2296200909161912e-04
-1.2257551369480041e-04
-1.2219378098152141e-04
-1.2182153575803166e-04
-1.2145845477374624e-04
-1.2110041988018096e-04
-1.2073593921879179e-04
-1.2038011897742960e-04
-1.2003264821972622e-04
-1.1968972756314825e-04
-1.1935551206861390e-04
-1.1902977242204123e-04
-1.1871077520442488e-04
-1.1838430377371024e-04
-1.1806575977850735e-04
-1.1775550645035381e-04
-1.1745134781705901e-04
-1.1715381713610522e-04
-1.1686438887499432e-04
-1.1658318242928154e-04
-1.1629519143955377e-04
-1.1601345403907961e-04
-1.1573979103406664e-04
-1.1547409869956224e-04
-1.1521497603493249e-04
-1.1496229185311104e-04
-1.1471767164674241e-04
-1.1446884033036617e-04
-1.1422707643037929e-04
-1.1399123051942489e-04
-1.1376344973156617e-04
-1.1354368947131596e-04
-1.1333191842826996e-04
-1.1312649022651157e-04
-1.1291707032768340e-04
-1.1271555292238662e-04
-1.1252230680709585e-04
-1.1233733497105270e-04
-1.1215912930115760e-04
-1.1198904106832787e-04
-1.1182626303888982e-04
-1.1166171643360859e-04
-1.1150583925751979e-04
0.0000000000000000e+00
1.3930650323889629e+03
3.6295486867788043e+02
7.2925350558628823e+04
];
