%Vec Object:sol 1 MPI processes
%  type: mpi
sol = [
0.0000000000000000e+00
-1.6981496164175289e-04
-1.6864738099881544e-04
-1.6750403704941303e-04
-1.6637080154826729e-04
-1.6528161980849227e-04
-1.6419449424586070e-04
-1.6315867073066196e-04
-1.6214317346526598e-04
-1.6115347170836682e-04
-1.6018558940699790e-04
-1.5921278598699954e-04
-1.5828087977767222e-04
-1.5737094361115088e-04
-1.5647770835146906e-04
-1.5561927927248666e-04
-1.5475038902525092e-04
-1.5390247964247616e-04
-1.5308098776232475e-04
-1.5226613678534693e-04
-1.5148059637576063e-04
-1.5071068655889629e-04
-1.4994002547328290e-04
-1.4918757547326125e-04
-1.4844392737656527e-04
-1.4771930122437358e-04
-1.4701772778833951e-04
-1.4632004978321260e-04
-1.4563246814149847e-04
-1.4495369111202738e-04
-1.4428086437339111e-04
-1.4362839151047367e-04
-1.4299071342366166e-04
-1.4236078763049279e-04
-1.4174150431268750e-04
-1.4112286511733143e-04
-1.4051305052696441e-04
-1.3992025804244400e-04
-1.3933884660117398e-04
-1.3876599533614397e-04
-1.3820452238285817e-04
-1.3763986046152097e-04
-1.3708324994390878e-04
-1.3654129015898734e-04
-1.3601067630249488e-04
-1.3548669502308407e-04
-1.3497543226303785e-04
-1.3445981891206096e-04
-1.3394942675222607e-04
-1.3345195862139332e-04
-1.3296681566648942e-04
-1.3248689531245619e-04
-1.3201800906919935e-04
-1.3154671713724059e-04
-1.3108067878290214e-04
-1.3062313124603659e-04
-1.3017677484329109e-04
-1.2974013719353452e-04
-1.2930903245277650e-04
-1.2887825135655907e-04
-1.2845285940422466e-04
-1.2803394277709375e-04
-1.2762358082670419e-04
-1.2722325688460442e-04
-1.2683220546705497e-04
-1.2643936447734875e-04
-1.2604875881602780e-04
-1.2566779155197275e-04
-1.2529450377177858e-04
-1.2492798016811461e-04
-1.2457076083263014e-04
-1.2421854513237427e-04
-1.2386345586062590e-04
-1.2351591297905053e-04
-1.2317747425047592e-04
-1.2284797273504330e-04
-1.2252523505139451e-04
-1.2220834851964024e-04
-1.2188875600039192e-04
-1.2157804254193174e-04
-1.2127469406936919e-04
-1.2097855552848070e-04
-1.2069119273251044e-04
-1.2041252638332964e-04
-1.2012984535307641e-04
-1.1985336052928798e-04
-1.1958574852946339e-04
-1.1932694384545516e-04
-1.1907689574854997e-04
-1.1883415775839079e-04
-1.1858922309105034e-04
-1.1835130079064217e-04
-1.1812237646780651e-04
-1.1790243833747263e-04
-1.1768986559376134e-04
-1.1748608407401772e-04
-1.1728282832320318e-04
-1.1708580368548747e-04
-1.1689815705555054e-04
0.0000000000000000e+00
1.4587318680347275e+03
3.6295486867788043e+02
7.2925350558628823e+04
];
