%Vec Object:sol 1 MPI processes
%  type: mpi
sol = [
0.0000000000000000e+00
-1.5963884980537926e-04
-1.5860338225004038e-04
-1.5756912439220146e-04
-1.5655532843598694e-04
-1.5558717302105945e-04
-1.5461937176804169e-04
-1.5369770349250603e-04
-1.5279349531444823e-04
-1.5191177207878517e-04
-1.5104324770080587e-04
-1.5017416931228085e-04
-1.4934189984080323e-04
-1.4852890229041533e-04
-1.4773030765387050e-04
-1.4696303720623211e-04
-1.4619656048647000e-04
-1.4543625624724519e-04
-1.4469960790000979e-04
-1.4396820538531852e-04
-1.4326323632929549e-04
-1.4257198331685936e-04
-1.4189298862922085e-04
-1.4122846998151049e-04
-1.4055835172529260e-04
-1.3990525125395881e-04
-1.3927297747355369e-04
-1.3864364612646525e-04
-1.3803361781256676e-04
-1.3743998147105075e-04
-1.3684002801859899e-04
-1.3624935106627443e-04
-1.3567195549996520e-04
-1.3510126424798086e-04
-1.3454719683633756e-04
-1.3400417203710116e-04
-1.3346851348161590e-04
-1.3293567806475640e-04
-1.3240678679289232e-04
-1.3188549040177950e-04
-1.3137835175743275e-04
-1.3088098580710456e-04
-1.3039041211412825e-04
-1.2991286582896369e-04
-1.2943199914284363e-04
-1.2895301612841922e-04
-1.2848642276254763e-04
-1.2803076854603557e-04
-1.2757937608264889e-04
-1.2713950979758177e-04
-1.2671066272819999e-04
-1.2627210997781974e-04
-1.2584158304326977e-04
-1.2542168865802258e-04
-1.2500836902609293e-04
-1.2460252456440412e-04
-1.2420672152004182e-04
-1.2381976217786973e-04
-1.2342253333001634e-04
-1.2303482153909272e-04
-1.2265659777984387e-04
-1.2228405272718070e-04
-1.2191916185465474e-04
-1.2156334131406742e-04
-1.2121477660669972e-04
-1.2085759343987879e-04
-1.2050940093402399e-04
-1.2016995977726165e-04
-1.1983743506904531e-04
-1.1951097460133604e-04
-1.1919299252232401e-04
-1.1888058075550689e-04
-1.1856349355789134e-04
-1.1825326261873556e-04
-1.1795137428865950e-04
-1.1765768430460792e-04
-1.1737014917873457e-04
-1.1708945525675486e-04
-1.1681235852533432e-04
-1.1653490747195163e-04
-1.1626422640615990e-04
-1.1600017780881479e-04
-1.1574425402624780e-04
-1.1549638098194600e-04
-1.1525611713073370e-04
-1.1501528872600285e-04
-1.1477676849002242e-04
-1.1454646331154584e-04
-1.1432433738328959e-04
-1.1410903000298735e-04
-1.1390115387757865e-04
-1.1370153064176515e-04
-1.1350143379194438e-04
-1.1330666068032012e-04
-1.1311881098794968e-04
-1.1293924871482666e-04
-1.1276831678011546e-04
-1.1260605130691224e-04
-1.1245230656291157e-04
0.0000000000000000e+00
1.4044743815473739e+03
3.6295486867788043e+02
7.2925350558628823e+04
];
