%Vec Object:sol 1 MPI processes
%  type: mpi
sol = [
0.0000000000000000e+00
-6.9532910699394957e-04
-6.1381070524432985e-04
-1.8542501589797637e-04
-1.8885860097713356e-04
-1.8705165507547887e-04
-1.8525340150904950e-04
-1.8352312401360472e-04
-1.8180313357246919e-04
-1.8011426772328093e-04
-1.7848140928889184e-04
-1.7685372328965298e-04
-1.7526775498021189e-04
-1.7369890506354724e-04
-1.7215338795628521e-04
-1.7065201330336609e-04
-1.6916128602045228e-04
-1.6768430604263311e-04
-1.6624026447460631e-04
-1.6480588499471978e-04
-1.6340710166272667e-04
-1.6201696119203191e-04
-1.6063585271788852e-04
-1.5928576041474162e-04
-1.5794673450408761e-04
-1.5663023782920492e-04
-1.5532337376263536e-04
-1.5402150870696653e-04
-1.5274502462627208e-04
-1.5149026450006728e-04
-1.5023856545556323e-04
-1.4899834376517018e-04
-1.4777595783900470e-04
-1.4656369278752068e-04
-1.4537314877082109e-04
-1.4419059625191401e-04
-1.4301117641493080e-04
-1.4185216805848500e-04
-1.4070753327179324e-04
-1.3957434447852887e-04
-1.3845224652327403e-04
-1.3733828444895756e-04
-1.3623554935332166e-04
-1.3515110039185213e-04
-1.3408154306919509e-04
-1.3301522073016551e-04
-1.3196044975010934e-04
-1.3092192870597577e-04
-1.2989242731070198e-04
-1.2887999428529603e-04
-1.2787971581299220e-04
-1.2688161177849139e-04
-1.2589936242675414e-04
-1.2493359206902776e-04
-1.2398007523509660e-04
-1.2303908246724649e-04
-1.2210433098660512e-04
-1.2118478571857048e-04
-1.2027647975122978e-04
-1.1938456318818109e-04
-1.1850884218383847e-04
-1.1763915178478755e-04
-1.1678077058207024e-04
-1.1593899438507642e-04
-1.1511329537992741e-04
-1.1429999451120218e-04
-1.1350305222215770e-04
-1.1271445138862960e-04
-1.1194142453086685e-04
-1.1118340684116600e-04
-1.1044308684872796e-04
-1.0972058946965683e-04
-1.0901126891644506e-04
-1.0831326305421649e-04
-1.0763416934588791e-04
-1.0697424554880107e-04
-1.0633194291409217e-04
-1.0570840249561423e-04
-1.0510172296838611e-04
-1.0451180033918565e-04
-1.0394217518352159e-04
-1.0339334506465575e-04
-1.0286738920178833e-04
-1.0236492165597064e-04
-1.0188293026762087e-04
-1.0142009579297644e-04
-1.0098331300347749e-04
-1.0057338945140589e-04
-1.0019106542230732e-04
-9.9836007798715948e-05
-9.9507150886971382e-05
-9.9204241304445535e-05
-9.8932537279495560e-05
-9.8692759897746476e-05
-9.8484202159330252e-05
-9.8308993086199762e-05
-9.8166380665499510e-05
-9.8053043129331328e-05
-9.7974628106335980e-05
0.0000000000000000e+00
1.6633187239289650e+03
3.6235789997723225e+02
6.9662861862169928e+04
];
