%Vec Object:sol 1 MPI processes
%  type: mpi
sol = [
0.0000000000000000e+00
-1.7278561417408513e-04
-1.7156596377904601e-04
-1.7037201249937677e-04
-1.6921169798031694e-04
-1.6810348664525926e-04
-1.6699272591178346e-04
-1.6591134870901894e-04
-1.6485149859447274e-04
-1.6381873202124203e-04
-1.6282994779193459e-04
-1.6184215466114575e-04
-1.6088704030964778e-04
-1.5993784912573833e-04
-1.5900632291031470e-04
-1.5811090466195677e-04
-1.5722376089057094e-04
-1.5636453094806157e-04
-1.5552063736156351e-04
-1.5467142223649980e-04
-1.5385260905854199e-04
-1.5305022340247415e-04
-1.5226262828886108e-04
-1.5150156788824767e-04
-1.5073658846924922e-04
-1.4998183611343810e-04
-1.4925100601597939e-04
-1.4852455836482668e-04
-1.4782028177711101e-04
-1.4713494694188273e-04
-1.4644234271764053e-04
-1.4576321444518785e-04
-1.4509951942340003e-04
-1.4444407259015728e-04
-1.4380762100551600e-04
-1.4318405588526379e-04
-1.4255625395608886e-04
-1.4193971833997257e-04
-1.4133507996212246e-04
-1.4073945736784330e-04
-1.4015994016270767e-04
-1.3959174006403628e-04
-1.3901895926447192e-04
-1.3845573806857173e-04
-1.3790432783208209e-04
-1.3735992315953044e-04
-1.3682953663830529e-04
-1.3631156979360476e-04
-1.3578676893023436e-04
-1.3527016678852369e-04
-1.3476632830288765e-04
-1.3426802021185356e-04
-1.3378114792829765e-04
-1.3330622435113695e-04
-1.3282754998358062e-04
-1.3235277771750354e-04
-1.3188957793338000e-04
-1.3143644590631089e-04
-1.3098911931983204e-04
-1.3055273536730685e-04
-1.3011633108253235e-04
-1.2968190453121692e-04
-1.2925633763880262e-04
-1.2884113255006430e-04
-1.2843550528601923e-04
-1.2803529526579765e-04
-1.2763506862313131e-04
-1.2724014760266824e-04
-1.2685316851506081e-04
-1.2647319688045120e-04
-1.2610280903841662e-04
-1.2574178831911890e-04
-1.2537830045085310e-04
-1.2501815241552331e-04
-1.2466736868680775e-04
-1.2432577473833628e-04
-1.2399115816351302e-04
-1.2366424001795571e-04
-1.2333723855611898e-04
-1.2301519162257610e-04
-1.2270071555279369e-04
-1.2239364783758018e-04
-1.2209557274382284e-04
-1.2180639393609717e-04
-1.2151665336938546e-04
-1.2122996327649905e-04
-1.2095234896119947e-04
-1.2068374147141798e-04
-1.2042408653820656e-04
-1.2017191292560352e-04
-1.1991874031437812e-04
-1.1967170889560945e-04
-1.1943386251962096e-04
-1.1920518544797845e-04
-1.1898402925444367e-04
-1.1877183771839920e-04
-1.1855935305225989e-04
-1.1835424551528785e-04
-1.1815868743790733e-04
0.0000000000000000e+00
1.4742431487687109e+03
3.6295486867788043e+02
7.2925350558628823e+04
];
