%Vec Object:sol 1 MPI processes
%  type: mpi
sol = [
0.0000000000000000e+00
-1.6552831797471507e-04
-1.6441875687849580e-04
-1.6330631201162712e-04
-1.6222481352614129e-04
-1.6119186194204750e-04
-1.6016011429974481e-04
-1.5917734626973300e-04
-1.5821356572716079e-04
-1.5725207016289742e-04
-1.5632741592575331e-04
-1.5540305314002380e-04
-1.5451773755108819e-04
-1.5365313748225091e-04
-1.5280415687732291e-04
-1.5197595932997770e-04
-1.5114318907262075e-04
-1.5033651639900544e-04
-1.4955499014193877e-04
-1.4877941677113213e-04
-1.4803184018264830e-04
-1.4729583841363442e-04
-1.4655399546719371e-04
-1.4583710838851114e-04
-1.4512835826197050e-04
-1.4443769400217149e-04
-1.4376905551974581e-04
-1.4310382735855949e-04
-1.4244384234218872e-04
-1.4179603947940119e-04
-1.4115368193172670e-04
-1.4053079614368081e-04
-1.3992198882010399e-04
-1.3932041667163360e-04
-1.3873065613302136e-04
-1.3813919829647404e-04
-1.3755605171458565e-04
-1.3698920893370127e-04
-1.3643318893023611e-04
-1.3588525278003785e-04
-1.3535220310369233e-04
-1.3481430969769013e-04
-1.3428110808106963e-04
-1.3376196152859547e-04
-1.3325365972209486e-04
-1.3275161671579181e-04
-1.3226256390228981e-04
-1.3177865428133873e-04
-1.3128887734936676e-04
-1.3081152465900208e-04
-1.3034602083275269e-04
-1.2988544675254131e-04
-1.2943547490220435e-04
-1.2899660158609727e-04
-1.2855029880628840e-04
-1.2811052360016609e-04
-1.2768153250869311e-04
-1.2726189553501999e-04
-1.2684753322977002e-04
-1.2644338597328467e-04
-1.2604266337374801e-04
-1.2563942365284317e-04
-1.2524443218114243e-04
-1.2485914267426290e-04
-1.2448281391387830e-04
-1.2411145965517966e-04
-1.2374945438929657e-04
-1.2338278451992017e-04
-1.2302299818433350e-04
-1.2266975133170830e-04
-1.2232552780403377e-04
-1.2199012764464590e-04
-1.2166124463993458e-04
-1.2133260794002570e-04
-1.2100600929036198e-04
-1.2068809832966507e-04
-1.2037675429025728e-04
-1.2007267748603973e-04
-1.1977713049346659e-04
-1.1948916477389722e-04
-1.1919613229146327e-04
-1.1891012121553934e-04
-1.1863266368819347e-04
-1.1836367410482494e-04
-1.1810268798719632e-04
-1.1784792138830834e-04
-1.1759356990516074e-04
-1.1734344935576177e-04
-1.1710189003776220e-04
-1.1686748047879257e-04
-1.1664084734722598e-04
-1.1642284691814174e-04
-1.1621028421464863e-04
-1.1599773240795119e-04
-1.1579240786505096e-04
-1.1559570978806718e-04
-1.1540798639486772e-04
-1.1522927100897534e-04
-1.1505960939175252e-04
0.0000000000000000e+00
1.4361782418736141e+03
3.6295486867788043e+02
7.2925350558628823e+04
];
