%Vec Object:sol 1 MPI processes
%  type: mpi
sol = [
0.0000000000000000e+00
-1.7335557581708903e-04
-1.7213166218985160e-04
-1.7093350172626989e-04
-1.6976907148279267e-04
-1.6865691697385754e-04
-1.6752482635019653e-04
-1.6643977046653061e-04
-1.6537629944593055e-04
-1.6433999735461865e-04
-1.6334783306684448e-04
-1.6235646217295925e-04
-1.6138125523338618e-04
-1.6042905909945411e-04
-1.5949458627852403e-04
-1.5859635170018872e-04
-1.5770641615590669e-04
-1.5684023928290528e-04
-1.5598130090746829e-04
-1.5512968309682230e-04
-1.5430857294823494e-04
-1.5350394382332319e-04
-1.5271415315398152e-04
-1.5194404251711648e-04
-1.5116755036976879e-04
-1.5041095262047344e-04
-1.4967835205900783e-04
-1.4895013832398715e-04
-1.4824416414038180e-04
-1.4754859820989872e-04
-1.4684689769528221e-04
-1.4616636844143820e-04
-1.4550131064004686e-04
-1.4484451424051132e-04
-1.4420676389793237e-04
-1.4357241353577893e-04
-1.4293713961322058e-04
-1.4231956076811802e-04
-1.4171390041917302e-04
-1.4111726762255973e-04
-1.4053677627448203e-04
-1.3995765964821999e-04
-1.3937847460009347e-04
-1.3881450367478422e-04
-1.3826236126376960e-04
-1.3771722644875423e-04
-1.3718613541335221e-04
-1.3665738006795724e-04
-1.3612687208890549e-04
-1.3560976602287571e-04
-1.3510544173473915e-04
-1.3460664306064331e-04
-1.3411929497217864e-04
-1.3363384658988879e-04
-1.3314994395763054e-04
-1.3267487795691656e-04
-1.3221139686840129e-04
-1.3175799172858004e-04
-1.3131038730721298e-04
-1.3086379387591116e-04
-1.3042251617046343e-04
-1.2998798473255025e-04
-1.2956231559850128e-04
-1.2914701606350079e-04
-1.2874130025499167e-04
-1.2833117960747757e-04
-1.2792638299621473e-04
-1.2753152867397475e-04
-1.2714461511184556e-04
-1.2676470559366127e-04
-1.2639438470162328e-04
-1.2602368927941391e-04
-1.2565596859668386e-04
-1.2529603134858942e-04
-1.2494546057130180e-04
-1.2460408177539039e-04
-1.2426967653683050e-04
-1.2393317523609585e-04
-1.2360236665045560e-04
-1.2328067175262575e-04
-1.2296654371895692e-04
-1.2265982009743073e-04
-1.2236209039024492e-04
-1.2206324607380296e-04
-1.2177026859291257e-04
-1.2148405193863992e-04
-1.2120691045122405e-04
-1.2093877504561090e-04
-1.2067958945034341e-04
-1.2041742447943947e-04
-1.2016177650166255e-04
-1.1991533527010402e-04
-1.1967807902211893e-04
-1.1944999352386378e-04
-1.1922946942896343e-04
-1.1900663757891407e-04
-1.1879272589272830e-04
-1.1858833833698256e-04
-1.1839349930877879e-04
0.0000000000000000e+00
1.4771341094962243e+03
3.6295486867788043e+02
7.2925350558628823e+04
];
