%Vec Object:sol 1 MPI processes
%  type: mpi
sol = [
0.0000000000000000e+00
-1.8242140617529909e-04
-1.8107629650080672e-04
-1.7974268162005279e-04
-1.7844704851525150e-04
-1.7720901765873716e-04
-1.7597513886459580e-04
-1.7479287391563371e-04
-1.7361223760179828e-04
-1.7246217657156630e-04
-1.7136062847745819e-04
-1.7026167065086934e-04
-1.6920875349460729e-04
-1.6815588824594307e-04
-1.6712178845822466e-04
-1.6612747504780910e-04
-1.6514325139828617e-04
-1.6418998110354294e-04
-1.6325089780536392e-04
-1.6231140141204238e-04
-1.6140534257787478e-04
-1.6051780989977812e-04
-1.5964703093214344e-04
-1.5879901976955367e-04
-1.5794496161906539e-04
-1.5711288796861674e-04
-1.5630708875174142e-04
-1.5550680228455235e-04
-1.5473085950954969e-04
-1.5395654399083858e-04
-1.5318748124656202e-04
-1.5244153441453659e-04
-1.5171265051749420e-04
-1.5099319765319574e-04
-1.5028474677584105e-04
-1.4958039966016286e-04
-1.4888652954936756e-04
-1.4821192867186988e-04
-1.4755048234284222e-04
-1.4689818580089807e-04
-1.4624544679191762e-04
-1.4560562150761606e-04
-1.4497524503921029e-04
-1.4436138153587659e-04
-1.4376044694635389e-04
-1.4315660369957915e-04
-1.4256106341499752e-04
-1.4197943785295927e-04
-1.4140406059374172e-04
-1.4084317464888222e-04
-1.4029386876634092e-04
-1.3973613168746422e-04
-1.3919116134373648e-04
-1.3865947182151904e-04
-1.3813639978258732e-04
-1.3762293065885692e-04
-1.3711141557350051e-04
-1.3660547052566339e-04
-1.3610624564995073e-04
-1.3561912653208734e-04
-1.3514369247078604e-04
-1.3467304030437526e-04
-1.3419931701166276e-04
-1.3373702098695657e-04
-1.3328530979958827e-04
-1.3283979711561943e-04
-1.3240520457937464e-04
-1.3197141306516965e-04
-1.3154162323940029e-04
-1.3111964686447834e-04
-1.3070817319497230e-04
-1.3030695936512115e-04
-1.2991096998210002e-04
-1.2951198758533549e-04
-1.2912322344048384e-04
-1.2874448044866048e-04
-1.2837342638426986e-04
-1.2801080681004628e-04
-1.2764884811264558e-04
-1.2729255140251979e-04
-1.2694451782414704e-04
-1.2660456681995447e-04
-1.2627434604618141e-04
-1.2595121377966383e-04
-1.2562703307154079e-04
-1.2531021878322798e-04
-1.2500317523501478e-04
-1.2470581892444179e-04
-1.2441808052623721e-04
-1.2412956574032259e-04
-1.2384651152478831e-04
-1.2357331013565108e-04
-1.2330992710020042e-04
-1.2305633583675480e-04
-1.2280775313010568e-04
-1.2255999749653747e-04
-1.2232235179544815e-04
-1.2209482553981712e-04
-1.2187743514026064e-04
0.0000000000000000e+00
1.5225431612869188e+03
3.6295486867788043e+02
7.2925350558628823e+04
];
