%Vec Object:sol 1 MPI processes
%  type: mpi
sol = [
0.0000000000000000e+00
-7.9544072192828431e-04
-7.2173329751723677e-04
-6.3875569697707791e-04
-5.6251993349433070e-04
-5.0295825772855732e-04
-1.8682805621197862e-04
-1.8646737115555074e-04
-1.8445151507075265e-04
-1.8242945594665311e-04
-1.8044310552862549e-04
-1.7844342612344607e-04
-1.7649097287523709e-04
-1.7456283821368944e-04
-1.7264330697059184e-04
-1.7075448044043566e-04
-1.6887448904064826e-04
-1.6702673329378048e-04
-1.6520425033275183e-04
-1.6337700829024461e-04
-1.6158488249053319e-04
-1.5981167475686710e-04
-1.5805538413912168e-04
-1.5631253123212405e-04
-1.5458026488563895e-04
-1.5287001212808135e-04
-1.5118591175828126e-04
-1.4949751856806138e-04
-1.4782627363153851e-04
-1.4617505106985282e-04
-1.4452939491918027e-04
-1.4290460844980588e-04
-1.4128098545782130e-04
-1.3966347478554952e-04
-1.3806344487491976e-04
-1.3647385988304017e-04
-1.3488778699296668e-04
-1.3330496042020227e-04
-1.3172878391014809e-04
-1.3015463902729381e-04
-1.2858703029321482e-04
-1.2701540100867680e-04
-1.2542386664032271e-04
-1.2381979861452068e-04
-1.2218803638464472e-04
-1.2050814087757637e-04
-1.1876699526085186e-04
-1.1693274566996982e-04
-1.1498669980983402e-04
-1.1292387225720989e-04
-1.1074486636423225e-04
-1.0846185233345016e-04
-1.0611127238249396e-04
-1.0373153140224630e-04
-1.0136528204778399e-04
-9.9050272513237042e-05
-9.6823162458072200e-05
-9.4714272412222311e-05
-9.2748005187689254e-05
-9.0944724500064029e-05
-8.9313360504938568e-05
-8.7858003799609822e-05
-8.6558757809441372e-05
-8.5386967483037706e-05
-8.4349114655759308e-05
-8.3428746733179904e-05
-8.2607705364867105e-05
-8.1869004402844691e-05
-8.1199369095897705e-05
-8.0588576763426984e-05
-8.0024399500069424e-05
-7.9492678715361437e-05
-7.8994907623091304e-05
-7.8521868861006121e-05
-7.8061037363169670e-05
-7.7612168652939096e-05
-7.7173067548698949e-05
-7.6737622608473425e-05
-7.6300930521543077e-05
-7.5862060170211058e-05
-7.5422169544042567e-05
-7.4975988808127452e-05
-7.4520826271309130e-05
-7.4054294235012676e-05
-7.3577816390614850e-05
-7.3089889718791633e-05
-7.2586535951939553e-05
-7.2065976150003719e-05
-7.1526415766952868e-05
-7.0972134762025850e-05
-7.0397810388099952e-05
-6.9798394449235602e-05
-6.9173793016861837e-05
-6.8523254525768579e-05
-6.7841371817248028e-05
-6.7125984255366573e-05
-6.6371981222336447e-05
-6.5571014880026139e-05
-6.4720864887829300e-05
0.0000000000000000e+00
1.6995379075649669e+03
3.6063828297177628e+02
6.1417388328254237e+04
];
