%Vec Object:sol 1 MPI processes
%  type: mpi
sol = [
0.0000000000000000e+00
-1.5673352120869398e-04
-1.5571967166527273e-04
-1.5472597831535834e-04
-1.5375956829837340e-04
-1.5283702210947911e-04
-1.5191118133202157e-04
-1.5100684769869897e-04
-1.5011953011701755e-04
-1.4925424654749323e-04
-1.4842619097272218e-04
-1.4759711220174439e-04
-1.4680342808270414e-04
-1.4602489599216446e-04
-1.4523940463904858e-04
-1.4448457429382697e-04
-1.4373558939405589e-04
-1.4301007593259891e-04
-1.4230719699641621e-04
-1.4160893173454902e-04
-1.4093402025739312e-04
-1.4025241513321545e-04
-1.3958284381041536e-04
-1.3893591279564527e-04
-1.3829581528654802e-04
-1.3767195174372844e-04
-1.3706807625339242e-04
-1.3646619072486487e-04
-1.3586338705516771e-04
-1.3527655106754287e-04
-1.3469417237685282e-04
-1.3412951386293707e-04
-1.3357751646847032e-04
-1.3303174001211079e-04
-1.3250197684841925e-04
-1.3196558328395908e-04
-1.3143485605142185e-04
-1.3091900801933312e-04
-1.3041288082347549e-04
-1.2991390066630833e-04
-1.2942852014222279e-04
-1.2895243980677899e-04
-1.2846899913024346e-04
-1.2799472077690166e-04
-1.2753029473463068e-04
-1.2707139333797355e-04
-1.2662440677394660e-04
-1.2618792059450521e-04
-1.2575538526155521e-04
-1.2532315840128202e-04
-1.2489625475779371e-04
-1.2447370621569771e-04
-1.2406090338835485e-04
-1.2365834165133305e-04
-1.2326203900273029e-04
-1.2287288405476944e-04
-1.2248522339625053e-04
-1.2209898848698618e-04
-1.2171752497371869e-04
-1.2134553418255209e-04
-1.2098269375302291e-04
-1.2062526676650514e-04
-1.2027520173818219e-04
-1.1992789612151069e-04
-1.1958041774955361e-04
-1.1923750055980743e-04
-1.1890327943068272e-04
-1.1857752542887623e-04
-1.1825844002556463e-04
-1.1794519003022393e-04
-1.1763586407225340e-04
-1.1732537388318801e-04
-1.1702098364920887e-04
-1.1672322360061540e-04
-1.1643356074636224e-04
-1.1615185819135659e-04
-1.1587611012725096e-04
-1.1560391357496065e-04
-1.1532981355824922e-04
-1.1506368264631183e-04
-1.1480412567708211e-04
-1.1455101146273592e-04
-1.1430581283296435e-04
-1.1406846101551174e-04
-1.1383611175148391e-04
-1.1359964643892230e-04
-1.1337124634599727e-04
-1.1315086668212796e-04
-1.1293847578930639e-04
-1.1273273775992121e-04
-1.1253426089911160e-04
-1.1234153812878092e-04
-1.1214748898862342e-04
-1.1196171549298500e-04
-1.1178271563613124e-04
-1.1161183426410384e-04
-1.1144941260453406e-04
-1.1129549014538078e-04
-1.1114719653720548e-04
0.0000000000000000e+00
1.3886226977251588e+03
3.6295486867788043e+02
7.2925350558628823e+04
];
