%Vec Object:sol 1 MPI processes
%  type: mpi
sol = [
0.0000000000000000e+00
-1.7078054651157075e-10
-1.9259323736569319e-10
-8.9086444447919356e-06
-1.0110596788345640e-03
-9.0199252590896872e-04
-8.0987060064680017e-04
-7.3203659837721348e-04
-6.6095548269644777e-04
-5.9754976324076427e-04
-5.3519381131066567e-04
-4.7346068058952482e-04
-4.1072774489260783e-04
-3.4467907702098320e-04
-2.8106438525812188e-04
-2.1687008889448292e-04
-1.6279623558121948e-04
-1.1520420973369377e-04
-8.1928667640471776e-05
-5.8210103125697699e-05
-4.5489648835498544e-05
-3.9540738277245223e-05
-3.8752406202795098e-05
-4.0732026319626284e-05
-4.4002957016181082e-05
-4.7664154458237456e-05
-5.1111094891783103e-05
-5.4048412614107203e-05
-5.6514811449715629e-05
-5.8313499866887265e-05
-5.9717760844438211e-05
-6.0637455386256741e-05
-6.1229442200054059e-05
-6.1577964105151247e-05
-6.1677487042654361e-05
-6.1635337280561785e-05
-6.1473717431564093e-05
-6.1202699691674203e-05
-6.0871016876725190e-05
-6.0496177708617019e-05
-6.0072933701142007e-05
-5.9626329070864451e-05
-5.9158367904205343e-05
-5.8678817222138339e-05
-5.8194622609079804e-05
-5.7688704633900721e-05
-5.7184547313327539e-05
-5.6680740253962924e-05
-5.6179361257623722e-05
-5.5657600232464818e-05
-5.5143698680523454e-05
-5.4635545347519978e-05
-5.4128229654049447e-05
-5.3606907780047687e-05
-5.3083071763391311e-05
-5.2570973397304695e-05
-5.2052142651935527e-05
-5.1525147100070818e-05
-5.1001838893037876e-05
-5.0470264701844214e-05
-4.9923842267163109e-05
-4.9389195422684292e-05
-4.8850165769929631e-05
-4.8298201644453980e-05
-4.7736761268437758e-05
-4.7176800281519842e-05
-4.6608788372981276e-05
-4.6026133633922853e-05
-4.5435383281733901e-05
-4.4840801422314475e-05
-4.4232128375102445e-05
-4.3605994671963230e-05
-4.2978519946086539e-05
-4.2344646364398412e-05
-4.1690815330077374e-05
-4.1022099773050520e-05
-4.0344806633011544e-05
-3.9653804134588129e-05
-3.8942188244227078e-05
-3.8208305924191637e-05
-3.7461341509454863e-05
-3.6693319078677877e-05
-3.5895183764208482e-05
-3.5057620913392249e-05
-3.4176938258417472e-05
-3.3238476154563988e-05
-3.2212227265351709e-05
-3.1055152923473919e-05
-2.9687540261620870e-05
2.0006375966484719e-03
7.5457756937041039e-04
-5.6196326030581088e-05
-5.7430108985332631e-05
-5.7790469798007389e-05
-5.7496477956603772e-05
-5.6726813382356015e-05
-5.5640529597802233e-05
-5.4374212425703043e-05
-5.3046388027171145e-05
0.0000000000000000e+00
1.9824562655914704e+03
3.1913640489693853e+02
1.2184881259210333e+04
];
