%Vec Object:sol 1 MPI processes
%  type: mpi
sol = [
0.0000000000000000e+00
-1.9210011445003119e-04
-1.9059136445490987e-04
-1.8910423832937332e-04
-1.8763845760055425e-04
-1.8623603049027933e-04
-1.8483987838821694e-04
-1.8350709874666142e-04
-1.8218388389041053e-04
-1.8088275582979146e-04
-1.7963479845469125e-04
-1.7839111730642227e-04
-1.7719775912102947e-04
-1.7601095104183447e-04
-1.7484126429700926e-04
-1.7371510300831530e-04
-1.7260091991554147e-04
-1.7152078414761317e-04
-1.7044931032854244e-04
-1.6938708828993294e-04
-1.6836138197663360e-04
-1.6735636463979242e-04
-1.6636873626550206e-04
-1.6539074292504366e-04
-1.6442535097933666e-04
-1.6348415622876737e-04
-1.6257163633566000e-04
-1.6166290618681856e-04
-1.6076165729886940e-04
-1.5988387239562234e-04
-1.5901499322612458e-04
-1.5817131038248076e-04
-1.5734278762696090e-04
-1.5650797432880507e-04
-1.5569635214813751e-04
-1.5490106010133126e-04
-1.5411758463632817e-04
-1.5335151327588631e-04
-1.5258418927768135e-04
-1.5182872084262044e-04
-1.5109290375755287e-04
-1.5037138826782059e-04
-1.4965747716958228e-04
-1.4894633076165497e-04
-1.4824991848749923e-04
-1.4756291040946627e-04
-1.4689299981896045e-04
-1.4623626413391786e-04
-1.4557159266032454e-04
-1.4492322033263165e-04
-1.4429043104181410e-04
-1.4366525783427871e-04
-1.4305328012355876e-04
-1.4244034437504500e-04
-1.4183754402113523e-04
-1.4124589855041365e-04
-1.4066838525097269e-04
-1.4010334435291401e-04
-1.3953095423968061e-04
-1.3897173968480323e-04
-1.3842581649265288e-04
-1.3788866291432808e-04
-1.3736256608228297e-04
-1.3683636219484951e-04
-1.3632012425699743e-04
-1.3581147218579405e-04
-1.3531529219100845e-04
-1.3483126630194851e-04
-1.3434677657164361e-04
-1.3386770105062469e-04
-1.3340065854077437e-04
-1.3294539509272124e-04
-1.3249928593702060e-04
-1.3205480567301056e-04
-1.3161651354674897e-04
-1.3118974998320865e-04
-1.3077210792483362e-04
-1.3036435694416409e-04
-1.2996200185931152e-04
-1.2956380612533613e-04
-1.2917532283017379e-04
-1.2879636726077927e-04
-1.2842863646357914e-04
-1.2806823745955319e-04
-1.2770979114433122e-04
-1.2736013264654148e-04
-1.2702173661605269e-04
-1.2669451682100055e-04
-1.2637658980189082e-04
-1.2605801906658438e-04
-1.2574985809838066e-04
-1.2545303623940783e-04
-1.2516751701983998e-04
-1.2489322957439031e-04
-1.2461688168938386e-04
-1.2435176106388084e-04
-1.2409822897605196e-04
-1.2385629223935599e-04
-1.2362596181078069e-04
0.0000000000000000e+00
1.5694494004024498e+03
3.6295486867788043e+02
7.2925350558628823e+04
];
