%Vec Object:sol 1 MPI processes
%  type: mpi
sol = [
0.0000000000000000e+00
-1.9302403725855047e-04
-1.9149475245510415e-04
-1.8997111712603943e-04
-1.8849032579390602e-04
-1.8707327360825923e-04
-1.8566254130376005e-04
-1.8430211982694306e-04
-1.8295300746729419e-04
-1.8163828783349326e-04
-1.8037702916998979e-04
-1.7912006555960829e-04
-1.7789437061977847e-04
-1.7668925758831616e-04
-1.7550708819281621e-04
-1.7436865507893963e-04
-1.7324224748051307e-04
-1.7212693157940193e-04
-1.7104247381444655e-04
-1.6996867651568543e-04
-1.6893155436058008e-04
-1.6791391212094255e-04
-1.6689246380571684e-04
-1.6590365609753404e-04
-1.6492749659077478e-04
-1.6397563350133533e-04
-1.6304866911871356e-04
-1.6211003154903102e-04
-1.6119867699328731e-04
-1.6031087950492669e-04
-1.5943202526279315e-04
-1.5857306479710140e-04
-1.5771746366907710e-04
-1.5687321650708345e-04
-1.5605225362409582e-04
-1.5524769156953603e-04
-1.5444893413481750e-04
-1.5365771248787330e-04
-1.5288164672446790e-04
-1.5211749718821403e-04
-1.5137308704603756e-04
-1.5063697466777783e-04
-1.4989917956529885e-04
-1.4917997688299061e-04
-1.4847558694504933e-04
-1.4778066867057523e-04
-1.4709735872681285e-04
-1.4641754902062272e-04
-1.4574552348340552e-04
-1.4508988965582367e-04
-1.4444993293110821e-04
-1.4381297134663173e-04
-1.4317834853458608e-04
-1.4255881914509237e-04
-1.4194951324108149e-04
-1.4135145495070188e-04
-1.4076409693767464e-04
-1.4017714162740626e-04
-1.3959842869787559e-04
-1.3903355770155504e-04
-1.3848208673753745e-04
-1.3793733417371437e-04
-1.3739098575098622e-04
-1.3685776881184678e-04
-1.3633680804526222e-04
-1.3582355725525491e-04
-1.3532226313726103e-04
-1.3481967420309740e-04
-1.3432750780326475e-04
-1.3384474045647387e-04
-1.3337415969523071e-04
-1.3291551858669076e-04
-1.3245343160581124e-04
-1.3200061200470086e-04
-1.3155969397981429e-04
-1.3113047578184163e-04
-1.3071055250316822e-04
-1.3029012883253538e-04
-1.2987888363331405e-04
-1.2947921057498288e-04
-1.2908943452581803e-04
-1.2870937503144756e-04
-1.2833225499583225e-04
-1.2796254283759298e-04
-1.2760383304743318e-04
-1.2725411050510857e-04
-1.2691585437128017e-04
-1.2658246564532943e-04
-1.2625496277469161e-04
-1.2593740172717644e-04
-1.2563046200034296e-04
-1.2533507604950902e-04
-1.2504648074668979e-04
-1.2476253893181708e-04
-1.2448851028843330e-04
-1.2422593010527508e-04
-1.2397515965591085e-04
-1.2373304947968633e-04
-1.2349469158968237e-04
0.0000000000000000e+00
1.5738264132355168e+03
3.6295486867788043e+02
7.2925350558628823e+04
];
