%Vec Object:sol 1 MPI processes
%  type: mpi
sol = [
0.0000000000000000e+00
-1.7115985768027914e-04
-1.6997559588608014e-04
-1.6879269685133279e-04
-1.6764299109395253e-04
-1.6654474731390536e-04
-1.6544862016845268e-04
-1.6440432111080019e-04
-1.6337179439681834e-04
-1.6234732917229150e-04
-1.6136636803333956e-04
-1.6038640981039064e-04
-1.5944773795610113e-04
-1.5853124580076177e-04
-1.5762202000020682e-04
-1.5673282794289475e-04
-1.5585187507517490e-04
-1.5499858688449727e-04
-1.5417194098812993e-04
-1.5335198351280963e-04
-1.5255238753726514e-04
-1.5175487404329440e-04
-1.5097206501865979e-04
-1.5021558021510668e-04
-1.4946794700061676e-04
-1.4873947395340460e-04
-1.4802617458514630e-04
-1.4730354858623503e-04
-1.4660294195673854e-04
-1.4592115822227811e-04
-1.4524533695283207e-04
-1.4459000293899350e-04
-1.4394307908178263e-04
-1.4329052810646586e-04
-1.4265686099230646e-04
-1.4203602918956814e-04
-1.4142404736293000e-04
-1.4082918031500113e-04
-1.4024106940971277e-04
-1.3964758206087450e-04
-1.3907012216473702e-04
-1.3850394682963423e-04
-1.3794583241446038e-04
-1.3740243128737651e-04
-1.3686761108534567e-04
-1.3632470580231514e-04
-1.3579576416777476e-04
-1.3527920123067229e-04
-1.3476783887682634e-04
-1.3426944081635085e-04
-1.3378243898930800e-04
-1.3328507973784103e-04
-1.3279912947613943e-04
-1.3232509470365077e-04
-1.3185860920832834e-04
-1.3140061655098862e-04
-1.3095366456128223e-04
-1.3050189756713457e-04
-1.3005502124421769e-04
-1.2961906841519642e-04
-1.2919366132810509e-04
-1.2877471552261393e-04
-1.2836455231535494e-04
-1.2795144421228486e-04
-1.2754579061857114e-04
-1.2714558854471199e-04
-1.2675530459358914e-04
-1.2637466753096958e-04
-1.2600178780843672e-04
-1.2562503712923182e-04
-1.2525422854091942e-04
-1.2489278700577311e-04
-1.2453832495723949e-04
-1.2419140036405295e-04
-1.2385356606056869e-04
-1.2351602886229848e-04
-1.2318061035717951e-04
-1.2285290474700503e-04
-1.2253420326696496e-04
-1.2222437639552162e-04
-1.2192188929949083e-04
-1.2161939859960855e-04
-1.2132016118612895e-04
-1.2102982401373657e-04
-1.2074789978391501e-04
-1.2047254362316079e-04
-1.2020604286790307e-04
-1.1994221906386057e-04
-1.1968104929604794e-04
-1.1942737618779491e-04
-1.1918183691218519e-04
-1.1894530393835099e-04
-1.1871775559173120e-04
-1.1849373673758900e-04
-1.1827073418754196e-04
-1.1805669944984807e-04
-1.1785198032810252e-04
-1.1765659974292519e-04
-1.1747058290057927e-04
0.0000000000000000e+00
1.4656899302106192e+03
3.6295486867788043e+02
7.2925350558628823e+04
];
