%Vec Object:sol 1 MPI processes
%  type: mpi
sol = [
0.0000000000000000e+00
-1.5921433949270903e-04
-1.5818196037429856e-04
-1.5716491135711331e-04
-1.5615392867743055e-04
-1.5518842851352580e-04
-1.5422326820340997e-04
-1.5330408360983872e-04
-1.5240229355458184e-04
-1.5152300684815139e-04
-1.5067051540799251e-04
-1.4980351833571084e-04
-1.4897321326854993e-04
-1.4816211825631500e-04
-1.4736537965254009e-04
-1.4659986890868431e-04
-1.4584032186629523e-04
-1.4509010355270063e-04
-1.4435491598027418e-04
-1.4362496296546176e-04
-1.4292137086046184e-04
-1.4223146049796749e-04
-1.4155377886643442e-04
-1.4089911068904522e-04
-1.4023494120233456e-04
-1.3958289749459835e-04
-1.3895163231614005e-04
-1.3832331206905203e-04
-1.3771425047195195e-04
-1.3712154430275408e-04
-1.3653330398483011e-04
-1.3594574496190803e-04
-1.3536907213016931e-04
-1.3479909853251706e-04
-1.3424571760661645e-04
-1.3370336450546145e-04
-1.3316837302519097e-04
-1.3264847292298405e-04
-1.3212065664344242e-04
-1.3159985348158124e-04
-1.3109318833784967e-04
-1.3059628720243238e-04
-1.3010617740282580e-04
-1.2962906653246308e-04
-1.2916122230700568e-04
-1.2868257608442726e-04
-1.2821630529136937e-04
-1.2776096262103037e-04
-1.2730988833178940e-04
-1.2687032921481639e-04
-1.2644174917966799e-04
-1.2601581196253670e-04
-1.2558545362329089e-04
-1.2516572169655587e-04
-1.2475256575966760e-04
-1.2434688110893541e-04
-1.2395122504083538e-04
-1.2356423405889116e-04
-1.2317936693157671e-04
-1.2279168315359635e-04
-1.2241347785583369e-04
-1.2204095225004777e-04
-1.2167607771433794e-04
-1.2132026751056049e-04
-1.2097281830890730e-04
-1.2062631687550394e-04
-1.2027801105993712e-04
-1.1993845558012239e-04
-1.1960581998447467e-04
-1.1927925404410557e-04
-1.1896116592735752e-04
-1.1865137410412183e-04
-1.1834300736267040e-04
-1.1803256125140436e-04
-1.1773045955037029e-04
-1.1743655803682146e-04
-1.1714881785673951e-04
-1.1686792353369970e-04
-1.1659510327198575e-04
-1.1632431404868546e-04
-1.1605332816621731e-04
-1.1578898220989105e-04
-1.1553276489825646e-04
-1.1528460190392730e-04
-1.1504405234000129e-04
-1.1480939809858381e-04
-1.1457528600344829e-04
-1.1434459982288960e-04
-1.1412209569213483e-04
-1.1390641547179304e-04
-1.1369817121130182e-04
-1.1349819718516746e-04
-1.1330648685743875e-04
-1.1311356916791375e-04
-1.1292527588910271e-04
-1.1274527125313101e-04
-1.1257389823974710e-04
-1.1241119380094322e-04
-1.1225720042826264e-04
0.0000000000000000e+00
1.4021575335178300e+03
3.6295486867788043e+02
7.2925350558628823e+04
];
