%Vec Object:sol 1 MPI processes
%  type: mpi
sol = [
0.0000000000000000e+00
-1.0026975903214420e-03
-9.4797245087159553e-04
-8.5971416201418367e-04
-7.5197660315881522e-04
-6.7046203691687009e-04
-6.0173553282629074e-04
-5.4394604479248918e-04
-4.9062242401924172e-04
-4.4329986472776089e-04
-3.9715045354003000e-04
-3.5126628979085438e-04
-3.0409967932797891e-04
-2.5345343941839246e-04
-2.0387611203777492e-04
-1.5313679629942243e-04
-1.0950621709151030e-04
-6.9561478931515398e-05
2.1933529333788336e-04
-1.8998995801635656e-05
-1.4688638835351197e-05
-1.4882856691844884e-05
-1.7140124830666446e-05
-2.0418274066836096e-05
-2.4227175339582318e-05
-2.8248414969925597e-05
-3.2191492442627444e-05
-3.5863029784578787e-05
-3.9286592141631406e-05
-4.2298767956777814e-05
-4.5069401290292260e-05
-4.7525091369458653e-05
-4.9753123304670906e-05
-5.1816876666793975e-05
-5.3687349536845122e-05
-5.5445463116339496e-05
-5.7100347023012857e-05
-5.8644968547712108e-05
-6.0122697564120871e-05
-6.1538905690066705e-05
-6.2879615493816957e-05
-6.4169816175964543e-05
-6.5411014523193033e-05
-6.6597025760674694e-05
-6.7737272692129354e-05
-6.8830514275107718e-05
-6.9873861135057278e-05
-7.0873101410063165e-05
-7.1828904281228149e-05
-7.2737895629831440e-05
-7.3598775782754411e-05
-7.4418405481488749e-05
-7.5194728748496171e-05
-7.5921604193070514e-05
-7.6605495883928337e-05
-7.7247000930093514e-05
-7.7843201395528719e-05
-7.8392552957695302e-05
-7.8899814916047543e-05
-7.9364485821160666e-05
-7.9780188296673391e-05
-8.0160624759867394e-05
-8.0498775337958740e-05
-8.0791249795973775e-05
-8.1041763540294547e-05
-8.1254615787217582e-05
-8.1427664275891853e-05
-8.1558061726764929e-05
-8.1648329039521000e-05
-8.1702249313370172e-05
-8.1717464454806013e-05
-8.1689451580452756e-05
-8.1629850640745085e-05
-8.1536282478903102e-05
-8.1401614294384825e-05
-8.1230687521229963e-05
-8.1026661017043138e-05
-8.0787109568258571e-05
-8.0510062504561734e-05
-8.0197201692011310e-05
-7.9853268713182682e-05
-7.9475107514038492e-05
-7.9061676776644486e-05
-7.8611641828395332e-05
-7.8128336787788109e-05
-7.7611475002040616e-05
-7.7058037401083742e-05
-7.6467044361386660e-05
-7.5837068904543379e-05
-7.5173092338098749e-05
-7.4470277573734353e-05
-7.3725149508848406e-05
-7.2937190685271402e-05
-7.2106096771282004e-05
-7.1226589229981673e-05
-7.0296197413965010e-05
-6.9312325965474017e-05
-6.8268014306227878e-05
-6.7162614791453049e-05
0.0000000000000000e+00
1.7743619055745935e+03
3.4826716239322246e+02
3.0578347925811478e+04
];
