%Vec Object:sol 1 MPI processes
%  type: mpi
sol = [
0.0000000000000000e+00
-3.4169003138075078e-10
-3.5715552659839636e-10
-3.6635998204722634e-10
-3.7214605344111957e-10
-3.7477192720763869e-10
-3.7441968427484982e-10
-3.7396151065438685e-10
-3.7251799797829893e-10
-3.7067261982831836e-10
-3.6865781113615176e-10
-3.6610317415114259e-10
-3.6351986905698328e-10
-3.6073926754599164e-10
-3.5779595473708785e-10
-3.5480936273624458e-10
-3.5384822015016942e-10
-7.2774190638831701e-10
-2.1510261244684961e-08
-4.0740841665191837e-07
-4.6045550206292741e-06
-2.9016610512970668e-05
-7.4486748705976291e-05
-1.0244441096823343e-04
-1.1546865690729946e-04
-1.2264299649373384e-04
-1.2724917248223370e-04
-1.3038676583382945e-04
-1.3257037045194322e-04
-1.3383405725226214e-04
-1.3449522773505154e-04
-1.3453723621966018e-04
-1.3416869666880752e-04
-1.3343965690769158e-04
-1.3244606553160847e-04
-1.3126044590478002e-04
-1.2991200962958802e-04
-1.2847356128758698e-04
-1.2694839463891862e-04
-1.2536258455209603e-04
-1.2376152934997730e-04
-1.2213214701858643e-04
-1.2046236453675907e-04
-1.1882111596195931e-04
-1.1719003140171892e-04
-1.1550250153884459e-04
-1.1386312830456557e-04
-1.1224309244444820e-04
-1.1062564694818657e-04
-1.0897173395632298e-04
-1.0737572412846411e-04
-1.0578630888913848e-04
-1.0421389802013442e-04
-1.0263472706351853e-04
-1.0104949928346340e-04
-9.9512059898631484e-05
-9.7980954240892325e-05
-9.6450449566188692e-05
-9.4940011136611119e-05
-9.3427309517366854e-05
-9.1913027914765875e-05
-9.0430135431649646e-05
-8.8960641479279677e-05
-8.7494201072426097e-05
-8.6028687141869456e-05
-8.4582110782785503e-05
-8.3144138589904678e-05
-8.1702113876792719e-05
-8.0271422469177769e-05
-7.8854213841660499e-05
-7.7432808648052572e-05
-7.6015399982740759e-05
-7.4611694652905233e-05
-7.3217960750911824e-05
-7.1822786573633420e-05
-7.0426591369800656e-05
-6.9039599310353163e-05
-6.7659267483949985e-05
-6.6277133893043235e-05
-6.4886526742802657e-05
-6.3505002132807422e-05
-6.2129851790062869e-05
-6.0753565745867985e-05
-5.9371973618120734e-05
-5.7992019967450446e-05
-5.6614150521480869e-05
-5.5234929750986134e-05
-5.3852795597156615e-05
-5.2463079828825403e-05
-5.1067019945161764e-05
-4.9658876157558754e-05
-4.8259911633599264e-05
-4.6855596863288832e-05
-4.5446814982653959e-05
-4.4028422624595272e-05
-4.2583810445287800e-05
-4.1139284681064557e-05
-3.9695140327660569e-05
-3.8242582181231409e-05
0.0000000000000000e+00
2.5887742817072008e+03
2.7391259808764653e+02
5.4430204286048020e+03
];
