%Vec Object:sol 1 MPI processes
%  type: mpi
sol = [
0.0000000000000000e+00
-1.6386034278936544e-04
-1.6276644857155377e-04
-1.6169481599213675e-04
-1.6064740202148341e-04
-1.5962527830911950e-04
-1.5860429321609324e-04
-1.5763165356512103e-04
-1.5667773490421212e-04
-1.5574780188418546e-04
-1.5485781136643256e-04
-1.5394727418079776e-04
-1.5307004242498209e-04
-1.5221327405523453e-04
-1.5137193315336239e-04
-1.5056342784865496e-04
-1.4976162510168929e-04
-1.4897723532970950e-04
-1.4820185524222094e-04
-1.4743237186811914e-04
-1.4669058396094613e-04
-1.4596337417720155e-04
-1.4524922811282081e-04
-1.4455926014266096e-04
-1.4385898487660853e-04
-1.4317283559508317e-04
-1.4250850326742015e-04
-1.4184757528344608e-04
-1.4120686867504520e-04
-1.4058337117854098e-04
-1.3995903289511143e-04
-1.3933947156735270e-04
-1.3873388419587411e-04
-1.3813549928245794e-04
-1.3755450103996987e-04
-1.3698513941039201e-04
-1.3642362609474763e-04
-1.3586429832415254e-04
-1.3531053630017658e-04
-1.3476482903216147e-04
-1.3423390838519295e-04
-1.3371326094946225e-04
-1.3319981964323016e-04
-1.3269737129473954e-04
-1.3219056390645191e-04
-1.3169001392819533e-04
-1.3120238437525224e-04
-1.3072617723518598e-04
-1.3025453341144517e-04
-1.2979490319893141e-04
-1.2933749948815994e-04
-1.2887773938772504e-04
-1.2842854486090407e-04
-1.2799041723648738e-04
-1.2755918547929465e-04
-1.2713576592572837e-04
-1.2672285999814321e-04
-1.2630383726186910e-04
-1.2588975464867394e-04
-1.2548586298281476e-04
-1.2509181210430215e-04
-1.2470369313545719e-04
-1.2432352748532782e-04
-1.2394710522843101e-04
-1.2357055485275048e-04
-1.2319900713309931e-04
-1.2283676086668495e-04
-1.2248356610616479e-04
-1.2213753843722620e-04
-1.2179779635159650e-04
-1.2145559387470943e-04
-1.2111955516526093e-04
-1.2079005397243615e-04
-1.2046763452480862e-04
-1.2015381494310206e-04
-1.1984844347152797e-04
-1.1954611850911712e-04
-1.1924107562420721e-04
-1.1894457023934642e-04
-1.1865648580428273e-04
-1.1837536308346456e-04
-1.1810105831587371e-04
-1.1783509599179489e-04
-1.1756841361762008e-04
-1.1730609872887087e-04
-1.1705003333992397e-04
-1.1680243179835041e-04
-1.1656324017565434e-04
-1.1633241835619760e-04
-1.1610607597537638e-04
-1.1587784025791467e-04
-1.1565824870473059e-04
-1.1544729027156092e-04
-1.1524496080044204e-04
-1.1504969442276918e-04
-1.1486288135705349e-04
-1.1467626122238916e-04
-1.1449559084406850e-04
-1.1432396402703752e-04
0.0000000000000000e+00
1.4273199060589559e+03
3.6295486867788043e+02
7.2925350558628823e+04
];
