%Vec Object:sol 1 MPI processes
%  type: mpi
sol = [
0.0000000000000000e+00
-1.8636585974849849e-04
-1.8496423547425590e-04
-1.8359203870914773e-04
-1.8222915582062136e-04
-1.8092635476837907e-04
-1.7962870663887579e-04
-1.7839126941181349e-04
-1.7717898018902587e-04
-1.7596981549404075e-04
-1.7481113420358008e-04
-1.7365585276355128e-04
-1.7254845096352687e-04
-1.7146769639174106e-04
-1.7038292885461289e-04
-1.6933766443384308e-04
-1.6830337021846273e-04
-1.6730140842474028e-04
-1.6633054216534169e-04
-1.6534876175110621e-04
-1.6439693368382646e-04
-1.6346461559449497e-04
-1.6254997653497664e-04
-1.6166571354813601e-04
-1.6077753279721929e-04
-1.5990410537648992e-04
-1.5905802861893712e-04
-1.5821804531228323e-04
-1.5740341165461599e-04
-1.5660055978391002e-04
-1.5579403090440824e-04
-1.5501154830560929e-04
-1.5424690741156329e-04
-1.5349229745560369e-04
-1.5275431500030970e-04
-1.5201614855599256e-04
-1.5128905454484705e-04
-1.5058200405207279e-04
-1.4988874015615339e-04
-1.4920596216585512e-04
-1.4852263855730005e-04
-1.4785274469779954e-04
-1.4719282369309654e-04
-1.4655007747459706e-04
-1.4592083951929204e-04
-1.4528647901488855e-04
-1.4466366761256702e-04
-1.4405534976156073e-04
-1.4345370100571613e-04
-1.4286712265257763e-04
-1.4228697207811485e-04
-1.4170450277483287e-04
-1.4113532825833731e-04
-1.4057996684853103e-04
-1.4003366145962800e-04
-1.3949463157616137e-04
-1.3895528433874771e-04
-1.3842763450465029e-04
-1.3790709258225810e-04
-1.3739914081586447e-04
-1.3690334388710690e-04
-1.3640193628725603e-04
-1.3590872542436745e-04
-1.3542739741496129e-04
-1.3495709132678172e-04
-1.3449334044108932e-04
-1.3403286109533476e-04
-1.3357704592341520e-04
-1.3313042956454476e-04
-1.3269199908166434e-04
-1.3226448803660667e-04
-1.3184442497485548e-04
-1.3142178157743968e-04
-1.3100809046015242e-04
-1.3060501906235459e-04
-1.3021236616886099e-04
-1.2982780440866942e-04
-1.2943981042444122e-04
-1.2906101231773286e-04
-1.2869248967724972e-04
-1.2833258556320599e-04
-1.2798111504733496e-04
-1.2763225480012506e-04
-1.2728817652624946e-04
-1.2695378704948392e-04
-1.2662709257502529e-04
-1.2631053443473955e-04
-1.2600075794312271e-04
-1.2569194488919479e-04
-1.2539175668307612e-04
-1.2510086091704577e-04
-1.2482017601445571e-04
-1.2454967021519102e-04
-1.2427789677236739e-04
-1.2401416429836071e-04
-1.2376053525667741e-04
-1.2351736401833050e-04
-1.2328465819352286e-04
-1.2305476704256896e-04
0.0000000000000000e+00
1.5418745185604641e+03
3.6295486867788043e+02
7.2925350558628823e+04
];
