%Vec Object:sol 1 MPI processes
%  type: mpi
sol = [
0.0000000000000000e+00
-1.7691985856600133e-04
-1.7565267920724618e-04
-1.7439563920701464e-04
-1.7317417754162857e-04
-1.7200725259444567e-04
-1.7084343701948630e-04
-1.6973444511779624e-04
-1.6862201505846389e-04
-1.6753590577308665e-04
-1.6649581121404276e-04
-1.6545749134510497e-04
-1.6446281043172624e-04
-1.6348311156371190e-04
-1.6250475594172388e-04
-1.6156417974653119e-04
-1.6063275316578225e-04
-1.5973063567867879e-04
-1.5885672902240749e-04
-1.5797321943764080e-04
-1.5711443306017716e-04
-1.5627306533259449e-04
-1.5544741858627067e-04
-1.5464952480981822e-04
-1.5386018580135455e-04
-1.5306992211629289e-04
-1.5230467234537051e-04
-1.5154437077965214e-04
-1.5080725179171021e-04
-1.5008998126432374e-04
-1.4937181777065594e-04
-1.4866194410107742e-04
-1.4796827564530349e-04
-1.4728343333816004e-04
-1.4661842029416614e-04
-1.4596695905894278e-04
-1.4531246922870066e-04
-1.4466914105770202e-04
-1.4403831453802185e-04
-1.4341702748666449e-04
-1.4281253087463589e-04
-1.4221990250241337e-04
-1.4161929843032169e-04
-1.4103259635614017e-04
-1.4045824096235992e-04
-1.3989130321219565e-04
-1.3933895314905293e-04
-1.3879701299335262e-04
-1.3824590202441198e-04
-1.3770869707708922e-04
-1.3718475515257884e-04
-1.3666666669796067e-04
-1.3616046719718843e-04
-1.3566039842107398e-04
-1.3515829396294326e-04
-1.3466539064821076e-04
-1.3418448306596386e-04
-1.3371402521629403e-04
-1.3324965281010371e-04
-1.3278710874025623e-04
-1.3232971525824625e-04
-1.3187935279683510e-04
-1.3143817243786233e-04
-1.3100770388032787e-04
-1.3058713840411075e-04
-1.3015986604496157e-04
-1.2974071969283700e-04
-1.2933182646772371e-04
-1.2893114218917207e-04
-1.2853770828535451e-04
-1.2815324321376926e-04
-1.2776537577079884e-04
-1.2738496589835796e-04
-1.2701257944499158e-04
-1.2664982360983832e-04
-1.2629651594684970e-04
-1.2594641771124698e-04
-1.2559491864262153e-04
-1.2525291196766036e-04
-1.2492025504478018e-04
-1.2459536959721448e-04
-1.2427808691413352e-04
-1.2396312596039185e-04
-1.2365147328263423e-04
-1.2334865735790806e-04
-1.2305277220537542e-04
-1.2276616921266237e-04
-1.2248877463356646e-04
-1.2221076233439324e-04
-1.2193798952802345e-04
-1.2167372267772082e-04
-1.2141885166557087e-04
-1.2117335008006716e-04
-1.2093642821569260e-04
-1.2069609324766297e-04
-1.2046508704146853e-04
-1.2024375955376036e-04
-1.2003212705293560e-04
-1.1983021249142892e-04
0.0000000000000000e+00
1.4951121103050887e+03
3.6295486867788043e+02
7.2925350558628823e+04
];
