%Vec Object:sol 1 MPI processes
%  type: mpi
sol = [
0.0000000000000000e+00
-1.6071395585353143e-04
-1.5964310013945944e-04
-1.5859346726595263e-04
-1.5757284094492180e-04
-1.5659825565180271e-04
-1.5562405862417264e-04
-1.5469639039166426e-04
-1.5377666711996365e-04
-1.5286387611870711e-04
-1.5199012928492135e-04
-1.5111602019737564e-04
-1.5027901214318784e-04
-1.4946142950442048e-04
-1.4865836489340068e-04
-1.4787037885599549e-04
-1.4708163547892474e-04
-1.4631760732506868e-04
-1.4557740503609026e-04
-1.4484248150785063e-04
-1.4413418325586499e-04
-1.4343972531809175e-04
-1.4273643268446603e-04
-1.4205613859925747e-04
-1.4138332375854720e-04
-1.4072763046383006e-04
-1.4009289236299049e-04
-1.3946109387099825e-04
-1.3884466531345122e-04
-1.3822865682847578e-04
-1.3761759475886654e-04
-1.3702508264676279e-04
-1.3644590882862757e-04
-1.3587344980379700e-04
-1.3531769469764940e-04
-1.3476533950971514e-04
-1.3420941856698778e-04
-1.3366905237811091e-04
-1.3313893657952933e-04
-1.3261642228654675e-04
-1.3210811807654467e-04
-1.3160960857282465e-04
-1.3110736986961802e-04
-1.3061139102080958e-04
-1.3012574201754656e-04
-1.2964597823961663e-04
-1.2917864283945769e-04
-1.2872227716063904e-04
-1.2827016713670063e-04
-1.2781673954631326e-04
-1.2737100942955009e-04
-1.2692992313021855e-04
-1.2649899731808644e-04
-1.2607873225590769e-04
-1.2566504339079588e-04
-1.2525885553036991e-04
-1.2484780467754433e-04
-1.2444514849386295e-04
-1.2404751965767506e-04
-1.2365972427916640e-04
-1.2328142425442192e-04
-1.2290878702239200e-04
-1.2254165383188812e-04
-1.2217123909223494e-04
-1.2180946666159318e-04
-1.2145246112992815e-04
-1.2110444932944964e-04
-1.2076519163724603e-04
-1.2043284255388566e-04
-1.2010177663055576e-04
-1.1977026319990016e-04
-1.1944729756889107e-04
-1.1913063928366898e-04
-1.1882082731362191e-04
-1.1851935845223250e-04
-1.1822608924957327e-04
-1.1793158510821090e-04
-1.1763830628689514e-04
-1.1735332603229286e-04
-1.1707653369863332e-04
-1.1680649881595780e-04
-1.1654308411378343e-04
-1.1628779615210238e-04
-1.1603047568220730e-04
-1.1577848861049396e-04
-1.1553257826337854e-04
-1.1529492559675584e-04
-1.1506548191702530e-04
-1.1484421201591627e-04
-1.1462875538149040e-04
-1.1440976271853698e-04
-1.1419922482654109e-04
-1.1399713444853724e-04
-1.1380349094614705e-04
-1.1361675718095200e-04
-1.1343830398054552e-04
-1.1326376749804078e-04
-1.1309112460672223e-04
-1.1292735338762156e-04
0.0000000000000000e+00
1.4103422995997944e+03
3.6295486867788043e+02
7.2925350558628823e+04
];
