%Vec Object:sol 1 MPI processes
%  type: mpi
sol = [
0.0000000000000000e+00
-1.5858354563756319e-04
-1.5755583098492061e-04
-1.5654864355835836e-04
-1.5555772490893918e-04
-1.5459619598688919e-04
-1.5363498657968840e-04
-1.5271952076577366e-04
-1.5182135380025771e-04
-1.5094557143931201e-04
-1.5010757017753566e-04
-1.4925330522935532e-04
-1.4842595811354899e-04
-1.4761773023593512e-04
-1.4682379025321668e-04
-1.4606093529285555e-04
-1.4530401572447109e-04
-1.4457089078484615e-04
-1.4384371939995473e-04
-1.4311598133697883e-04
-1.4241449332601922e-04
-1.4172663211834153e-04
-1.4105095106210070e-04
-1.4039819126842524e-04
-1.3975234732342535e-04
-1.3910544624226196e-04
-1.3847574741974853e-04
-1.3784899242307247e-04
-1.3724142628754533e-04
-1.3665015847135880e-04
-1.3606337107829015e-04
-1.3549447618428463e-04
-1.3492115593712430e-04
-1.3435232370599955e-04
-1.3380003133240095e-04
-1.3325873816239783e-04
-1.3272479332792988e-04
-1.3220586630189498e-04
-1.3169671770947583e-04
-1.3117812885729779e-04
-1.3067219845977896e-04
-1.3017601931215885e-04
-1.2968663122776424e-04
-1.2921021824771332e-04
-1.2874372687444758e-04
-1.2828277734301734e-04
-1.2781790200108503e-04
-1.2736297281695948e-04
-1.2691232869581928e-04
-1.2647318648099814e-04
-1.2604501118538826e-04
-1.2562118232398598e-04
-1.2520719249820337e-04
-1.2478823375575030e-04
-1.2437526531931304e-04
-1.2396977104466042e-04
-1.2357429682806486e-04
-1.2318748313396645e-04
-1.2280542491207851e-04
-1.2243296000850873e-04
-1.2205494224858393e-04
-1.2168241680299338e-04
-1.2131754258073535e-04
-1.2096172660830900e-04
-1.2061426733960763e-04
-1.2027134277094588e-04
-1.1993690228347024e-04
-1.1959722010880445e-04
-1.1926441758517406e-04
-1.1893769027494247e-04
-1.1861943707352925e-04
-1.1830947651903777e-04
-1.1800560029605663e-04
-1.1770749386537790e-04
-1.1740508024086698e-04
-1.1711086608545069e-04
-1.1682281918411906e-04
-1.1654162111752571e-04
-1.1626849537835137e-04
-1.1600333856846995e-04
-1.1574295439203772e-04
-1.1547816863574684e-04
-1.1522151146599781e-04
-1.1497290827432428e-04
-1.1473191928195363e-04
-1.1449683274920383e-04
-1.1426980893950136e-04
-1.1404772930681252e-04
-1.1382465595228946e-04
-1.1360841177278997e-04
-1.1339960690693580e-04
-1.1319907345224532e-04
-1.1300680888347731e-04
-1.1282281728850262e-04
-1.1264078405103283e-04
-1.1246009246470242e-04
-1.1228803275798299e-04
-1.1212464050643402e-04
-1.1196995708124490e-04
0.0000000000000000e+00
1.3987151123931442e+03
3.6295486867788043e+02
7.2925350558628823e+04
];
