%Vec Object:sol 1 MPI processes
%  type: mpi
sol = [
0.0000000000000000e+00
-1.5837484771727561e-04
-1.5734867302952610e-04
-1.5634298355007080e-04
-1.5536047666038648e-04
-1.5440027436855607e-04
-1.5344038435044426e-04
-1.5252616059122922e-04
-1.5162920332175255e-04
-1.5075459054752910e-04
-1.4991769576199664e-04
-1.4907138056931339e-04
-1.4824503576914652e-04
-1.4743777850369518e-04
-1.4664478469250301e-04
-1.4588282688401673e-04
-1.4512679330191345e-04
-1.4439451700779150e-04
-1.4367487678567501e-04
-1.4294790033792201e-04
-1.4224713568358022e-04
-1.4155997796455746e-04
-1.4088498245012630e-04
-1.4023287459548754e-04
-1.3958766579617215e-04
-1.3894796977106746e-04
-1.3831881273933442e-04
-1.3769259618581282e-04
-1.3708554310382321e-04
-1.3649476788931314e-04
-1.3590847055409120e-04
-1.3534005933276471e-04
-1.3477361742144864e-04
-1.3420518288514025e-04
-1.3365326922050273e-04
-1.3311234085731219e-04
-1.3257875006211865e-04
-1.3206015450111552e-04
-1.3155134126006948e-04
-1.3103937572852116e-04
-1.3053371552685923e-04
-1.3003779222130142e-04
-1.2954864994900681e-04
-1.2907246444641504e-04
-1.2860618522774145e-04
-1.2814544000376972e-04
-1.2768695687010657e-04
-1.2723218935330616e-04
-1.2678170197757057e-04
-1.2634270411856799e-04
-1.2591466230059214e-04
-1.2549096448054731e-04
-1.2507705682534678e-04
-1.2466429940265506e-04
-1.2425140214418221e-04
-1.2384597617607338e-04
-1.2345056548617911e-04
-1.2306381297302237e-04
-1.2268181877376423e-04
-1.2230933180683480e-04
-1.2193734618525698e-04
-1.2156481151897778e-04
-1.2119993004019312e-04
-1.2084410746113320e-04
-1.2049664328951881e-04
-1.2015372020102065e-04
-1.1981951378219422e-04
-1.1948536047138259e-04
-1.1915248312369234e-04
-1.1882568718430396e-04
-1.1850736881057425e-04
-1.1819734670641573e-04
-1.1789341494906341e-04
-1.1759610892981401e-04
-1.1729843601202327e-04
-1.1700409175597311e-04
-1.1671592154598786e-04
-1.1643460629849850e-04
-1.1616136821579137e-04
-1.1589610420840067e-04
-1.1563740863460587e-04
-1.1537627121155880e-04
-1.1511943850936866e-04
-1.1487066491409159e-04
-1.1462951001860327e-04
-1.1439426272946846e-04
-1.1416707929083152e-04
-1.1394791113442844e-04
-1.1372706050942891e-04
-1.1351059435877665e-04
-1.1330157067448548e-04
-1.1310082237210519e-04
-1.1290834862222073e-04
-1.1272415541281807e-04
-1.1254682974676038e-04
-1.1236640166975802e-04
-1.1219408731991815e-04
-1.1203044871747107e-04
-1.1187552553024195e-04
0.0000000000000000e+00
1.3975763822937720e+03
3.6295486867788043e+02
7.2925350558628823e+04
];
