%Vec Object:sol 1 MPI processes
%  type: mpi
sol = [
0.0000000000000000e+00
-1.3770121908762703e-10
-1.0994209559056283e-03
-1.0078881760424473e-03
-8.8013807445092300e-04
-7.8499400487090350e-04
-7.0469985799047872e-04
-6.3707728307685872e-04
-5.7515425608318279e-04
-5.1982944384621648e-04
-4.6517913237327621e-04
-4.1069327856789391e-04
-3.5494384590370877e-04
-2.9569938808744506e-04
-2.3807791881128241e-04
-1.7933364752010641e-04
-1.2903326690171139e-04
-8.3283048784391344e-05
-4.7430670202732624e-05
3.4757435060437038e-03
2.6847916517801110e-04
-1.2101383928517025e-05
-1.7523697023190056e-05
-2.2948895914338520e-05
-2.8412839929740856e-05
-3.3784452264454118e-05
-3.8879916628525644e-05
-4.3569111629180159e-05
-4.7911853419349196e-05
-5.1778458108005385e-05
-5.5335826207934273e-05
-5.8529135041192917e-05
-6.1442857027671526e-05
-6.4138009110158918e-05
-6.6593058077163824e-05
-6.8884069042749612e-05
-7.1020026561955727e-05
-7.2998269389999614e-05
-7.4859639992827230e-05
-7.6609341819680089e-05
-7.8237850674014333e-05
-7.9769020709994024e-05
-8.1204425115083290e-05
-8.2541747289200675e-05
-8.3790617300980076e-05
-8.4949947896181634e-05
-8.6020616208120669e-05
-8.7009517150131969e-05
-8.7916801645825313e-05
-8.8743679720375214e-05
-8.9490293038200705e-05
-9.0163047328006515e-05
-9.0763734373085371e-05
-9.1288593230744853e-05
-9.1744279319027320e-05
-9.2133941499401465e-05
-9.2457340042749966e-05
-9.2714092839817113e-05
-9.2910221793129737e-05
-9.3048093403129436e-05
-9.3123007809736726e-05
-9.3149313093193487e-05
-9.3122402341271594e-05
-9.3040711937874787e-05
-9.2909090906233686e-05
-9.2732866461159839e-05
-9.2511987264907192e-05
-9.2244673120579938e-05
-9.1934626306573435e-05
-9.1576308167042562e-05
-9.1177989479852110e-05
-9.0737362978372289e-05
-9.0266801473510964e-05
-8.9765058560821372e-05
-8.9226188627634077e-05
-8.8655784052265533e-05
-8.8057824823682500e-05
-8.7430861230592357e-05
-8.6773729860424516e-05
-8.6088720902232840e-05
-8.5381340927083630e-05
-8.4649181907962986e-05
-8.3891941931173210e-05
-8.3108789947846195e-05
-8.2303761663746818e-05
-8.1477097663078707e-05
-8.0626521968572799e-05
-7.9751596771701936e-05
-7.8851341910486612e-05
-7.7931234483736596e-05
-7.6987058015745962e-05
-7.6016179567395321e-05
-7.5018524379101223e-05
-7.3994359587249662e-05
-7.2938976033362583e-05
-7.1850461281448095e-05
-7.0727111727170161e-05
-6.9562778117204522e-05
-6.8357432560301498e-05
0.0000000000000000e+00
1.8575290942310396e+03
3.4291482600793967e+02
2.4500699932797012e+04
];
