%Vec Object:sol 1 MPI processes
%  type: mpi
sol = [
0.0000000000000000e+00
-1.6902252509196943e-04
-1.6786128337634450e-04
-1.6672410246725735e-04
-1.6561874093009118e-04
-1.6453789227986618e-04
-1.6345615574070289e-04
-1.6242541145613626e-04
-1.6141486098645360e-04
-1.6042994410705574e-04
-1.5948716840276413e-04
-1.5852255046551827e-04
-1.5759472024769687e-04
-1.5668873567829076e-04
-1.5579935652025023e-04
-1.5494459256067003e-04
-1.5409733550937783e-04
-1.5325870794086102e-04
-1.5244034101612742e-04
-1.5162858469303450e-04
-1.5084599096285467e-04
-1.5007895238351788e-04
-1.4932588665048389e-04
-1.4858470887266673e-04
-1.4784348866340156e-04
-1.4712120636874726e-04
-1.4642187311372811e-04
-1.4572642882386115e-04
-1.4505225297867933e-04
-1.4438722070126398e-04
-1.4371622737631293e-04
-1.4306550682102390e-04
-1.4242952764692836e-04
-1.4180128189444682e-04
-1.4119128059618473e-04
-1.4058905595772851e-04
-1.3998057733507124e-04
-1.3938906398238692e-04
-1.3880890179776122e-04
-1.3823728305773883e-04
-1.3768114800493501e-04
-1.3713557848775372e-04
-1.3657990240851543e-04
-1.3603883713097877e-04
-1.3550909283627227e-04
-1.3498597757900975e-04
-1.3447635773674040e-04
-1.3397867911067089e-04
-1.3347257685985506e-04
-1.3297562380078088e-04
-1.3249097032826338e-04
-1.3201154574555191e-04
-1.3154313460870593e-04
-1.3108624637854738e-04
-1.3062787005683747e-04
-1.3017056865627377e-04
-1.2972444138365712e-04
-1.2928802185739889e-04
-1.2885714238034606e-04
-1.2843683803354171e-04
-1.2802215777042724e-04
-1.2760325380968936e-04
-1.2719290304156821e-04
-1.2679258217494172e-04
-1.2640152888165418e-04
-1.2601567225309690e-04
-1.2563851142820596e-04
-1.2525736274520137e-04
-1.2488390032136851e-04
-1.2451721229679547e-04
-1.2415982759325823e-04
-1.2381153850450906e-04
-1.2346999083420496e-04
-1.2312435809325972e-04
-1.2278554070068419e-04
-1.2245566415500255e-04
-1.2213256331242253e-04
-1.2181694823196506e-04
-1.2151010134717891e-04
-1.2120385721340985e-04
-1.2089993998552392e-04
-1.2060324087178513e-04
-1.2031531664732823e-04
-1.2003607601502603e-04
-1.1976504188561813e-04
-1.1949515294895558e-04
-1.1922680995858822e-04
-1.1896727436474842e-04
-1.1871649581363202e-04
-1.1847303346678006e-04
-1.1823752186512579e-04
-1.1800783890094095e-04
-1.1777804246039044e-04
-1.1755723371684475e-04
-1.1734379729358227e-04
-1.1713915261646141e-04
-1.1694364822688471e-04
-1.1675600607429855e-04
-1.1656734905641646e-04
0.0000000000000000e+00
1.4546329870507686e+03
3.6295486867788043e+02
7.2925350558628823e+04
];
