%Vec Object:sol 1 MPI processes
%  type: mpi
sol = [
0.0000000000000000e+00
-2.0434226066288729e-10
-2.3176572415587402e-10
-2.3727297945254280e-10
-2.4127124676831967e-10
-3.0494687000796025e-10
-9.4650367198301233e-04
-8.5546341091259030e-04
-7.7247873672687672e-04
-6.9856953552321227e-04
-6.2619665294387072e-04
-5.5502656633201733e-04
-4.8311833779253216e-04
-4.0792452775910567e-04
-3.3589802661758016e-04
-2.6353271370302905e-04
-2.0278050737889585e-04
-1.4942672602011404e-04
-1.1213946920762466e-04
-8.5543745265314784e-05
-7.1183677201660823e-05
-6.4323504098920579e-05
-6.3178046790553092e-05
-6.5061178117774564e-05
-6.8352712816355609e-05
-7.2053093184043296e-05
-7.5499967528122646e-05
-7.8377641181523483e-05
-8.0714087989763262e-05
-8.2329953629316726e-05
-8.3494091877587485e-05
-8.4133739901973040e-05
-8.4420324808764108e-05
-8.4426645673569374e-05
-8.4179283307099346e-05
-8.3774486304710058e-05
-8.3236725220966858e-05
-8.2596082367167157e-05
-8.1886926075353672e-05
-8.1129586508686685e-05
-8.0335033889711305e-05
-7.9516325069961511e-05
-7.8671144003533198e-05
-7.7828237817143122e-05
-7.6986696184303983e-05
-7.6113926192209076e-05
-7.5259423484312890e-05
-7.4413326382137782e-05
-7.3572011228594097e-05
-7.2707834926591982e-05
-7.1870363785426263e-05
-7.1042196362579871e-05
-7.0223630888748275e-05
-6.9397437845410061e-05
-6.8572079494962987e-05
-6.7774715724442825e-05
-6.6980056161631158e-05
-6.6185764473861741e-05
-6.5406486018958643e-05
-6.4627466107526399e-05
-6.3845013193223813e-05
-6.3087941755015579e-05
-6.2340046457767866e-05
-6.1592787933247513e-05
-6.0848289383194210e-05
-6.0119975545336175e-05
-5.9398564868551737e-05
-5.8676195190375011e-05
-5.7962438876345861e-05
-5.7261124449249902e-05
-5.6560297154551027e-05
-5.5860934370416993e-05
-5.5176771279889973e-05
-5.4503608205761352e-05
-5.3829696400781906e-05
-5.3158922023392425e-05
-5.2498898381662449e-05
-5.1846108718525235e-05
-5.1194474338459392e-05
-5.0542161845377735e-05
-4.9901451263221278e-05
-4.9268618931094063e-05
-4.8638700152567858e-05
-4.8009497350251214e-05
-4.7386707238739547e-05
-4.6771118348274482e-05
-4.6158618142254174e-05
-4.5548259623844834e-05
-4.4937946100588782e-05
-4.4332678337042267e-05
-4.3726854989107624e-05
-4.3129250748502609e-05
-4.2533864601885279e-05
-4.1942726952125889e-05
-4.1351981537774260e-05
-4.0753512816245985e-05
-4.0160901714654782e-05
-3.9572431651222442e-05
-3.8987249779976187e-05
0.0000000000000000e+00
2.1308417866655118e+03
3.0149186713813953e+02
8.4856126108566805e+03
];
