%Vec Object:sol 1 MPI processes
%  type: mpi
sol = [
0.0000000000000000e+00
-1.5985230693285922e-04
-1.5881531061449154e-04
-1.5777242683114888e-04
-1.5675724185388364e-04
-1.5578777736644777e-04
-1.5481867505312709e-04
-1.5389578550929159e-04
-1.5299038913792884e-04
-1.5210067939751582e-04
-1.5123094389230232e-04
-1.5036084148283083e-04
-1.4952760623097107e-04
-1.4871367384576700e-04
-1.4791416793683620e-04
-1.4714603519572542e-04
-1.4637182049137711e-04
-1.4561074535328217e-04
-1.4487336067741811e-04
-1.4414122908944566e-04
-1.4343556929482135e-04
-1.4274364478006205e-04
-1.4206399556833326e-04
-1.4139209964796564e-04
-1.4072141126635380e-04
-1.4006776222648219e-04
-1.3943496705361993e-04
-1.3880511661852339e-04
-1.3819459598884442e-04
-1.3760048681688971e-04
-1.3699344402867732e-04
-1.3640235868523696e-04
-1.3582456995518111e-04
-1.3525349026717286e-04
-1.3469905178180381e-04
-1.3415566453743027e-04
-1.3361941076728515e-04
-1.3308004535093356e-04
-1.3255090858489639e-04
-1.3202936733247385e-04
-1.3152199393114291e-04
-1.3102439843362375e-04
-1.3053359759432752e-04
-1.3005347781705782e-04
-1.2956846926125796e-04
-1.2908935258971584e-04
-1.2862263467871188e-04
-1.2816686300714768e-04
-1.2771535206223002e-04
-1.2727537764072543e-04
-1.2684232192435033e-04
-1.2640159969981463e-04
-1.2597102150365872e-04
-1.2555108372069022e-04
-1.2513772076936500e-04
-1.2473183184229949e-04
-1.2433598446872301e-04
-1.2394320331224755e-04
-1.2354568048896763e-04
-1.2315797908111803e-04
-1.2277976363573521e-04
-1.2240722157419277e-04
-1.2204233216201448e-04
-1.2168651442753609e-04
-1.2133199931207570e-04
-1.2097485029219382e-04
-1.2062669398124337e-04
-1.2028729128933256e-04
-1.1995480544684302e-04
-1.1962838354727070e-04
-1.1931044315554207e-04
-1.1899223118911408e-04
-1.1867521994174002e-04
-1.1836506582933964e-04
-1.1806325743626600e-04
-1.1776965052656514e-04
-1.1748219864788673e-04
-1.1720158711122078e-04
-1.1691883346144781e-04
-1.1664149891888709e-04
-1.1637093510315721e-04
-1.1610700590148680e-04
-1.1585120665657515e-04
-1.1560346476228943e-04
-1.1536334464572340e-04
-1.1511700854560330e-04
-1.1487867085967634e-04
-1.1464855124976187e-04
-1.1442661124577340e-04
-1.1421148713435446e-04
-1.1400379301719824e-04
-1.1380190259760723e-04
-1.1359894609344074e-04
-1.1340443888927952e-04
-1.1321685022336263e-04
-1.1303754367658495e-04
-1.1286686238151872e-04
-1.1270484275540955e-04
-1.1254595363832605e-04
0.0000000000000000e+00
1.4056393265879440e+03
3.6295486867788043e+02
7.2925350558628823e+04
];
