%Vec Object:sol 1 MPI processes
%  type: mpi
sol = [
0.0000000000000000e+00
-1.6876078616016570e-04
-1.6760163705097086e-04
-1.6646648996678176e-04
-1.6536308853258843e-04
-1.6429228763240530e-04
-1.6321234191980181e-04
-1.6218328418714166e-04
-1.6117437425040948e-04
-1.6019104188790223e-04
-1.5924976523146736e-04
-1.5829470085573690e-04
-1.5736822940641405e-04
-1.5646355923866674e-04
-1.5557545966082034e-04
-1.5472190905266013e-04
-1.5387584800779426e-04
-1.5304628415831257e-04
-1.5222896107053074e-04
-1.5141823590064500e-04
-1.5063662211975751e-04
-1.4987053648554894e-04
-1.4911839974206603e-04
-1.4838587438568171e-04
-1.4764547425082615e-04
-1.4692398332139106e-04
-1.4622540657057949e-04
-1.4553071625478153e-04
-1.4485726305114310e-04
-1.4420054339554515e-04
-1.4353019065677900e-04
-1.4288008442205085e-04
-1.4224470244888774e-04
-1.4161704805761209e-04
-1.4100761503787308e-04
-1.4041045646298418e-04
-1.3980539369930889e-04
-1.3921430209319714e-04
-1.3863455219809335e-04
-1.3806334083727047e-04
-1.3750759734695755e-04
-1.3696265908076907e-04
-1.3641437198741200e-04
-1.3587356593012929e-04
-1.3534407356488473e-04
-1.3482120992515314e-04
-1.3431183058723779e-04
-1.3381438359660129e-04
-1.3331568695742837e-04
-1.3281891075296831e-04
-1.3233442645629179e-04
-1.3185517396042173e-04
-1.3138692911605451e-04
-1.3093020065760834e-04
-1.3047901269610209e-04
-1.3002182486491467e-04
-1.2957580715320936e-04
-1.2913949517917315e-04
-1.2870872706050946e-04
-1.2828852995744241e-04
-1.2787853475997596e-04
-1.2746196367764557e-04
-1.2705161589475649e-04
-1.2665129572093174e-04
-1.2626024186259807e-04
-1.2587438899013448e-04
-1.2549815190588109e-04
-1.2512278809925025e-04
-1.2474922599107479e-04
-1.2438244043128010e-04
-1.2402495633583949e-04
-1.2367656583210261e-04
-1.2333491734289827e-04
-1.2299583599325396e-04
-1.2265687759018744e-04
-1.2232685881554366e-04
-1.2200361742918813e-04
-1.2168786253327870e-04
-1.2138087496309358e-04
-1.2108102556277399e-04
-1.2077693466581024e-04
-1.2048006626256993e-04
-1.2019197586374481e-04
-1.1991257325343178e-04
-1.1964138306252113e-04
-1.1937659730627304e-04
-1.1910919764404011e-04
-1.1884942578062317e-04
-1.1859841844178215e-04
-1.1835473582760508e-04
-1.1811901086935195e-04
-1.1789210963982471e-04
-1.1766539038282854e-04
-1.1744429470710999e-04
-1.1723057862059817e-04
-1.1702565937402061e-04
-1.1682988481164901e-04
-1.1664328181385825e-04
-1.1645925996568862e-04
0.0000000000000000e+00
1.4532793658665350e+03
3.6295486867788043e+02
7.2925350558628823e+04
];
