%Vec Object:sol 1 MPI processes
%  type: mpi
sol = [
0.0000000000000000e+00
-1.6113536477625575e-04
-1.6006130464553300e-04
-1.5900901587379639e-04
-1.5798584196929794e-04
-1.5700886944042578e-04
-1.5603229591274427e-04
-1.5510235452343495e-04
-1.5416617213694715e-04
-1.5325139481801116e-04
-1.5237578523994254e-04
-1.5149981335305101e-04
-1.5066105879092177e-04
-1.4984178874620290e-04
-1.4903030066913561e-04
-1.4823354913819507e-04
-1.4744341052302500e-04
-1.4667805107845068e-04
-1.4593657619111123e-04
-1.4520038037581248e-04
-1.4449087197394346e-04
-1.4378214591605052e-04
-1.4307710189147120e-04
-1.4239584518680219e-04
-1.4172206328830512e-04
-1.4106542844377019e-04
-1.4042978644726638e-04
-1.3979709440023138e-04
-1.3916623724440991e-04
-1.3854947720037345e-04
-1.3793765281406187e-04
-1.3734440718550495e-04
-1.3676451426952862e-04
-1.3619133234954632e-04
-1.3563290250738754e-04
-1.3506864360308314e-04
-1.3451217427273363e-04
-1.3397127873210034e-04
-1.3344063790966544e-04
-1.3291759583824954e-04
-1.3240878010770048e-04
-1.3190390662202013e-04
-1.3139412100093446e-04
-1.3089778290095746e-04
-1.3041177743192044e-04
-1.2993164746640003e-04
-1.2946395338313989e-04
-1.2900723236945605e-04
-1.2854567417804546e-04
-1.2808836695263773e-04
-1.2764242021530442e-04
-1.2720110244800379e-04
-1.2676994695476655e-04
-1.2634945596089563e-04
-1.2593552072505182e-04
-1.2551721733929035e-04
-1.2510546061000958e-04
-1.2470268973845106e-04
-1.2430493369708712e-04
-1.2391701360053625e-04
-1.2353859271291103e-04
-1.2316597344440346e-04
-1.2278639270529068e-04
-1.2241596059221356e-04
-1.2205417342909196e-04
-1.2169714598314166e-04
-1.2134911593595321e-04
-1.2100984335519516e-04
-1.2067463028267852e-04
-1.2033448495604584e-04
-1.2000307810253512e-04
-1.1968022003716651e-04
-1.1936366484451892e-04
-1.1905395277234496e-04
-1.1875258457878638e-04
-1.1845346271059781e-04
-1.1815333515861019e-04
-1.1786026960836421e-04
-1.1757550356430260e-04
-1.1729892854687073e-04
-1.1702911227978232e-04
-1.1676590365922964e-04
-1.1650173919158942e-04
-1.1624224863455908e-04
-1.1599057314294113e-04
-1.1574497228156854e-04
-1.1550763165125049e-04
-1.1527850169013841e-04
-1.1505723401984588e-04
-1.1483107232169578e-04
-1.1461249482667695e-04
-1.1440237093516963e-04
-1.1420069375216777e-04
-1.1400746335706391e-04
-1.1382114009222103e-04
-1.1363878089208885e-04
-1.1345782000870068e-04
-1.1328569353058699e-04
-1.1312243921231099e-04
0.0000000000000000e+00
1.4127186623981331e+03
3.6295486867788043e+02
7.2925350558628823e+04
];
