%Vec Object:sol 1 MPI processes
%  type: mpi
sol = [
0.0000000000000000e+00
-1.7364439991771871e-04
-1.7241803605838973e-04
-1.7121749262855222e-04
-1.7005076264674807e-04
-1.6893398843569377e-04
-1.6779348690568573e-04
-1.6670648974046869e-04
-1.6564112767383489e-04
-1.6460299545598074e-04
-1.6360909422415409e-04
-1.6260750810406912e-04
-1.6163059625062004e-04
-1.6067687202102034e-04
-1.5974090731264717e-04
-1.5884125246744729e-04
-1.5794991412776518e-04
-1.5707392837985122e-04
-1.5621375337275512e-04
-1.5536091235727957e-04
-1.5453863576978644e-04
-1.5373287039551389e-04
-1.5294197067757453e-04
-1.5216248924708033e-04
-1.5138501083975442e-04
-1.5062746057977277e-04
-1.4989394845051407e-04
-1.4916482845473829e-04
-1.4845798543244135e-04
-1.4775342616365580e-04
-1.4705095461876226e-04
-1.4636968832748611e-04
-1.4570391793574221e-04
-1.4504642139728056e-04
-1.4440802554934704e-04
-1.4376499232563844e-04
-1.4312912926739771e-04
-1.4251098814422041e-04
-1.4190478217445792e-04
-1.4130761543243770e-04
-1.4072658943043548e-04
-1.4013917959545985e-04
-1.3955958226566080e-04
-1.3899521624327683e-04
-1.3844268919121512e-04
-1.3789717132378551e-04
-1.3736526573300187e-04
-1.3682896349091709e-04
-1.3629820204537663e-04
-1.3578085005806352e-04
-1.3527628615167553e-04
-1.3477724222532727e-04
-1.3428840626486738e-04
-1.3379648908153476e-04
-1.3331245593043873e-04
-1.3283725666627397e-04
-1.3237364401186576e-04
-1.3192010672692393e-04
-1.3147049357519914e-04
-1.3101829756729497e-04
-1.3057698866629952e-04
-1.3014241863319674e-04
-1.2971670702491712e-04
-1.2930136371289464e-04
-1.2889319986103464e-04
-1.2847823115131213e-04
-1.2807348277671127e-04
-1.2767867349514653e-04
-1.2729179905501093e-04
-1.2691192164340472e-04
-1.2653871161919200e-04
-1.2616389679659946e-04
-1.2579629778300031e-04
-1.2543647548549463e-04
-1.2508601559892929e-04
-1.2474474369395154e-04
-1.2440695457885327e-04
-1.2406709099555840e-04
-1.2373647215052904e-04
-1.2341496215398238e-04
-1.2310101232023649e-04
-1.2279446028428358e-04
-1.2249273919162762e-04
-1.2219139172750770e-04
-1.2189866880760083e-04
-1.2161269833539705e-04
-1.2133579842143836e-04
-1.2106790063100601e-04
-1.2080394726842038e-04
-1.2054029562040467e-04
-1.2028496619795815e-04
-1.2003883848633363e-04
-1.1980188999575917e-04
-1.1957410565269909e-04
-1.1934774742022713e-04
-1.1912470314773113e-04
-1.1891115800401468e-04
-1.1870713142523383e-04
-1.1851264933587881e-04
0.0000000000000000e+00
1.4785904288187883e+03
3.6295486867788043e+02
7.2925350558628823e+04
];
