%Vec Object:sol 1 MPI processes
%  type: mpi
sol = [
0.0000000000000000e+00
-1.5942620490387138e-04
-1.5839228512151018e-04
-1.5736665295567730e-04
-1.5635426711632110e-04
-1.5538744283362868e-04
-1.5442096574150868e-04
-1.5350054309326935e-04
-1.5259754806018773e-04
-1.5171709782847318e-04
-1.5085654002310630e-04
-1.4998849084651753e-04
-1.4915719402734261e-04
-1.4834514078235239e-04
-1.4754747042639607e-04
-1.4678107984578655e-04
-1.4602064266712597e-04
-1.4526277000172428e-04
-1.4452681754402875e-04
-1.4379610897643266e-04
-1.4309180045127100e-04
-1.4240119290730193e-04
-1.4172283019197153e-04
-1.4106563791750149e-04
-1.4039607239635116e-04
-1.3974350507508203e-04
-1.3911173924225330e-04
-1.3848291581899480e-04
-1.3787337182484920e-04
-1.3728020025275401e-04
-1.3668729231456020e-04
-1.3609701303291726e-04
-1.3552000129945385e-04
-1.3494968902100322e-04
-1.3439598193722404e-04
-1.3385330624596375e-04
-1.3331798937584732e-04
-1.3279192667517312e-04
-1.3226330825329881e-04
-1.3174227889507984e-04
-1.3123539333879909e-04
-1.3073827361548214e-04
-1.3024794460392722e-04
-1.2977062343126944e-04
-1.2929629045409105e-04
-1.2881747869734946e-04
-1.2835105090681196e-04
-1.2789555843365915e-04
-1.2744433330504366e-04
-1.2700463217593595e-04
-1.2657591858035005e-04
-1.2614369746606610e-04
-1.2571324942706573e-04
-1.2529343484125446e-04
-1.2488019834262979e-04
-1.2447443662021060e-04
-1.2407871050493349e-04
-1.2369165503494839e-04
-1.2330069812870878e-04
-1.2291299148395470e-04
-1.2253476901167573e-04
-1.2216222733800586e-04
-1.2179734039263906e-04
-1.2144152313630889e-04
-1.2109407001269935e-04
-1.2074165988960618e-04
-1.2039338789126000e-04
-1.2005386973250304e-04
-1.1972127287240096e-04
-1.1939474615065393e-04
-1.1907670096642677e-04
-1.1876696466526582e-04
-1.1845284490651647e-04
-1.1814248516336289e-04
-1.1784047380291788e-04
-1.1754666717418997e-04
-1.1725902524471869e-04
-1.1697823495589724e-04
-1.1670550834573825e-04
-1.1642912808061491e-04
-1.1615826482558718e-04
-1.1589404536309067e-04
-1.1563795831638751e-04
-1.1538992777518738e-04
-1.1514951118229070e-04
-1.1491415424065712e-04
-1.1467546291306400e-04
-1.1444498742799835e-04
-1.1422269081153481e-04
-1.1400721321300633e-04
-1.1379916768539892e-04
-1.1359939026927303e-04
-1.1340465372977139e-04
-1.1320969254016450e-04
-1.1302165562148327e-04
-1.1284190325695372e-04
-1.1267077749462588e-04
-1.1250831433109223e-04
-1.1235455605140841e-04
0.0000000000000000e+00
1.4033137826793477e+03
3.6295486867788043e+02
7.2925350558628823e+04
];
