%Vec Object:sol 1 MPI processes
%  type: mpi
sol = [
0.0000000000000000e+00
-1.6798265796697822e-04
-1.6682979714710512e-04
-1.6570076562552504e-04
-1.6460326441969839e-04
-1.6355519976666134e-04
-1.6248782758145302e-04
-1.6146381839094684e-04
-1.6045982663095133e-04
-1.5948125316969471e-04
-1.5854448942341807e-04
-1.5760798774224947e-04
-1.5669550648142282e-04
-1.5579477218027185e-04
-1.5491051424298320e-04
-1.5406061771176553e-04
-1.5321816795490714e-04
-1.5240219952815032e-04
-1.5160146802185992e-04
-1.5079383240498322e-04
-1.5001516334708372e-04
-1.4925194864250026e-04
-1.4850261730341345e-04
-1.4777857332402044e-04
-1.4705799183330402e-04
-1.4633885255764135e-04
-1.4564252734431974e-04
-1.4495008394248767e-04
-1.4427878758481796e-04
-1.4362552651162448e-04
-1.4297774355768737e-04
-1.4233005230655026e-04
-1.4169635118977195e-04
-1.4107036292775176e-04
-1.4046252955547805e-04
-1.3986693392792948e-04
-1.3927967783550465e-04
-1.3869580043651629e-04
-1.3811729286641744e-04
-1.3754730679089045e-04
-1.3699273852445115e-04
-1.3644894704608276e-04
-1.3591277862607163e-04
-1.3538367214903081e-04
-1.3485503899291244e-04
-1.3433303062235431e-04
-1.3382447102887066e-04
-1.3332781518190533e-04
-1.3283602481884308e-04
-1.3235509351014588e-04
-1.3187114810534199e-04
-1.3139244083001114e-04
-1.3092472120151556e-04
-1.3046849514413268e-04
-1.3001948218717248e-04
-1.2957861531897837e-04
-1.2913614096496913e-04
-1.2870003785936626e-04
-1.2826948565977615e-04
-1.2784948947988211e-04
-1.2743968516253001e-04
-1.2703606540594305e-04
-1.2663349178486833e-04
-1.2623316390910589e-04
-1.2584209659187491e-04
-1.2545624131670569e-04
-1.2507999385117519e-04
-1.2471309384307072e-04
-1.2435103159827820e-04
-1.2398406115892777e-04
-1.2362639109051666e-04
-1.2327781433787492e-04
-1.2293598891766129e-04
-1.2260146773723386e-04
-1.2227579744902858e-04
-1.2194685880391257e-04
-1.2162322572400414e-04
-1.2130708744170556e-04
-1.2099971881881370e-04
-1.2070099701129631e-04
-1.2040942642770724e-04
-1.2011695353138607e-04
-1.1982827577246342e-04
-1.1954828541115161e-04
-1.1927650695238975e-04
-1.1901112879226253e-04
-1.1875441070922427e-04
-1.1850181708202660e-04
-1.1825007245522554e-04
-1.1800565671515001e-04
-1.1776920035107779e-04
-1.1754156592974563e-04
-1.1732273922316785e-04
-1.1711102916267728e-04
-1.1689643684747562e-04
-1.1669064355243118e-04
-1.1649399539112155e-04
-1.1630651870443044e-04
-1.1612824604966476e-04
0.0000000000000000e+00
1.4492554802797038e+03
3.6295486867788043e+02
7.2925350558628823e+04
];
