%Vec Object:sol 1 MPI processes
%  type: mpi
sol = [
0.0000000000000000e+00
-1.9076713973634424e-04
-1.8927927555816869e-04
-1.8782375723476303e-04
-1.8640417100790295e-04
-1.8502102132209633e-04
-1.8364407374991335e-04
-1.8232994914625577e-04
-1.8104271349621135e-04
-1.7977857806234114e-04
-1.7854797193413643e-04
-1.7732160595484162e-04
-1.7614516406852236e-04
-1.7499675105432771e-04
-1.7385760169226724e-04
-1.7274727189710829e-04
-1.7164883548965949e-04
-1.7058419820408375e-04
-1.6955205624962020e-04
-1.6851593938426015e-04
-1.6750480829656595e-04
-1.6651423115821655e-04
-1.6554231687353186e-04
-1.6460205395638807e-04
-1.6365972377098333e-04
-1.6273196001170820e-04
-1.6183269634177341e-04
-1.6094015823979197e-04
-1.6007404297343662e-04
-1.5921737879807994e-04
-1.5836090992310536e-04
-1.5752949127898489e-04
-1.5671676416293781e-04
-1.5591473729870332e-04
-1.5512318169245780e-04
-1.5433928604194328e-04
-1.5356713479929552e-04
-1.5281588091183146e-04
-1.5207912742436000e-04
-1.5134326521863207e-04
-1.5061789656952050e-04
-1.4990673644404772e-04
-1.4920616827177052e-04
-1.4852353168354115e-04
-1.4784662633904861e-04
-1.4716913330864358e-04
-1.4650862072803443e-04
-1.4586329002547833e-04
-1.4522517098269924e-04
-1.4459649958476818e-04
-1.4397221224379385e-04
-1.4335544753116145e-04
-1.4275263483171951e-04
-1.4216429998442149e-04
-1.4158154148400409e-04
-1.4099735759357763e-04
-1.4042716507916769e-04
-1.3986929592362698e-04
-1.3931908833090428e-04
-1.3878036818923710e-04
-1.3824081509488750e-04
-1.3770989380299599e-04
-1.3718988195151596e-04
-1.3668239272622801e-04
-1.3618666390290607e-04
-1.3568369578346103e-04
-1.3519256909949246e-04
-1.3471343668689152e-04
-1.3424412570852554e-04
-1.3378347812676428e-04
-1.3332337916344191e-04
-1.3287187155642928e-04
-1.3242935150674070e-04
-1.3199640528730513e-04
-1.3157472106997803e-04
-1.3115569521085328e-04
-1.3074047558536543e-04
-1.3033494706931375e-04
-1.2994049789233301e-04
-1.2955697032160046e-04
-1.2917694173325222e-04
-1.2879897608383722e-04
-1.2843201610480319e-04
-1.2807594049710501e-04
-1.2773020556311679e-04
-1.2738950750901295e-04
-1.2705059733536761e-04
-1.2672262884354290e-04
-1.2640552768531179e-04
-1.2609769916581260e-04
-1.2579877832535487e-04
-1.2549987990298137e-04
-1.2521203804250261e-04
-1.2493522115423648e-04
-1.2466764883164186e-04
-1.2441084135886142e-04
-1.2415453129380668e-04
-1.2390858533856537e-04
-1.2367399214032953e-04
0.0000000000000000e+00
1.5631445022337173e+03
3.6295486867788043e+02
7.2925350558628823e+04
];
