%Vec Object:sol 1 MPI processes
%  type: mpi
sol = [
0.0000000000000000e+00
-1.7437202977803444e-10
-1.9700056837504582e-10
-4.4043210289411279e-09
-1.0312449233443922e-03
-9.2003113608703701e-04
-8.2608562612753432e-04
-7.4667724532551279e-04
-6.7418415288842900e-04
-6.0953253106597351e-04
-5.4598839049674797e-04
-4.8313586654316490e-04
-4.1931457556629417e-04
-3.5218112882591529e-04
-2.8756864469360377e-04
-2.2240511833592589e-04
-1.6753909356405185e-04
-1.1926362516020273e-04
-8.5512234370058656e-05
-6.1452410726477156e-05
-4.8537502549833135e-05
-4.2480538603302081e-05
-4.1649880278945820e-05
-4.3618088008761819e-05
-4.6891499349242615e-05
-5.0557392174544776e-05
-5.4004390266669879e-05
-5.6934725710656994e-05
-5.9385837930243436e-05
-6.1163019368294468e-05
-6.2539042698361250e-05
-6.3425853828581795e-05
-6.3982068023764340e-05
-6.4290604944617047e-05
-6.4349786292891559e-05
-6.4265677033759102e-05
-6.4060814026737083e-05
-6.3747722278203011e-05
-6.3373521399853405e-05
-6.2956160321789195e-05
-6.2492437990630686e-05
-6.2006115760232159e-05
-6.1498844193412711e-05
-6.0982811148276219e-05
-6.0464219555616013e-05
-5.9924377283310277e-05
-5.9390060317227801e-05
-5.8859097833850145e-05
-5.8333146005287523e-05
-5.7789117106989570e-05
-5.7258030189260047e-05
-5.6736249560933090e-05
-5.6219743945270430e-05
-5.5693749547569449e-05
-5.5169691850949868e-05
-5.4663548806959257e-05
-5.4156391591571535e-05
-5.3646988520741521e-05
-5.3147721181462582e-05
-5.2646609860555540e-05
-5.2137786846849347e-05
-5.1648087621242934e-05
-5.1161650580231215e-05
-5.0670253391906512e-05
-5.0177372407378296e-05
-4.9694221755877145e-05
-4.9211524860815000e-05
-4.8722901135852304e-05
-4.8235202578892349e-05
-4.7752617046844101e-05
-4.7265056352752735e-05
-4.6770065376530118e-05
-4.6282955641780107e-05
-4.5799017229213681e-05
-4.5305813103600340e-05
-4.4808464446625522e-05
-4.4313509850581520e-05
-4.3816855222318970e-05
-4.3313153730253066e-05
-4.2802466307935422e-05
-4.2295466227062573e-05
-4.1788128993564366e-05
-4.1276740463284786e-05
-4.0760161485459956e-05
-4.0244654887982273e-05
-3.9732119033109566e-05
-3.9219220482423753e-05
-3.8706590490950548e-05
-3.8194455239408006e-05
-3.7692239992750944e-05
-3.7196384350512125e-05
-3.6713902329955864e-05
-3.6245454687369051e-05
-3.5797851998027369e-05
-3.5371386860159200e-05
-3.4966119888597155e-05
-3.4596820017998090e-05
-3.4266168083331609e-05
1.3515228015465474e-03
0.0000000000000000e+00
1.9926060997031304e+03
3.1641655489340332e+02
1.1455802432419834e+04
];
