%Vec Object:sol 1 MPI processes
%  type: mpi
sol = [
0.0000000000000000e+00
-1.8870556000352283e-04
-1.8724460511375762e-04
-1.8581557815748457e-04
-1.8442724417956717e-04
-1.8309998573694760e-04
-1.8177030610700432e-04
-1.8047997370591138e-04
-1.7921623258007537e-04
-1.7798518170493067e-04
-1.7680543957471572e-04
-1.7562040823486586e-04
-1.7446534262541643e-04
-1.7333802343539117e-04
-1.7223239738026574e-04
-1.7116877708361723e-04
-1.7010782460175907e-04
-1.6906261046669856e-04
-1.6804957549053950e-04
-1.6704635278967813e-04
-1.6607837222578536e-04
-1.6512294628924829e-04
-1.6416880548924406e-04
-1.6324602332207959e-04
-1.6233506621890628e-04
-1.6144734080883910e-04
-1.6058199091170225e-04
-1.5970576150081385e-04
-1.5885572535662105e-04
-1.5802825082368869e-04
-1.5720902704664463e-04
-1.5641115148095060e-04
-1.5561327769857150e-04
-1.5482603171562028e-04
-1.5406112589986450e-04
-1.5331181479201960e-04
-1.5257331114381254e-04
-1.5183564839685884e-04
-1.5111234736493078e-04
-1.5040024584196058e-04
-1.4970703623073194e-04
-1.4902745108210871e-04
-1.4834164854557339e-04
-1.4767114953762836e-04
-1.4701470429474801e-04
-1.4636705416725822e-04
-1.4573579906357440e-04
-1.4510674582720321e-04
-1.4447947144860128e-04
-1.4386780427158414e-04
-1.4327103926940678e-04
-1.4268130153893539e-04
-1.4209634392510997e-04
-1.4151746002371239e-04
-1.4094808520377549e-04
-1.4038922485477015e-04
-1.3984382254250344e-04
-1.3930525690197918e-04
-1.3876311709236578e-04
-1.3823403739350650e-04
-1.3771757608561428e-04
-1.3720925505904396e-04
-1.3670989327034969e-04
-1.3620897161767861e-04
-1.3571951501136588e-04
-1.3523701400388404e-04
-1.3476630783143932e-04
-1.3430706623946700e-04
-1.3384466996274204e-04
-1.3338893006354505e-04
-1.3294453831463399e-04
-1.3251124195091672e-04
-1.3208643417710370e-04
-1.3166198558402172e-04
-1.3124345739209983e-04
-1.3083576507366882e-04
-1.3043651484039742e-04
-1.3004646679825503e-04
-1.2966180891155340e-04
-1.2927972338555696e-04
-1.2890665401608397e-04
-1.2854241367753547e-04
-1.2818868594824487e-04
-1.2784341041810159e-04
-1.2749734453363962e-04
-1.2715936449738023e-04
-1.2683192902725911e-04
-1.2651495176315658e-04
-1.2620832680109505e-04
-1.2589933689850308e-04
-1.2559896843257937e-04
-1.2530921242157980e-04
-1.2503002745588860e-04
-1.2476137992002757e-04
-1.2449336360241073e-04
-1.2423211318368893e-04
-1.2398170878366493e-04
-1.2374215576589032e-04
-1.2351346646874919e-04
0.0000000000000000e+00
1.5531804260940387e+03
3.6295486867788043e+02
7.2925350558628823e+04
];
