%Vec Object:sol 1 MPI processes
%  type: mpi
sol = [
0.0000000000000000e+00
-1.9446090540219482e-04
-1.9287687865500114e-04
-1.9132704807300554e-04
-1.8982047407210720e-04
-1.8837822951175628e-04
-1.8691901652263972e-04
-1.8551756574071407e-04
-1.8414450312756117e-04
-1.8280611561605363e-04
-1.8151917469631765e-04
-1.8021074728481683e-04
-1.7895411844014996e-04
-1.7772687121251198e-04
-1.7652272128904973e-04
-1.7535307135638678e-04
-1.7417898778000494e-04
-1.7304007217679290e-04
-1.7193495773756433e-04
-1.7084055028973450e-04
-1.6976852746840570e-04
-1.6870774732242081e-04
-1.6766659902111360e-04
-1.6665828360141726e-04
-1.6566267749961185e-04
-1.6467366185004455e-04
-1.6370895435949251e-04
-1.6275167071768247e-04
-1.6182182206371263e-04
-1.6091565382506332e-04
-1.5999862906718220e-04
-1.5910589871652279e-04
-1.5823270874478832e-04
-1.5737094355410393e-04
-1.5653193396826401e-04
-1.5568996492397203e-04
-1.5486047438393252e-04
-1.5405273279785504e-04
-1.5326025103795614e-04
-1.5247768851275539e-04
-1.5169819174773073e-04
-1.5093365949369860e-04
-1.5018043232476114e-04
-1.4944593363853471e-04
-1.4872360167894058e-04
-1.4799583630311801e-04
-1.4728584371807813e-04
-1.4659180631375628e-04
-1.4590567798875123e-04
-1.4523323246050596e-04
-1.4456269273665530e-04
-1.4390039724677833e-04
-1.4325283749363693e-04
-1.4262054725307393e-04
-1.4199615266807255e-04
-1.4136978229442322e-04
-1.4075821099901692e-04
-1.4015976414790912e-04
-1.3956975562951486e-04
-1.3899202356596198e-04
-1.3841459434907577e-04
-1.3784660701713454e-04
-1.3729036110730485e-04
-1.3674748580185160e-04
-1.3621631851994033e-04
-1.3567954029739454e-04
-1.3515595006363717e-04
-1.3464523454588146e-04
-1.3414521838245891e-04
-1.3365489081184002e-04
-1.3316363863342368e-04
-1.3268454516912956e-04
-1.3221535767297019e-04
-1.3175668006005134e-04
-1.3131021972205448e-04
-1.3086426826128332e-04
-1.3042654836609236e-04
-1.2999949954243170e-04
-1.2958452311448337e-04
-1.2918147133929330e-04
-1.2877903163654094e-04
-1.2838391644982091e-04
-1.2800083628062715e-04
-1.2762967880988445e-04
-1.2726990852157281e-04
-1.2691168165123942e-04
-1.2656119852350259e-04
-1.2622272494009986e-04
-1.2589619418243791e-04
-1.2558001842324538e-04
-1.2526873868980729e-04
-1.2496401776182403e-04
-1.2467144895512920e-04
-1.2439100554428366e-04
-1.2412091162236009e-04
-1.2385808166459489e-04
-1.2360090922178529e-04
-1.2335618926798508e-04
-1.2312393615286345e-04
0.0000000000000000e+00
1.5807049261598982e+03
3.6295486867788043e+02
7.2925350558628823e+04
];
