%Vec Object:sol 1 MPI processes
%  type: mpi
sol = [
0.0000000000000000e+00
-1.8990891760457419e-04
-1.8843352451901172e-04
-1.8699026447223952e-04
-1.8558797461823987e-04
-1.8423496042689158e-04
-1.8286936510693354e-04
-1.8156623474943945e-04
-1.8028983708544871e-04
-1.7904632023284836e-04
-1.7783949746442602e-04
-1.7662323061923730e-04
-1.7545662779252911e-04
-1.7431791022556379e-04
-1.7320098204738610e-04
-1.7211031602360749e-04
-1.7102094262114146e-04
-1.6996520820530061e-04
-1.6894181744154382e-04
-1.6792824817864498e-04
-1.6693428103375360e-04
-1.6595189781325027e-04
-1.6498809846009143e-04
-1.6405581310706077e-04
-1.6313537972792707e-04
-1.6222346681969696e-04
-1.6133164798874913e-04
-1.6044653110949291e-04
-1.5958772878089939e-04
-1.5875158827772013e-04
-1.5791051623068999e-04
-1.5708591558204684e-04
-1.5627993350398855e-04
-1.5548460850378241e-04
-1.5471172536806756e-04
-1.5394335166351783e-04
-1.5317742975274324e-04
-1.5243232341180990e-04
-1.5170165752397075e-04
-1.5098223627662042e-04
-1.5027298027886946e-04
-1.4956745001990697e-04
-1.4887246321782473e-04
-1.4819533274917630e-04
-1.4753232581503554e-04
-1.4687185041011610e-04
-1.4621639153804356e-04
-1.4557604659499432e-04
-1.4494286766998998e-04
-1.4432538085450031e-04
-1.4371918311385849e-04
-1.4310689911215839e-04
-1.4250849810749095e-04
-1.4192450236338739e-04
-1.4135008428461877e-04
-1.4078521111352438e-04
-1.4021889936543879e-04
-1.3966484143533347e-04
-1.3911838471110025e-04
-1.3858508482476192e-04
-1.3806447827462918e-04
-1.3753837848639127e-04
-1.3702148391219019e-04
-1.3651702761814251e-04
-1.3602413743097044e-04
-1.3553829058397264e-04
-1.3505389280166850e-04
-1.3457718006409941e-04
-1.3411018763916641e-04
-1.3365189122889693e-04
-1.3320505708377058e-04
-1.3276212466773263e-04
-1.3232133488189448e-04
-1.3189001681883095e-04
-1.3146985699867946e-04
-1.3106065185991176e-04
-1.3065566563161965e-04
-1.3025112214923616e-04
-1.2985755149059786e-04
-1.2947479373377188e-04
-1.2910117680191402e-04
-1.2873495680568810e-04
-1.2836821747558668e-04
-1.2801225176491026e-04
-1.2766651531073237e-04
-1.2732899694743141e-04
-1.2700219671376385e-04
-1.2667457762062138e-04
-1.2635673435769203e-04
-1.2604804825734099e-04
-1.2574919276551420e-04
-1.2546109465024535e-04
-1.2517510516466785e-04
-1.2489666546064833e-04
-1.2462733942975414e-04
-1.2436865568566009e-04
-1.2412097251362638e-04
-1.2387810737210782e-04
-1.2364103517097490e-04
0.0000000000000000e+00
1.5590906412482530e+03
3.6295486867788043e+02
7.2925350558628823e+04
];
