%Vec Object:sol 1 MPI processes
%  type: mpi
sol = [
0.0000000000000000e+00
-1.8831020035745384e-04
-1.8686078941004066e-04
-1.8543639813202155e-04
-1.8405258429377927e-04
-1.8272968138451963e-04
-1.8141204659605559e-04
-1.8012941332750437e-04
-1.7886964585815722e-04
-1.7764249046093507e-04
-1.7646652182274643e-04
-1.7529400867250831e-04
-1.7414488096317388e-04
-1.7302102092816050e-04
-1.7191881389273830e-04
-1.7085852555834247e-04
-1.6980932633384145e-04
-1.6876975140313897e-04
-1.6775976626460932e-04
-1.6675958813188859e-04
-1.6579458899193439e-04
-1.6484929504256404e-04
-1.6390151229807060e-04
-1.6298145605325281e-04
-1.6207321740903174e-04
-1.6118817752805016e-04
-1.6033074866327561e-04
-1.5946228997842574e-04
-1.5861470618448828e-04
-1.5778965356347616e-04
-1.5697284953747237e-04
-1.5618030031240283e-04
-1.5539204694619874e-04
-1.5460699785634123e-04
-1.5384425767854025e-04
-1.5309709308060213e-04
-1.5236107104803453e-04
-1.5163517402521452e-04
-1.5091380921152707e-04
-1.5020363333034115e-04
-1.4951232444337966e-04
-1.4883462221134143e-04
-1.4816053448595554e-04
-1.4749178273885645e-04
-1.4683706838357824e-04
-1.4619114030970873e-04
-1.4556158326206381e-04
-1.4494384425615568e-04
-1.4431815088042715e-04
-1.4370804464073811e-04
-1.4311282211214866e-04
-1.4252462215709707e-04
-1.4194983296146195e-04
-1.4137307562583004e-04
-1.4080503655457407e-04
-1.4024750051001673e-04
-1.3970340345751281e-04
-1.3917109372691314e-04
-1.3863436069043602e-04
-1.3810638434659842e-04
-1.3759100274957683e-04
-1.3708374237858748e-04
-1.3658686322130887e-04
-1.3609444041359282e-04
-1.3560582432364316e-04
-1.3512414438898040e-04
-1.3465423366765931e-04
-1.3419577388570024e-04
-1.3374290874162566e-04
-1.3328780033386662e-04
-1.3284401331786991e-04
-1.3241129244076846e-04
-1.3198703234749301e-04
-1.3157165836951437e-04
-1.3115360289201985e-04
-1.3074628213011305e-04
-1.3034737408750680e-04
-1.2995763669828458e-04
-1.2957845026217437e-04
-1.2919974927729443e-04
-1.2882675690195630e-04
-1.2846255995487037e-04
-1.2810883850894228e-04
-1.2776547259554368e-04
-1.2742559497218395e-04
-1.2708737598845566e-04
-1.2675965795194631e-04
-1.2644235114350928e-04
-1.2613538198637253e-04
-1.2583408900508907e-04
-1.2553321979033724e-04
-1.2524291396427310e-04
-1.2496313170885255e-04
-1.2469384141685291e-04
-1.2443306644766968e-04
-1.2417106721732065e-04
-1.2391982080079512e-04
-1.2367938165481896e-04
-1.2344976148915949e-04
0.0000000000000000e+00
1.5512496733817936e+03
3.6295486867788043e+02
7.2925350558628823e+04
];
