%Vec Object:sol 1 MPI processes
%  type: mpi
sol = [
0.0000000000000000e+00
-1.9546274137635734e-04
-1.9385880035307913e-04
-1.9228917933867179e-04
-1.9076299934966509e-04
-1.8928070099595242e-04
-1.8779496849837725e-04
-1.8637476223906093e-04
-1.8498301874595013e-04
-1.8362482722101959e-04
-1.8229322761699384e-04
-1.8096671144982542e-04
-1.7969220171938155e-04
-1.7844715315116054e-04
-1.7721530529256498e-04
-1.7601112040400974e-04
-1.7481977111066831e-04
-1.7366370285913077e-04
-1.7254154383931916e-04
-1.7141387578991952e-04
-1.7031494486275609e-04
-1.6923763881561082e-04
-1.6818000993201653e-04
-1.6715526792253056e-04
-1.6612279141190464e-04
-1.6511257153185345e-04
-1.6413202804691578e-04
-1.6315892012414804e-04
-1.6221175739816184e-04
-1.6126823235020681e-04
-1.6033431731469087e-04
-1.5942650954096078e-04
-1.5853832049431789e-04
-1.5765698302525207e-04
-1.5678350087602831e-04
-1.5592713540685602e-04
-1.5508332009214721e-04
-1.5426135775949764e-04
-1.5344817367901771e-04
-1.5263464737807412e-04
-1.5184159370788640e-04
-1.5106360892731810e-04
-1.5029703211106937e-04
-1.4954166907929327e-04
-1.4879113613635824e-04
-1.4805075368107598e-04
-1.4732827902376818e-04
-1.4662189750368245e-04
-1.4591554900247189e-04
-1.4521706254904039e-04
-1.4453497983958689e-04
-1.4386128971729116e-04
-1.4320249739393869e-04
-1.4255131981727510e-04
-1.4190260708256587e-04
-1.4126587929031494e-04
-1.4064413205536728e-04
-1.4003569619927355e-04
-1.3942868447554212e-04
-1.3882804176753005e-04
-1.3824157176676110e-04
-1.3766475011695657e-04
-1.3709988274913351e-04
-1.3654234313489742e-04
-1.3598944895354859e-04
-1.3544506676103411e-04
-1.3491410147764384e-04
-1.3439624456456316e-04
-1.3388424382793112e-04
-1.3337358312814944e-04
-1.3287594402417761e-04
-1.3239108349043493e-04
-1.3191638799623008e-04
-1.3144872630841068e-04
-1.3098423010779147e-04
-1.3053230765145066e-04
-1.3009056534674384e-04
-1.2965978403854195e-04
-1.2923904953172186e-04
-1.2882032954858626e-04
-1.2841242560876796e-04
-1.2801516508973988e-04
-1.2763025278782130e-04
-1.2725670933167436e-04
-1.2688370288071598e-04
-1.2652064501512898e-04
-1.2617001539523651e-04
-1.2583173937203955e-04
-1.2550581378956971e-04
-1.2517933559885364e-04
-1.2486399506457090e-04
-1.2456120142795204e-04
-1.2427092354390856e-04
-1.2399311634543337e-04
-1.2371658667892021e-04
-1.2345064699525966e-04
-1.2319752429797078e-04
-1.2295723189529600e-04
-1.2272979210638184e-04
0.0000000000000000e+00
1.5855311225568200e+03
3.6295486867788043e+02
7.2925350558628823e+04
];
