%Vec Object:sol 1 MPI processes
%  type: mpi
sol = [
0.0000000000000000e+00
-2.3212335433404457e-10
-2.6083629819135523e-10
-2.6703438162027893e-10
-2.7138806630735900e-10
-2.7426028934617875e-10
-2.7530948611268674e-10
-3.5867377659293772e-10
-8.2643889385038984e-04
-7.6304139458520436e-04
-6.8427588058344842e-04
-6.0708300253758973e-04
-5.2931897929736095e-04
-4.4828861711276131e-04
-3.7089358655833512e-04
-2.9331342157840583e-04
-2.2829900002440442e-04
-1.7126798535366353e-04
-1.3142038918700588e-04
-1.0298840563985266e-04
-8.7581888479802182e-05
-8.0140105936353739e-05
-7.8766699556562469e-05
-8.0588225092376577e-05
-8.3892881218850158e-05
-8.7618231818036013e-05
-9.1065013221568476e-05
-9.3904549370230379e-05
-9.6157959439552025e-05
-9.7657005414696500e-05
-9.8667702158383597e-05
-9.9128357428761627e-05
-9.9219672939221247e-05
-9.9007116096404621e-05
-9.8537725653965799e-05
-9.7900636231941027e-05
-9.7121710832616720e-05
-9.6243735019597805e-05
-9.5291831142367095e-05
-9.4288037667245559e-05
-9.3253566289916418e-05
-9.2193697984143508e-05
-9.1103214167361944e-05
-9.0022816785663139e-05
-8.8946401628378882e-05
-8.7831256563917159e-05
-8.6743270281958794e-05
-8.5666941594457965e-05
-8.4594742902140613e-05
-8.3495635438942404e-05
-8.2432513934827380e-05
-8.1377890236056209e-05
-8.0335070562726244e-05
-7.9284881379243917e-05
-7.8233476797309352e-05
-7.7215955069760730e-05
-7.6202217261530665e-05
-7.5188916673711722e-05
-7.4192132491655841e-05
-7.3194856687038926e-05
-7.2194699116995110e-05
-7.1221710180148143e-05
-7.0259153463140734e-05
-6.9297952461880373e-05
-6.8338966005410058e-05
-6.7396983183358718e-05
-6.6462409538517710e-05
-6.5525956631079806e-05
-6.4598926217558590e-05
-6.3684647336658177e-05
-6.2769462279582081e-05
-6.1856494959179977e-05
-6.0958282195374939e-05
-6.0070763463244399e-05
-5.9182290279587331e-05
-5.8295717464932175e-05
-5.7419435008081118e-05
-5.6550215852056565e-05
-5.5681272315572081e-05
-5.4809331673470328e-05
-5.3948243479126312e-05
-5.3094586129728557e-05
-5.2242637760140792e-05
-5.1389613922199690e-05
-5.0541582539594528e-05
-4.9699230109727212e-05
-4.8858645548915951e-05
-4.8018698891405408e-05
-4.7176528586450804e-05
-4.6336015966484684e-05
-4.5491518375127493e-05
-4.4655525592509651e-05
-4.3819499557739354e-05
-4.2985129399077204e-05
-4.2148175984292226e-05
-4.1297997052522651e-05
-4.0451959083180010e-05
-3.9608943925896855e-05
-3.8765736067586228e-05
0.0000000000000000e+00
2.2475098961338913e+03
2.9206183588035321e+02
7.1992556823156392e+03
];
