%Vec Object:sol 1 MPI processes
%  type: mpi
sol = [
0.0000000000000000e+00
-1.6954961282578893e-04
-1.6838412907117334e-04
-1.6724282252434492e-04
-1.6611986878206690e-04
-1.6503249284909887e-04
-1.6394715956700632e-04
-1.6291302289541160e-04
-1.6189916627165773e-04
-1.6091104886871207e-04
-1.5995285153705668e-04
-1.5898148546683057e-04
-1.5805093698592938e-04
-1.5714231412079546e-04
-1.5625035736203702e-04
-1.5539313993924501e-04
-1.5453348442450145e-04
-1.5368666365246685e-04
-1.5286621249676420e-04
-1.5205238925465673e-04
-1.5126782424236133e-04
-1.5049886195081944e-04
-1.4973701074631973e-04
-1.4898538496611877e-04
-1.4824254814536857e-04
-1.4751870316560248e-04
-1.4681787448016809e-04
-1.4612093771406432e-04
-1.4544179664838136e-04
-1.4476364794666186e-04
-1.4409144566560254e-04
-1.4343957003564540e-04
-1.4280247169354038e-04
-1.4217312020603899e-04
-1.4156181471426196e-04
-1.4094381071364892e-04
-1.4033446943955571e-04
-1.3974213275402836e-04
-1.3916116836683326e-04
-1.3858875940681343e-04
-1.3803186481879993e-04
-1.3747081041734298e-04
-1.3691450388357806e-04
-1.3637283515118115e-04
-1.3584250455784305e-04
-1.3531880588465512e-04
-1.3480862708319691e-04
-1.3429968022082500e-04
-1.3378944403750267e-04
-1.3329212235034375e-04
-1.3280711689192000e-04
-1.3232733565829823e-04
-1.3185858097642745e-04
-1.3139455502068892e-04
-1.3092859118071784e-04
-1.3047111552518079e-04
-1.3002482404834948e-04
-1.2958824637136732e-04
-1.2915720282523881e-04
-1.2873348033391448e-04
-1.2830809421307361e-04
-1.2788918552606365e-04
-1.2747883092030577e-04
-1.2707851197694915e-04
-1.2668746481323239e-04
-1.2630137608176027e-04
-1.2591085884694090e-04
-1.2552985222757658e-04
-1.2515652968127564e-04
-1.2478997711676265e-04
-1.2443273084556436e-04
-1.2408458032114818e-04
-1.2373204251034308e-04
-1.2338438037883526e-04
-1.2304582595974552e-04
-1.2271621224221952e-04
-1.2239336838862846e-04
-1.2207800666620529e-04
-1.2176325849946857e-04
-1.2145235094347052e-04
-1.2114881136934503e-04
-1.2085248315635303e-04
-1.2056492770751138e-04
-1.2028605392139273e-04
-1.2000970721689207e-04
-1.1973297512628653e-04
-1.1946511177170511e-04
-1.1920605279861288e-04
-1.1895574822548151e-04
-1.1871275385249144e-04
-1.1847399863054646e-04
-1.1823578597974907e-04
-1.1800657017578154e-04
-1.1778633896851457e-04
-1.1757347324657189e-04
-1.1736939661002475e-04
-1.1717219321428043e-04
-1.1697483932043158e-04
-1.1678686133876311e-04
0.0000000000000000e+00
1.4573593686356953e+03
3.6295486867788043e+02
7.2925350558628823e+04
];
