%Vec Object:sol 1 MPI processes
%  type: mpi
sol = [
0.0000000000000000e+00
-1.9323114500640951e-10
-2.1922489583920155e-10
-2.2436357857662786e-10
-2.2815982090847462e-10
-1.0133897587838775e-03
-9.1061911736194621e-04
-8.2300305785866544e-04
-7.4314893258183013e-04
-6.7200207076205246e-04
-6.0226356841248756e-04
-5.3357533252990075e-04
-4.6408013922728613e-04
-3.9129143501087069e-04
-3.2147717849991062e-04
-2.5126078345538521e-04
-1.9226493587041620e-04
-1.4042645595051435e-04
-1.0419425481841956e-04
-7.8355210306844657e-05
-6.4426359319558587e-05
-5.7805853790602060e-05
-5.6754328923911009e-05
-5.8662846534024183e-05
-6.1948974184486847e-05
-6.5639064891510147e-05
-6.9085977520519438e-05
-7.1979366730913754e-05
-7.4350031016591454e-05
-7.6014035284206960e-05
-7.7241403161095343e-05
-7.7954809884269856e-05
-7.8321860712281556e-05
-7.8418375929208383e-05
-7.8262506108132593e-05
-7.7953431346466023e-05
-7.7515048403733081e-05
-7.6972204879437669e-05
-7.6363079157759924e-05
-7.5707297450228184e-05
-7.5011609708950432e-05
-7.4292277041954345e-05
-7.3548179470446962e-05
-7.2803137821008797e-05
-7.2058382044754184e-05
-7.1285489121100467e-05
-7.0527199504389203e-05
-6.9775975425500505e-05
-6.9029801950126619e-05
-6.8262435256586569e-05
-6.7517949325215265e-05
-6.6783099210119626e-05
-6.6056943620270401e-05
-6.5323054120872400e-05
-6.4590844108964031e-05
-6.3884202257597687e-05
-6.3179819690295931e-05
-6.2475776422556118e-05
-6.1786126965564345e-05
-6.1097045177954966e-05
-6.0404303235564344e-05
-5.9736206323939601e-05
-5.9076767952783133e-05
-5.8417669793602905e-05
-5.7761556101878357e-05
-5.7121289499815787e-05
-5.6487717332529791e-05
-5.5853565116250848e-05
-5.5227692506244255e-05
-5.4614133766267502e-05
-5.4001635782687294e-05
-5.3390291267311074e-05
-5.2794329067401593e-05
-5.2209491976390908e-05
-5.1623989697417346e-05
-5.1042133104323438e-05
-5.0471215130484436e-05
-4.9907599250376448e-05
-4.9345498455617936e-05
-4.8783671910249129e-05
-4.8233752247288119e-05
-4.7691890585229310e-05
-4.7153433351370454e-05
-4.6616423769317220e-05
-4.6086404423642238e-05
-4.5564204543711341e-05
-4.5045627018092219e-05
-4.4529798446450341e-05
-4.4014935475970663e-05
-4.3506498034717640e-05
-4.2998898844779867e-05
-4.2499378868144567e-05
-4.2002979158546611e-05
-4.1511867164679977e-05
-4.1022340119964170e-05
-4.0527318733337934e-05
-4.0038819259742991e-05
-3.9554872756119396e-05
-3.9075593999052440e-05
0.0000000000000000e+00
2.0771069269957070e+03
3.0569852425736713e+02
9.1825834942354431e+03
];
