%Vec Object:sol 1 MPI processes
%  type: mpi
sol = [
0.0000000000000000e+00
-1.6092450526229151e-04
-1.5985178983094506e-04
-1.5880080141955315e-04
-1.5777887221286261e-04
-1.5680306316566157e-04
-1.5582764773637282e-04
-1.5489884101649212e-04
-1.5397084415627029e-04
-1.5305703107084347e-04
-1.5218232489386127e-04
-1.5130725737442507e-04
-1.5046935007983236e-04
-1.4965089958978854e-04
-1.4884698324988579e-04
-1.4805120384003682e-04
-1.4726174390339769e-04
-1.4649703269168667e-04
-1.4575617706601591e-04
-1.4502059962203173e-04
-1.4431167617482256e-04
-1.4361044418744997e-04
-1.4290591728550583e-04
-1.4222515275811052e-04
-1.4155186313010836e-04
-1.4089570701099070e-04
-1.4026052510043835e-04
-1.3962827631459239e-04
-1.3900466329248474e-04
-1.3838828107902597e-04
-1.3777684252698331e-04
-1.3718397108454519e-04
-1.3660444777791240e-04
-1.3603163925430647e-04
-1.3547553404733215e-04
-1.3491624123728921e-04
-1.3436002928708367e-04
-1.3381938426474822e-04
-1.3328899578406324e-04
-1.3276621241181560e-04
-1.3225765348528920e-04
-1.3175907506918327e-04
-1.3124994067626746e-04
-1.3075377723324762e-04
-1.3026794996612718e-04
-1.2978800604146904e-04
-1.2932049571987088e-04
-1.2886395665360291e-04
-1.2840895757600132e-04
-1.2795179555503776e-04
-1.2750599092826005e-04
-1.2706481953546057e-04
-1.2663380562633953e-04
-1.2621344953311662e-04
-1.2579965976169841e-04
-1.2538773780049515e-04
-1.2497608521826466e-04
-1.2457341394389601e-04
-1.2417575834577978e-04
-1.2378793368398981e-04
-1.2340960335347690e-04
-1.2303692777472741e-04
-1.2266366852904794e-04
-1.2229324839358168e-04
-1.2193147020758247e-04
-1.2157445435464783e-04
-1.2122643424638377e-04
-1.2088717288733826e-04
-1.2055485322469872e-04
-1.2021777016415283e-04
-1.1988628543774246e-04
-1.1956335285069935e-04
-1.1924672651071661e-04
-1.1893694503239467e-04
-1.1863550679762506e-04
-1.1834212311648718e-04
-1.1804196971963920e-04
-1.1774879757744026e-04
-1.1746392444779594e-04
-1.1718724034624361e-04
-1.1691731357956052e-04
-1.1665400668844194e-04
-1.1639552630841499e-04
-1.1613590688583155e-04
-1.1588409948252061e-04
-1.1563836611814794e-04
-1.1540089097751196e-04
-1.1517162630564533e-04
-1.1495054066515493e-04
-1.1472958452528082e-04
-1.1451079842003308e-04
-1.1430047019414260e-04
-1.1409859327138461e-04
-1.1390516886030623e-04
-1.1371866042217094e-04
-1.1354034574071724e-04
-1.1336050078621251e-04
-1.1318809351715126e-04
-1.1302456988375216e-04
0.0000000000000000e+00
1.4115285443214773e+03
3.6295486867788043e+02
7.2925350558628823e+04
];
