%Vec Object:sol 1 MPI processes
%  type: mpi
sol = [
0.0000000000000000e+00
-1.8171351220288089e-02
-7.5449748858121436e-03
-4.7271677170982159e-03
-3.3706332761840939e-03
-2.5236513488931848e-03
-1.9995133478527974e-03
-1.6442776016708518e-03
-1.3784812542795412e-03
-1.1810540969911301e-03
-1.0296469237973970e-03
-9.0657950389130967e-04
-8.0700034040084758e-04
-3.0819621925224761e-01
-1.8976961990373695e+00
-1.8094032969064862e+00
-1.7227248997301914e+00
-1.6392127210328000e+00
-1.5580539307870669e+00
-1.4739906407153571e+00
-1.3966133294692467e+00
-1.3207073402825764e+00
-1.2449804137047829e+00
-1.1608627339100199e+00
-1.0794892630884081e+00
-1.0013441812077510e+00
-9.2234415970096462e-01
-8.4117819796144966e-01
-7.5426294693628526e-01
-6.7774752051519060e-01
-6.0411963708942462e-01
-5.3454733322951520e-01
-4.6111786950771816e-01
-4.0136529006202776e-01
-3.4933413448672274e-01
-3.0381238736031391e-01
-2.6082671069106367e-01
-2.2827084558931765e-01
-2.0358900834640775e-01
-1.8414173452140845e-01
-1.6850011964689751e-01
-1.5880223266966387e-01
-1.5295364982248719e-01
-1.4983671225384385e-01
-1.4924904960777688e-01
-1.5040894754661108e-01
-1.5260634358421743e-01
-1.5570043539084927e-01
-1.5984945195188083e-01
-1.6350504624369719e-01
-1.6732616181706489e-01
-1.7123251844851428e-01
-1.7501380968751259e-01
-1.7819935511829640e-01
-1.8107972536830186e-01
-1.8388069185170053e-01
-1.8616749342152655e-01
-1.8807618434057261e-01
-1.8966631737156489e-01
-1.9113452409496390e-01
-1.9215679316705436e-01
-1.9285475106167171e-01
-1.9348636888817272e-01
-1.9388041760656066e-01
-1.9400215406847854e-01
-1.9401821284002491e-01
-1.9391576985064168e-01
-1.9361568935285273e-01
-1.9320920642389913e-01
-1.9277929335687666e-01
-1.9221668955502377e-01
-1.9158320626350428e-01
-1.9086809312366038e-01
-1.9012558191407278e-01
-1.8932326548458522e-01
-1.8847618065809882e-01
-1.8762198850455741e-01
-1.8674436205491485e-01
-1.8577346719745541e-01
-1.8483811092155461e-01
-1.8389948173608253e-01
-1.8288853534869390e-01
-1.8192699285413305e-01
-1.8097575169095265e-01
-1.7987703496173368e-01
-1.7891595286028242e-01
-1.7792159128487070e-01
-1.7685222569109690e-01
-1.7588944375495663e-01
-1.7486717388179779e-01
-1.7379844041816386e-01
-1.7282649811249098e-01
-1.7176938646063455e-01
-1.7075864310096062e-01
-1.6980403670695132e-01
-1.6869989476070055e-01
-1.6773905997818570e-01
-1.6676070943794205e-01
-1.6563997913460288e-01
-1.6475053048780439e-01
-1.6372020823340019e-01
-1.6268516469025313e-01
-1.6179130887168455e-01
-1.6067501034617931e-01
-1.5975379219058480e-01
-1.5881487319978094e-01
-1.5774428486638672e-01
-1.5686659473013326e-01
-1.5584014519130798e-01
-1.5486508542259980e-01
-1.5397688528513326e-01
-1.5292750359242102e-01
-1.5205133708167279e-01
-1.5106602029610033e-01
-1.5012975570412007e-01
-1.4920300316754206e-01
-1.4822646415139681e-01
-1.4736236139743913e-01
-1.4634448727630395e-01
-1.4550390945990646e-01
-1.4454687421202536e-01
-1.4360947881300429e-01
-1.4278738147630007e-01
-1.4174652776841759e-01
-1.4096532863469477e-01
-1.3998191384892450e-01
-1.3912858006034573e-01
-1.3823992335599058e-01
-1.3733109658609441e-01
-1.3646956610459304e-01
-1.3556189732982984e-01
-1.3474523978558117e-01
-1.3378582475819589e-01
-1.3302034919709171e-01
-1.3206072578748257e-01
-1.3126319102983205e-01
-1.3037229336396960e-01
-1.2952396417130096e-01
-1.2868356831369177e-01
-1.2782916824396656e-01
-1.2699776607401164e-01
-1.2614535319938255e-01
-1.2533254002207839e-01
-1.2444401845835404e-01
-1.2369970351713105e-01
-1.2276733890312926e-01
-1.2205273172132895e-01
-1.2113761479701941e-01
-1.2040399253898014e-01
-1.1951497959487280e-01
-1.1878105025007785e-01
-1.1787861815958024e-01
-1.1718049247150268e-01
-1.1626617063264419e-01
-1.1557403741433682e-01
-1.1468259459626919e-01
-1.1397362529166871e-01
-1.1310046367152519e-01
-1.1238690871059756e-01
-1.1151256988330434e-01
-1.1082368782318353e-01
-1.0994332442269412e-01
-1.0924145377280918e-01
-1.0841513225744799e-01
-1.0766367806274250e-01
-1.0689146819858092e-01
-1.0610902102793511e-01
-1.0534891753077080e-01
-1.0456912716850739e-01
-1.0382024569163090e-01
-1.0302781373309862e-01
-1.0231756059975618e-01
-1.0148393325551452e-01
-1.0080199732419791e-01
-9.9968794530420874e-02
-9.9267367018760683e-02
-9.8483198280891665e-02
-9.7726063088509021e-02
-9.7008032737278996e-02
-9.6195570797449628e-02
-9.5520533582102468e-02
-9.4687759439878602e-02
-9.3988630977424686e-02
-9.3224038791223457e-02
-9.2475934113021574e-02
-9.1750263731369880e-02
-9.0968582415670518e-02
-9.0281026900876971e-02
-8.9464449870707036e-02
-8.8764552478963851e-02
-8.8001766468598294e-02
-8.7251624593721724e-02
-8.6545341139827592e-02
-8.5741041457900347e-02
-8.5040515476687187e-02
-8.4308583315294866e-02
-8.3671657545283523e-02
-8.3694333197411624e-02
-9.5264546341501263e-02
0.0000000000000000e+00
7.3158029944788427e-01
0.0000000000000000e+00
0.0000000000000000e+00
];
