%Vec Object:sol 1 MPI processes
%  type: mpi
sol = [
0.0000000000000000e+00
-2.1108376498200701e-02
-8.6302761074892424e-03
-5.2758768370006369e-03
-3.7103698309692173e-03
-2.7833002489520715e-03
-2.2108924889962310e-03
-1.8229482087322882e-03
-1.5291673488015756e-03
-1.3110954149958400e-03
-1.1440006976074322e-03
-1.0077515677735650e-03
-8.9736770519340035e-04
-8.0689025690460999e-04
-7.3058805964693876e-04
-6.6537962275294656e-04
-6.0975083134433305e-04
-5.6165811558260993e-04
-5.1921819681801209e-04
-4.8204020335856565e-04
-4.4925349087760250e-04
-4.1977549219831780e-04
-3.9342709334271383e-04
-3.8104143268733153e-04
-1.9790141573646464e-02
-9.0178908125226798e-01
-1.0797029345948010e+00
-9.9857359039204430e-01
-9.0034300694606184e-01
-8.1333361798263260e-01
-7.2973934630011617e-01
-6.5088138506141391e-01
-5.6776297583255586e-01
-5.0017931435283980e-01
-4.4137837014517184e-01
-3.8995315791926644e-01
-3.4138236591904847e-01
-3.0459244489584342e-01
-2.7668095494263500e-01
-2.5461494531682027e-01
-2.3680021836960771e-01
-2.2566284563062658e-01
-2.1882347725586260e-01
-2.1503035975757354e-01
-2.1403308125285531e-01
-2.1499063099621177e-01
-2.1709967010213602e-01
-2.2020120655721817e-01
-2.2440295692253265e-01
-2.2809649754324263e-01
-2.3197686543272475e-01
-2.3591435910947697e-01
-2.3968607026817676e-01
-2.4283147652609924e-01
-2.4562281420575036e-01
-2.4827195698229509e-01
-2.5038443264630594e-01
-2.5208994203298307e-01
-2.5342275065325098e-01
-2.5458924410554190e-01
-2.5530455533318203e-01
-2.5566110826825228e-01
-2.5588261194630402e-01
-2.5590100423884610e-01
-2.5562387844786888e-01
-2.5519760279520781e-01
-2.5463902524615861e-01
-2.5389652054846967e-01
-2.5302251015062194e-01
-2.5209438644668714e-01
-2.5107151671587896e-01
-2.4997573861705835e-01
-2.4871268312734568e-01
-2.4749783329440445e-01
-2.4622603263917867e-01
-2.4482243003124696e-01
-2.4349831456780524e-01
-2.4215253713695006e-01
-2.4061143838199670e-01
-2.3920479911335335e-01
-2.3778970622649923e-01
-2.3622467312372361e-01
-2.3479444688922999e-01
-2.3337113793120201e-01
-2.3171321965430033e-01
-2.3028533877375845e-01
-2.2881287859501073e-01
-2.2720745372051868e-01
-2.2578561663450530e-01
-2.2427772421238260e-01
-2.2268561485982052e-01
-2.2125856480925810e-01
-2.1970224339663519e-01
-2.1820038748051807e-01
-2.1679848363608725e-01
-2.1517890737820869e-01
-2.1374659183208469e-01
-2.1231977115758463e-01
-2.1067394545201482e-01
-2.0934242553533647e-01
-2.0784699799689205e-01
-2.0631757023431005e-01
-2.0498764797860841e-01
-2.0336728102860774e-01
-2.0199471938005312e-01
-2.0060972412614136e-01
-1.9904430172215867e-01
-1.9773867429253345e-01
-1.9622613527813243e-01
-1.9479351334511427e-01
-1.9347520172172308e-01
-1.9192432814440594e-01
-1.9063392834659004e-01
-1.8916849234420829e-01
-1.8778772139027303e-01
-1.8641996209711909e-01
-1.8496644445025473e-01
-1.8368729385638205e-01
-1.8218340412395823e-01
-1.8091908884003646e-01
-1.7951095863795200e-01
-1.7811640959696431e-01
-1.7687185364556490e-01
-1.7534810349672608e-01
-1.7416166214693760e-01
-1.7269710361664056e-01
-1.7143272202475143e-01
-1.7007989182987740e-01
-1.6873303259812497e-01
-1.6743832109375209e-01
-1.6606783585769219e-01
-1.6484395037875074e-01
-1.6339786306450743e-01
-1.6223624638036946e-01
-1.6079402361197992e-01
-1.5958404649404839e-01
-1.5823540408690415e-01
-1.5695422568348225e-01
-1.5567362655401917e-01
-1.5437329749733411e-01
-1.5311504156789821e-01
-1.5180151041776377e-01
-1.5057007361683886e-01
-1.4921253394242592e-01
-1.4805481537213125e-01
-1.4664868630730810e-01
-1.4552463379240435e-01
-1.4413068575818763e-01
-1.4299806171258683e-01
-1.4161340036879283e-01
-1.4048397556603309e-01
-1.3908355589244481e-01
-1.3799155772563271e-01
-1.3657606595341124e-01
-1.3548718757731804e-01
-1.3409952185728130e-01
-1.3298911468444929e-01
-1.3161990471536561e-01
-1.3049539685780953e-01
-1.2912967351389604e-01
-1.2802075880275993e-01
-1.2665515014743389e-01
-1.2552573224340749e-01
-1.2421574484633052e-01
-1.2302850693457212e-01
-1.2177954979411255e-01
-1.2054555749171267e-01
-1.1931827218309307e-01
-1.1806961496652310e-01
-1.1686538184352366e-01
-1.1558555167052566e-01
-1.1443498737879076e-01
-1.1308916205547441e-01
-1.1197602119268237e-01
-1.1062950273531956e-01
-1.0948149699713572e-01
-1.0819917749287462e-01
-1.0696841835589269e-01
-1.0577152488995693e-01
-1.0445694508444404e-01
-1.0332606818471168e-01
-1.0195816227270069e-01
-1.0080428199963287e-01
-9.9517759344597223e-02
-9.8285494135625304e-02
-9.7065330501608219e-02
-9.5761367587369556e-02
-9.4602656794090093e-02
-9.3231684341317872e-02
-9.2050316619465042e-02
-9.0765102262374275e-02
-8.9492766949013508e-02
-8.8295060467910608e-02
-8.6923319291486639e-02
-8.5729251344917615e-02
-8.4453621443607102e-02
-8.3188638046365726e-02
-8.2081159458190181e-02
-8.1267623979792869e-02
0.0000000000000000e+00
8.1671074088699513e-01
0.0000000000000000e+00
0.0000000000000000e+00
];
