%Vec Object:sol 1 MPI processes
%  type: mpi
sol = [
0.0000000000000000e+00
-1.9038348126168426e-02
-7.8906434143915308e-03
-4.9257834699905408e-03
-3.5084865900369263e-03
-2.6335537727381723e-03
-2.0923892655006094e-03
-1.7255619889971411e-03
-1.4499775508752637e-03
-1.2452889445849632e-03
-1.0883440605463431e-03
-9.6057326802237290e-04
-8.5705309468159588e-04
-7.7216926339519548e-04
-7.0058117212845410e-04
-6.3944424216259886e-04
-1.7882687787288784e-02
-1.7113234647620534e+00
-1.6555846461074117e+00
-1.5665592883121775e+00
-1.4845505833549328e+00
-1.4042104190740925e+00
-1.3241537862790538e+00
-1.2352750042947647e+00
-1.1494352625190709e+00
-1.0671025191108245e+00
-9.8392856145344609e-01
-8.9855746416661686e-01
-8.0726776735226369e-01
-7.2692451231733979e-01
-6.4967979291856937e-01
-5.7673947267997983e-01
-4.9979597085732930e-01
-4.3720320344135510e-01
-3.8271677785698310e-01
-3.3505396069834104e-01
-2.9004267362924396e-01
-2.5595120053319043e-01
-2.3009803228347722e-01
-2.0970099477673035e-01
-1.9327123499937809e-01
-1.8305127467240626e-01
-1.7684335308168123e-01
-1.7348117794733267e-01
-1.7274495521024583e-01
-1.7383146493026827e-01
-1.7599681513102378e-01
-1.7909360643274208e-01
-1.8326174797565703e-01
-1.8693110416081649e-01
-1.9077370889897285e-01
-1.9469135786637121e-01
-1.9846917417230539e-01
-2.0164016151971520e-01
-2.0448824104436497e-01
-2.0723414372064924e-01
-2.0945772040419763e-01
-2.1129272109383176e-01
-2.1278952736582965e-01
-2.1414830838109480e-01
-2.1505924966000725e-01
-2.1563338649160299e-01
-2.1611626380044835e-01
-2.1637406914694610e-01
-2.1635114595617883e-01
-2.1620677858654655e-01
-2.1593890442652020e-01
-2.1547836524483008e-01
-2.1490231917982114e-01
-2.1429171480266995e-01
-2.1356218149392500e-01
-2.1276103286701331e-01
-2.1184719172551131e-01
-2.1093337249634031e-01
-2.0996078328558593e-01
-2.0891186033094999e-01
-2.0788723615641400e-01
-2.0683982047783259e-01
-2.0566212381935872e-01
-2.0455584240220623e-01
-2.0344440913767403e-01
-2.0223250634125534e-01
-2.0110098141116156e-01
-1.9997853048469563e-01
-1.9867700230591046e-01
-1.9754662141345219e-01
-1.9637886282666997e-01
-1.9511507903191963e-01
-1.9398580677207433e-01
-1.9278741110709047e-01
-1.9152885946329409e-01
-1.9039185848494866e-01
-1.8915369323351733e-01
-1.8796483297096989e-01
-1.8684800054830666e-01
-1.8555692066438487e-01
-1.8442508902008101e-01
-1.8328408712141886e-01
-1.8197291499285520e-01
-1.8092313573217877e-01
-1.7972412899427173e-01
-1.7850978218687599e-01
-1.7745777381274322e-01
-1.7615865976116490e-01
-1.7507374837095219e-01
-1.7397304646965839e-01
-1.7272299173840844e-01
-1.7169009734420540e-01
-1.7048735290643541e-01
-1.6934634453463568e-01
-1.6830215161531675e-01
-1.6707088888817725e-01
-1.6604448831413754e-01
-1.6488504194702208e-01
-1.6378756385673224e-01
-1.6270086706488759e-01
-1.6155133751200887e-01
-1.6053670529930353e-01
-1.5934256312056938e-01
-1.5834830430113631e-01
-1.5722766604006075e-01
-1.5612447026797333e-01
-1.5514915576351099e-01
-1.5393316529648313e-01
-1.5300499305742984e-01
-1.5184707719613150e-01
-1.5084466475055058e-01
-1.4978766176190597e-01
-1.4871996955344904e-01
-1.4770133316343578e-01
-1.4662581030463503e-01
-1.4566145954547421e-01
-1.4452553842369162e-01
-1.4361639063837092e-01
-1.4248173833195879e-01
-1.4153461924257882e-01
-1.4047770698581197e-01
-1.3947239233412412e-01
-1.3847234386137480e-01
-1.3745621459207572e-01
-1.3647000144928759e-01
-1.3545035056005544e-01
-1.3448571135933035e-01
-1.3342708671492820e-01
-1.3253283898353474e-01
-1.3142864994063377e-01
-1.3056554561780281e-01
-1.2947676674633776e-01
-1.2859843508038241e-01
-1.2752966095690838e-01
-1.2665229395402142e-01
-1.2556925239004293e-01
-1.2472827774859152e-01
-1.2363219235549691e-01
-1.2279616841902533e-01
-1.2172475634469762e-01
-1.2087019448814353e-01
-1.1981712704588873e-01
-1.1895452875994046e-01
-1.1790197574546876e-01
-1.1706075747659933e-01
-1.1600440666539953e-01
-1.1514747461288108e-01
-1.1414573871176197e-01
-1.1323623616835894e-01
-1.1229112142772647e-01
-1.1134490986685280e-01
-1.1041537104051252e-01
-1.0946553442570307e-01
-1.0855150862041789e-01
-1.0758230994381884e-01
-1.0671236791900418e-01
-1.0569298011739607e-01
-1.0485465866355603e-01
-1.0383529089214319e-01
-1.0297190324296954e-01
-1.0200707065714543e-01
-1.0107816772678226e-01
-1.0018647032856057e-01
-9.9191908365839382e-02
-9.8351556485999692e-02
-9.7324711573079023e-02
-9.6460666371125714e-02
-9.5506795399675937e-02
-9.4583113291838286e-02
-9.3678121750369006e-02
-9.2707045966784432e-02
-9.1848645031547341e-02
-9.0831042145898364e-02
-8.9956580044970938e-02
-8.9004393268999227e-02
-8.8064963980961322e-02
-8.7180597935600374e-02
-8.6170722186508328e-02
-8.5291564962585581e-02
-8.4355821176615400e-02
-8.3434449383351816e-02
-8.2633119071734429e-02
-8.2125996651510366e-02
0.0000000000000000e+00
7.6005568756663688e-01
0.0000000000000000e+00
0.0000000000000000e+00
];
