%Vec Object:sol 1 MPI processes
%  type: mpi
sol = [
0.0000000000000000e+00
-2.6751332668835802e-02
-1.0495304600264538e-02
-6.0593628623562962e-03
-4.1437271411583296e-03
-3.1182525477132321e-03
-2.4889626407050723e-03
-2.0629205770888630e-03
-1.7303388688001866e-03
-1.4837624652264652e-03
-1.2951218594300592e-03
-1.1404663727292471e-03
-1.0151082239326695e-03
-9.1242288882554385e-04
-8.2577753057886771e-04
-7.5167567392654547e-04
-6.8848519372279287e-04
-6.3387011510450256e-04
-5.8566150447120614e-04
-5.4344274783316290e-04
-5.0622239329762740e-04
-4.7276301104471881e-04
-4.4285786368524583e-04
-4.1603507593628464e-04
-3.9169867161070434e-04
-3.6957147542471415e-04
-3.4946413221181605e-04
-3.3107070102392406e-04
-3.1413611102550570e-04
-2.9858891463628448e-04
-2.8426505469902414e-04
-2.7095070476759118e-04
-2.5862579106780069e-04
-2.4719027702603584e-04
-2.3649900137365180e-04
-2.2652583027769880e-04
-2.1721272028500549e-04
-2.0847040325224964e-04
-2.0026020046362490e-04
-1.9255176864945014e-04
-1.8528875429883079e-04
-1.7843026398456659e-04
-1.7196107301431149e-04
-1.6584484073630513e-04
-1.6004285049180475e-04
-1.5454823786622155e-04
-1.4933712217777255e-04
-1.4437469762348297e-04
-1.3965868901075841e-04
-1.3517218907762557e-04
-1.3088759286203897e-04
-1.2680224498430367e-04
-1.2290412875782318e-04
-1.1917340079358375e-04
-1.1560511679340249e-04
-1.1219131035709590e-04
-1.0891745134958897e-04
-1.0577768434734346e-04
-1.0276665950267496e-04
-9.9873544140123338e-05
-9.7092339804300188e-05
-9.4419400555631258e-05
-9.1846508221694981e-05
-8.9367929553438400e-05
-8.6981136651864547e-05
-8.4679787484303793e-05
-8.2458615463574354e-05
-8.0315830550496480e-05
-7.8246453481758203e-05
-7.6245783240822622e-05
-7.4312539423438781e-05
-7.2442831211351941e-05
-7.0632832261350979e-05
-6.8882541644533243e-05
-6.7191886393745757e-05
-6.5567288854577739e-05
-6.4039086957984217e-05
-6.2699624812291007e-05
-6.1833195599067395e-05
-6.2310355367692255e-05
-6.6797175756203446e-05
-8.3942457273188340e-05
-1.4294712828802393e-04
-3.3178477077437581e-04
-8.8349858974093136e-04
-2.4100529924113477e-03
-6.4449282069746761e-03
-1.6445322912560734e-02
-3.8348365517682621e-02
-7.6579578753597125e-02
-1.2540960542349999e-01
-1.7107999443310101e-01
-2.0460206570083125e-01
-2.2639115124625972e-01
-2.3972447120933801e-01
-2.4716227240438202e-01
-2.5125525079263977e-01
-2.5313975970951602e-01
-2.5334072759619458e-01
-2.5306283181468997e-01
-2.5204843706997609e-01
-2.5062342618542688e-01
-2.4923656586500603e-01
-2.4734883870538765e-01
-2.4567313665656321e-01
-2.4393228117874072e-01
-2.4192296307295119e-01
-2.4021850347675636e-01
-2.3823072956207844e-01
-2.3634213595596376e-01
-2.3458952279346218e-01
-2.3252550715632916e-01
-2.3080980657626690e-01
-2.2884844315056374e-01
-2.2700749275650908e-01
-2.2518228908863200e-01
-2.2323325159224081e-01
-2.2152267307629847e-01
-2.1951315381122646e-01
-2.1780788648849597e-01
-2.1593017618095686e-01
-2.1405964560596574e-01
-2.1237518452584730e-01
-2.1034853203505982e-01
-2.0874004526294748e-01
-2.0677435844966094e-01
-2.0508184829745110e-01
-2.0324554131488093e-01
-2.0144242745135585e-01
-1.9969650947468862e-01
-1.9784394461346627e-01
-1.9619587999791360e-01
-1.9424285924933785e-01
-1.9266860854996978e-01
-1.9072369241317522e-01
-1.8908409946917656e-01
-1.8725865189962942e-01
-1.8552660006166918e-01
-1.8378746687462338e-01
-1.8202263934828988e-01
-1.8031975423178073e-01
-1.7852590242578098e-01
-1.7685840890823373e-01
-1.7501231945514281e-01
-1.7342398122701477e-01
-1.7152435809605796e-01
-1.6997380875698179e-01
-1.6808108873122857e-01
-1.6653284596394261e-01
-1.6463189476926302e-01
-1.6309050325318836e-01
-1.6117135678577485e-01
-1.5966908211089173e-01
-1.5773154827721950e-01
-1.5622940067892951e-01
-1.5432484546816488e-01
-1.5279628046050120e-01
-1.5091036229454569e-01
-1.4935778479718193e-01
-1.4748021064920677e-01
-1.4593376779436412e-01
-1.4406270246567107e-01
-1.4248792807961683e-01
-1.4067412826173575e-01
-1.3903295340539684e-01
-1.3728738945843807e-01
-1.3558304124533763e-01
-1.3386911153434311e-01
-1.3213205388083385e-01
-1.3045349740701417e-01
-1.2866596184634146e-01
-1.2705673881985460e-01
-1.2517737314887506e-01
-1.2361505615507348e-01
-1.2173382984954113e-01
-1.2012063077473929e-01
-1.1831939548326445e-01
-1.1659526595126472e-01
-1.1489954159592405e-01
-1.1306190379252698e-01
-1.1145616971061482e-01
-1.0953080691686119e-01
-1.0790319006481611e-01
-1.0607294624585820e-01
-1.0433629175211274e-01
-1.0260096221336769e-01
-1.0075286990767160e-01
-9.9103261418331826e-02
-9.7154652430314445e-02
-9.5471564923277380e-02
-9.3641901724206236e-02
-9.1825263825157211e-02
-9.0115150062177504e-02
-8.8151553330595420e-02
-8.6442117490894546e-02
-8.4609773206011527e-02
-8.2780682458917593e-02
-8.1165929060065700e-02
-7.9815987443761990e-02
0.0000000000000000e+00
9.2516321711067728e-01
0.0000000000000000e+00
0.0000000000000000e+00
];
