%Vec Object:sol 1 MPI processes
%  type: mpi
sol = [
0.0000000000000000e+00
-1.7341896373783465e-02
-7.2305460045329036e-03
-4.5495620943313353e-03
-3.2533756163177978e-03
-2.4402312099099728e-03
-1.9366064807028816e-03
-1.5952233308731952e-03
-1.3405153892382254e-03
-5.1029824478318719e-02
-2.1402930051597613e+00
-2.0300180388176705e+00
-1.9298118387214533e+00
-1.8320252288729326e+00
-1.7357233128173088e+00
-1.6544028232437105e+00
-1.5751346889836484e+00
-1.4987937580253459e+00
-1.4243622400515561e+00
-1.3472945125135121e+00
-1.2762574894365990e+00
-1.2064203785525325e+00
-1.1366193330894345e+00
-1.0590179685121772e+00
-9.8375728555183006e-01
-9.1134366955771340e-01
-8.3805632986839440e-01
-7.6264575245735367e-01
-6.8171761493013727e-01
-6.1044117068560744e-01
-5.4176349371125954e-01
-4.7680084828780861e-01
-4.0818089831548038e-01
-3.5231556318765694e-01
-3.0364483209990406e-01
-2.6105347769773041e-01
-2.2084017016457158e-01
-1.9038602819822276e-01
-1.6730734306696904e-01
-1.4915997117675139e-01
-1.3459705713067924e-01
-1.2561370847769107e-01
-1.2025693475308435e-01
-1.1747563992300657e-01
-1.1709130076533725e-01
-1.1835163722982117e-01
-1.2059288818864781e-01
-1.2368328049566193e-01
-1.2780611674488335e-01
-1.3144287151623998e-01
-1.3523457186193871e-01
-1.3912546951642593e-01
-1.4291151341606773e-01
-1.4611698089502168e-01
-1.4904154335467851e-01
-1.5191787077979610e-01
-1.5429120324671602e-01
-1.5630074871985167e-01
-1.5801861214468330e-01
-1.5963658331953304e-01
-1.6081122029313186e-01
-1.6167864521457662e-01
-1.6251383633388924e-01
-1.6309435413262044e-01
-1.6341407876890779e-01
-1.6364970469550238e-01
-1.6377367908928561e-01
-1.6369321041425500e-01
-1.6351880023345647e-01
-1.6333619060897819e-01
-1.6300205511278304e-01
-1.6259804726505719e-01
-1.6215492374038984e-01
-1.6164687363131142e-01
-1.6107760145027833e-01
-1.6050676303387065e-01
-1.5988583313061577e-01
-1.5924058919572279e-01
-1.5855273439522591e-01
-1.5785131535650074e-01
-1.5714919505135266e-01
-1.5641328845017910e-01
-1.5568439301387538e-01
-1.5496747871719968e-01
-1.5414634074613459e-01
-1.5341697007933996e-01
-1.5265992901397593e-01
-1.5185665474584248e-01
-1.5112174046137081e-01
-1.5034052590640226e-01
-1.4953158795820337e-01
-1.4878555390431825e-01
-1.4797624208787419e-01
-1.4720927924273094e-01
-1.4647670421671469e-01
-1.4562841578029853e-01
-1.4490161664821974e-01
-1.4414587963731121e-01
-1.4328579849334411e-01
-1.4261578708877248e-01
-1.4181633579621813e-01
-1.4102669680178015e-01
-1.4034929745056851e-01
-1.3948321053179907e-01
-1.3878603210656415e-01
-1.3806853825334411e-01
-1.3724357767390216e-01
-1.3657830872295934e-01
-1.3579314620859925e-01
-1.3504521291469357e-01
-1.3437051312611867e-01
-1.3357006390317597e-01
-1.3289951598820307e-01
-1.3215252254562468e-01
-1.3143690358292498e-01
-1.3072905949092983e-01
-1.2998928477696370e-01
-1.2933120478209820e-01
-1.2855458070427569e-01
-1.2792433896553926e-01
-1.2719121958884760e-01
-1.2648076253966756e-01
-1.2586840550369824e-01
-1.2506730174129341e-01
-1.2448731664058806e-01
-1.2374280569238717e-01
-1.2309359681480106e-01
-1.2243545476693270e-01
-1.2174418995084116e-01
-1.2109784057707167e-01
-1.2042009721867190e-01
-1.1980581137414061e-01
-1.1908825257315575e-01
-1.1851975125136069e-01
-1.1780009098457313e-01
-1.1720777640830039e-01
-1.1654468892750412e-01
-1.1591193369197224e-01
-1.1529090702693866e-01
-1.1465889566247041e-01
-1.1404062304140536e-01
-1.1341860269007217e-01
-1.1281539141440561e-01
-1.1216185897156955e-01
-1.1162535364338938e-01
-1.1093131484591520e-01
-1.1042371149987081e-01
-1.0975084393398069e-01
-1.0922073532344019e-01
-1.0858435434262165e-01
-1.0805464911614918e-01
-1.0740898901579722e-01
-1.0691783046821543e-01
-1.0626620774057077e-01
-1.0578766595714689e-01
-1.0516279876886914e-01
-1.0467740364262638e-01
-1.0408002309187969e-01
-1.0360600400654078e-01
-1.0301889489180256e-01
-1.0259060883658749e-01
-1.0201488290414282e-01
-1.0160208952742021e-01
-1.0110984819957404e-01
-1.0068884417169927e-01
-1.0029254977287080e-01
-9.9904406644452826e-02
-9.9584073249886149e-02
-9.9291703084617364e-02
-9.9080914370325610e-02
-9.8913898798578995e-02
-9.8892377909613319e-02
-9.8893873889972075e-02
-9.9137542784528757e-02
-9.9440513065275196e-02
-1.0004155070323156e-01
-1.0083985140695012e-01
-1.0195974253165045e-01
-1.0349493978403689e-01
-1.0541429673088720e-01
-1.0799236939935351e-01
-1.1114225146288360e-01
-1.1518519564955652e-01
-1.2018241632994510e-01
-1.2635948380230602e-01
-1.3399371292036694e-01
-1.4334593402914639e-01
-1.5491570210803718e-01
-1.6914497922951721e-01
-1.8692588613239602e-01
-2.0929165996346946e-01
-2.3793761541984162e-01
-2.7551055370792077e-01
-3.2630208144070433e-01
-3.9818322452820709e-01
-5.0639873540045099e-01
-6.8561154434270821e-01
-1.0345330719155728e+00
-1.9941308415431227e+00
0.0000000000000000e+00
6.9410018280078079e-01
0.0000000000000000e+00
0.0000000000000000e+00
];
