%Vec Object:sol 1 MPI processes
%  type: mpi
sol = [
0.0000000000000000e+00
-1.7095435712322186e-02
-7.1125516356919218e-03
-4.4625849226866791e-03
-3.1818601120240418e-03
-2.3808306440928234e-03
-1.8847067361615769e-03
-1.5484717329250284e-03
-2.2591326078007906e-01
-2.1972784709382140e+00
-2.0734490209417502e+00
-1.9665212517442416e+00
-1.8693910801867342e+00
-1.7747022064262368e+00
-1.6814597121812955e+00
-1.6026361518072247e+00
-1.5258431580883904e+00
-1.4518972509829238e+00
-1.3797124763953692e+00
-1.3049810943480789e+00
-1.2360615712387080e+00
-1.1682513161573709e+00
-1.1004293689648679e+00
-1.0250042929982028e+00
-9.5178513113555407e-01
-8.8128568430488741e-01
-8.0990624022161939e-01
-7.3641781983579468e-01
-6.5748923091467293e-01
-5.8796247782157862e-01
-5.2093804786493980e-01
-4.5751491467927458e-01
-3.9050122330186299e-01
-3.3593413154993529e-01
-2.8838569895134031e-01
-2.4677302297187056e-01
-2.0748561767194376e-01
-1.7773339898373003e-01
-1.5519012699138074e-01
-1.3747689038359759e-01
-1.2327423610126578e-01
-1.1452952624819017e-01
-1.0933700543091826e-01
-1.0666780787173066e-01
-1.0635137468388091e-01
-1.0764525609963846e-01
-1.0990115447544981e-01
-1.1299031219687833e-01
-1.1710440582386920e-01
-1.2073486954710887e-01
-1.2451674678858216e-01
-1.2840248234273163e-01
-1.3219011428333161e-01
-1.3540223594382134e-01
-1.3834155817394830e-01
-1.4124305492291511e-01
-1.4364528715507996e-01
-1.4568851610104078e-01
-1.4744903883089597e-01
-1.4911702811948796e-01
-1.5034255265893229e-01
-1.5126657580292605e-01
-1.5216975578239156e-01
-1.5281255003068528e-01
-1.5319839818651190e-01
-1.5350735446651861e-01
-1.5370694700708934e-01
-1.5369982356969344e-01
-1.5360292025615518e-01
-1.5350290416789822e-01
-1.5324507171960394e-01
-1.5291770326829524e-01
-1.5256541782196342e-01
-1.5213567217782084e-01
-1.5164423125861431e-01
-1.5116565256022005e-01
-1.5062262671146290e-01
-1.5005499301405295e-01
-1.4946166682164491e-01
-1.4883837724699442e-01
-1.4821524526624721e-01
-1.4757119536196844e-01
-1.4691999848585088e-01
-1.4628134375995056e-01
-1.4555291042458679e-01
-1.4490092582989711e-01
-1.4422314412551179e-01
-1.4350873796100616e-01
-1.4284992600781909e-01
-1.4214921813695769e-01
-1.4142704563591582e-01
-1.4075646266229952e-01
-1.4002993387948795e-01
-1.3934441443875500e-01
-1.3868602216912923e-01
-1.3792321579976208e-01
-1.3727461584491599e-01
-1.3659326763085103e-01
-1.3582028324080211e-01
-1.3522360982658621e-01
-1.3450133770517575e-01
-1.3379376488641664e-01
-1.3318878712248111e-01
-1.3240642493956983e-01
-1.3178426440369526e-01
-1.3114095715506416e-01
-1.3039831808867916e-01
-1.2980433941790923e-01
-1.2910018224450601e-01
-1.2842861289382973e-01
-1.2782582886243971e-01
-1.2710925856282773e-01
-1.2650827090952893e-01
-1.2584194180586558e-01
-1.2520129806579675e-01
-1.2456810271052027e-01
-1.2390924735133674e-01
-1.2332217570371469e-01
-1.2262876625910203e-01
-1.2207190928178670e-01
-1.2141732839788777e-01
-1.2078711431272660e-01
-1.2025004770215832e-01
-1.1953530212779882e-01
-1.1902990642318348e-01
-1.1837401323120247e-01
-1.1780340807824750e-01
-1.1723458454235902e-01
-1.1663061499854785e-01
-1.1607337572354168e-01
-1.1549282607148877e-01
-1.1497013502862573e-01
-1.1436179076015672e-01
-1.1389235404324460e-01
-1.1329228370478389e-01
-1.1281463931638964e-01
-1.1228201211701420e-01
-1.1178508487472801e-01
-1.1131207665551053e-01
-1.1084213039761294e-01
-1.1039773579366398e-01
-1.0997286913928439e-01
-1.0958009305060376e-01
-1.0916947364048404e-01
-1.0889302063661176e-01
-1.0850274285255301e-01
-1.0832242569319640e-01
-1.0803333190941493e-01
-1.0792005119013370e-01
-1.0777420814188236e-01
-1.0778005755555549e-01
-1.0776259959662179e-01
-1.0796020204386275e-01
-1.0811419517323677e-01
-1.0852167569077997e-01
-1.0892364131714097e-01
-1.0957290930986582e-01
-1.1027647355289465e-01
-1.1124012002460709e-01
-1.1228609049855326e-01
-1.1365276318379577e-01
-1.1510090969659377e-01
-1.1689959536624617e-01
-1.1886829919791991e-01
-1.2113194364200529e-01
-1.2367642771848619e-01
-1.2648489165075621e-01
-1.2962320150335610e-01
-1.3306037815772098e-01
-1.3684551394993771e-01
-1.4095254309562807e-01
-1.4545676658667600e-01
-1.5027408422378230e-01
-1.5555288188220576e-01
-1.6117060479651371e-01
-1.6727939978227793e-01
-1.7381594432199771e-01
-1.8084976405415604e-01
-1.8845166416803258e-01
-1.9659060387023447e-01
-2.0545725642233476e-01
-2.1500129948497546e-01
-2.2544972154803863e-01
-2.3688158951663296e-01
-2.4948099186071118e-01
-2.6351990292719291e-01
-2.7926241673137958e-01
-2.9720627325021270e-01
-3.1784181548257101e-01
-3.4208061131762313e-01
-3.7103540183191297e-01
-4.0646027008504426e-01
-4.5109305478068701e-01
-5.0929098798996564e-01
-5.8892914669961494e-01
-7.0509065095573786e-01
-8.9185557917514424e-01
-1.2463313281154338e+00
-2.2046594812023912e+00
0.0000000000000000e+00
6.8257658901162843e-01
0.0000000000000000e+00
0.0000000000000000e+00
];
