%Vec Object:sol 1 MPI processes
%  type: mpi
sol = [
0.0000000000000000e+00
-1.6728266119011546e-02
-6.9603747444815286e-03
-4.3551115611454297e-03
-3.1007212787747475e-03
-2.3251562246228456e-03
-2.4846582385863338e+00
-2.3017892819539112e+00
-2.1671291340444592e+00
-2.0438859701636201e+00
-1.9289602560238281e+00
-1.8294151680106963e+00
-1.7389269774061484e+00
-1.6509269229240873e+00
-1.5642905177583879e+00
-1.4908584622297953e+00
-1.4194099187974585e+00
-1.3506354828891614e+00
-1.2833020087554226e+00
-1.2136154029700366e+00
-1.1492681121372701e+00
-1.0858343655428420e+00
-1.0222858064581599e+00
-9.5155990494649179e-01
-8.8274891952117673e-01
-8.1638266322522823e-01
-7.4912286379115656e-01
-6.7978488254777270e-01
-6.0517384191324497e-01
-5.3942512943284504e-01
-4.7597061974252947e-01
-4.1587258970019586e-01
-3.5232894576185048e-01
-3.0056798921862576e-01
-2.5544726013542024e-01
-2.1595377439926697e-01
-1.7867404511619825e-01
-1.5044778961302605e-01
-1.2907226162835433e-01
-1.1230877006850327e-01
-9.8897210212456968e-02
-9.0679274551755618e-02
-8.5850780560997236e-02
-8.3430789941992350e-02
-8.3265796345060872e-02
-8.4635398035696377e-02
-8.6925593850505578e-02
-9.0014471280941477e-02
-9.4111651480968464e-02
-9.7731918530561623e-02
-1.0149682560914582e-01
-1.0537661060049143e-01
-1.0917396506233508e-01
-1.1240843967664370e-01
-1.1538937358087982e-01
-1.1835625784649115e-01
-1.2083390634869702e-01
-1.2296507963575935e-01
-1.2483522461162232e-01
-1.2663072382078625e-01
-1.2798856525922384e-01
-1.2906044557465005e-01
-1.3013869995844088e-01
-1.3094778485763106e-01
-1.3151229641200685e-01
-1.3201926641348893e-01
-1.3242597251047691e-01
-1.3262617456520417e-01
-1.3275055914033246e-01
-1.3288770228989835e-01
-1.3285975982855300e-01
-1.3276912017310280e-01
-1.3269018547210493e-01
-1.3251413246573215e-01
-1.3228258973595894e-01
-1.3210188551403768e-01
-1.3183442550200822e-01
-1.3154976569761184e-01
-1.3128389050532713e-01
-1.3096229419960639e-01
-1.3065129671241810e-01
-1.3035595080267998e-01
-1.3003310486991970e-01
-1.2973286841918708e-01
-1.2938422552731871e-01
-1.2908833729364566e-01
-1.2878020112129931e-01
-1.2846586668447785e-01
-1.2818889119206714e-01
-1.2788897338076963e-01
-1.2759012773717879e-01
-1.2732687677302332e-01
-1.2703244175229914e-01
-1.2678293563631057e-01
-1.2655211823958071e-01
-1.2625045681501224e-01
-1.2605002342394470e-01
-1.2581586212648338e-01
-1.2552462417541729e-01
-1.2537820514013204e-01
-1.2536650382743333e-01
-1.2568391310459406e-01
-1.2616333123479331e-01
-1.2658883229290036e-01
-1.2723956723171564e-01
-1.2796523597124823e-01
-1.2871684249060181e-01
-1.2968290989634593e-01
-1.3067164376755122e-01
-1.3178722869256948e-01
-1.3305594541274335e-01
-1.3435310830456282e-01
-1.3582684404343581e-01
-1.3736160335880987e-01
-1.3900712518120598e-01
-1.4074867499239746e-01
-1.4256866004295651e-01
-1.4451523113663739e-01
-1.4647365667692974e-01
-1.4859880152966920e-01
-1.5072105398712171e-01
-1.5292543518835858e-01
-1.5524746376953788e-01
-1.5750173362495051e-01
-1.5993588823179730e-01
-1.6231573208076155e-01
-1.6477678884913546e-01
-1.6727139612441841e-01
-1.6976120720139554e-01
-1.7229615502557138e-01
-1.7483417635909465e-01
-1.7740838912077042e-01
-1.7994218617846963e-01
-1.8255307221920189e-01
-1.8508621145674475e-01
-1.8768046594667098e-01
-1.9023412618645980e-01
-1.9279818825471917e-01
-1.9535482648596486e-01
-1.9790310931624669e-01
-2.0043807304315420e-01
-2.0296848353322522e-01
-2.0548591846426204e-01
-2.0797021240502669e-01
-2.1050195733464774e-01
-2.1293818469347373e-01
-2.1545948722429303e-01
-2.1788611827233406e-01
-2.2037064688819843e-01
-2.2279988942661122e-01
-2.2526451874348782e-01
-2.2767478030070484e-01
-2.3015237789861800e-01
-2.3255700651406644e-01
-2.3504301176261019e-01
-2.3746968425178364e-01
-2.3997015876654687e-01
-2.4243168808371798e-01
-2.4497022921796865e-01
-2.4747944588960094e-01
-2.5009932465843610e-01
-2.5268336342820397e-01
-2.5539043895296415e-01
-2.5811969832243831e-01
-2.6093414026776851e-01
-2.6384564153323203e-01
-2.6682567584714273e-01
-2.6994037647759039e-01
-2.7316549100973886e-01
-2.7655144238148111e-01
-2.8008156696610387e-01
-2.8382976612222810e-01
-2.8774446075684634e-01
-2.9195169025993328e-01
-2.9638119772689525e-01
-3.0116046541289199e-01
-3.0627283912692310e-01
-3.1178687754044437e-01
-3.1779711773359193e-01
-3.2430079354430230e-01
-3.3148869906537648e-01
-3.3935659000511087e-01
-3.4812721050155726e-01
-3.5791778099007016e-01
-3.6892205095622083e-01
-3.8143575664469159e-01
-3.9573952518391614e-01
-4.1234154082862728e-01
-4.3174783712475329e-01
-4.5486554231648219e-01
-4.8280670591183106e-01
-5.1729756129506022e-01
-5.6103773505679344e-01
-6.1831074572825351e-01
-6.9687686656309511e-01
-8.1164511345160384e-01
-9.9643587561662683e-01
-1.3479348096903656e+00
-2.3008395978358092e+00
0.0000000000000000e+00
6.5441033777036228e-01
0.0000000000000000e+00
0.0000000000000000e+00
];
