%Vec Object:sol 1 MPI processes
%  type: mpi
sol = [
0.0000000000000000e+00
-1.9583215581290149e-02
-8.0884803340111056e-03
-5.0230826367393599e-03
-3.5661214878427235e-03
-2.6759417989346427e-03
-2.1256027970649074e-03
-1.7525747438194410e-03
-1.4717721749023804e-03
-1.2632456940757815e-03
-1.1033891500156481e-03
-9.7319791950215841e-04
-8.6772069580581118e-04
-7.8124250774152788e-04
-7.0831277966683338e-04
-6.4598728314902028e-04
-5.9280745264430397e-04
-5.4691849100845403e-04
-8.1010433363862717e-03
-1.4894804143213276e+00
-1.5316181698790599e+00
-1.4498829320068387e+00
-1.3674710670509513e+00
-1.2759876343794649e+00
-1.1877043014069475e+00
-1.1030803943558609e+00
-1.0176227819425399e+00
-9.2995095964493857e-01
-8.3626790392518036e-01
-7.5383035670755205e-01
-6.7460678381763717e-01
-5.9982374483127898e-01
-5.2095763207309032e-01
-4.5681093196450834e-01
-4.0098117041983833e-01
-3.5214692342275333e-01
-3.0602737706070582e-01
-2.7109573654327135e-01
-2.4460170547430163e-01
-2.2368502994752973e-01
-2.0682405767685721e-01
-1.9631845904381373e-01
-1.8991393519437441e-01
-1.8641758532003147e-01
-1.8560008243796786e-01
-1.8664644033787395e-01
-1.8879425810913075e-01
-1.9189252697483061e-01
-1.9607113285609726e-01
-1.9974801905371972e-01
-2.0360238165558495e-01
-2.0752620969688837e-01
-2.1130212551156582e-01
-2.1446514846147777e-01
-2.1729556160478714e-01
-2.2001133818512122e-01
-2.2220032361410808e-01
-2.2399500718098797e-01
-2.2544075269819527e-01
-2.2673966482917501e-01
-2.2758969651827765e-01
-2.2809608837711717e-01
-2.2849758668903208e-01
-2.2868085049437545e-01
-2.2857878100021728e-01
-2.2834664110387409e-01
-2.2798825603728437e-01
-2.2743992649460465e-01
-2.2677110880107845e-01
-2.2606164430649223e-01
-2.2524078026672667e-01
-2.2434789831027985e-01
-2.2332532873230501e-01
-2.2231778316043632e-01
-2.2125203400134186e-01
-2.2009268096514553e-01
-2.1897480970489444e-01
-2.1783449862049786e-01
-2.1654365612133147e-01
-2.1534385780295062e-01
-2.1413787962187414e-01
-2.1281602911705971e-01
-2.1159150304663435e-01
-2.1037537947642954e-01
-2.0896288863956491e-01
-2.0773988063195367e-01
-2.0647725269505532e-01
-2.0510709837021041e-01
-2.0388673556094400e-01
-2.0259197755651245e-01
-2.0122957214969564e-01
-2.0000226390129525e-01
-1.9866504018387232e-01
-1.9737872818754176e-01
-1.9617313829088406e-01
-1.9477978047576242e-01
-1.9355439262842500e-01
-1.9232440054015484e-01
-1.9090903341560403e-01
-1.8977153369463934e-01
-1.8848023579542478e-01
-1.8716778794282041e-01
-1.8602925056065756e-01
-1.8463011381743191e-01
-1.8345564197990721e-01
-1.8226642480987373e-01
-1.8091817976242797e-01
-1.7980036942540037e-01
-1.7850116986497214e-01
-1.7726936706314406e-01
-1.7613982676989884e-01
-1.7480905260453139e-01
-1.7370045537501078e-01
-1.7244573855980072e-01
-1.7126005670305589e-01
-1.7008585057194933e-01
-1.6884167375385750e-01
-1.6774468324388853e-01
-1.6645410058084611e-01
-1.6537575917121161e-01
-1.6416560975151090e-01
-1.6297170058901655e-01
-1.6191255725074077e-01
-1.6060074522536180e-01
-1.5959216040906490e-01
-1.5833877077287614e-01
-1.5725479373613341e-01
-1.5610568438648156e-01
-1.5495107299519342e-01
-1.5384648009360952e-01
-1.5267912013849569e-01
-1.5163396274933538e-01
-1.5040147079412211e-01
-1.4941371633435779e-01
-1.4818330137891897e-01
-1.4715434093915392e-01
-1.4600659794260970e-01
-1.4491539258310931e-01
-1.4382799412540334e-01
-1.4272337870675891e-01
-1.4165246451852212e-01
-1.4054131344510740e-01
-1.3949360629585081e-01
-1.3834191388062447e-01
-1.3736563399236718e-01
-1.3616743533950459e-01
-1.3522308428852020e-01
-1.3403929040584339e-01
-1.3308178430861531e-01
-1.3191465808441022e-01
-1.3095881238803089e-01
-1.2977695452893298e-01
-1.2885782321419537e-01
-1.2766229001674834e-01
-1.2674753934465116e-01
-1.2557766107114199e-01
-1.2464344125928707e-01
-1.2349194221008834e-01
-1.2254779784647743e-01
-1.2139773861821750e-01
-1.2047317251257907e-01
-1.1932053363991306e-01
-1.1837876255141241e-01
-1.1728105190891085e-01
-1.1628507587291213e-01
-1.1524535916103290e-01
-1.1420954645017059e-01
-1.1318730361514252e-01
-1.1214442855464002e-01
-1.1114004605746559e-01
-1.1007413157223456e-01
-1.0911681715891793e-01
-1.0799579228810713e-01
-1.0707190514997579e-01
-1.0595067823228534e-01
-1.0499867402510715e-01
-1.0393499108408530e-01
-1.0291210442488059e-01
-1.0192538339479172e-01
-1.0083118297193451e-01
-9.9900375239284384e-02
-9.8767339935310394e-02
-9.7813053576541867e-02
-9.6755610320578445e-02
-9.5735849628076047e-02
-9.4732727871405839e-02
-9.3658006076198744e-02
-9.2706101912648123e-02
-9.1578475199984008e-02
-9.0608455503801491e-02
-8.9552577338124287e-02
-8.8509493530119568e-02
-8.7527563250480903e-02
-8.6405012160287592e-02
-8.5427794367008245e-02
-8.4386203703216395e-02
-8.3357799890030296e-02
-8.2461017876379689e-02
-8.1857808005477400e-02
0.0000000000000000e+00
7.7669521676358844e-01
0.0000000000000000e+00
0.0000000000000000e+00
];
