%Vec Object:sol 1 MPI processes
%  type: mpi
sol = [
0.0000000000000000e+00
-1.6880176432581905e-02
-7.0308030465271905e-03
-4.4102181701892989e-03
-3.1455072541153291e-03
-2.3582697819079720e-03
-1.8708518591925636e-03
-2.3418149961141297e+00
-2.2524512467208626e+00
-2.1246042155083091e+00
-2.0049895153941888e+00
-1.9015596968910642e+00
-1.8075765234643328e+00
-1.7160568449415634e+00
-1.6259443549975741e+00
-1.5496753193674146e+00
-1.4754145535683507e+00
-1.4039189158922767e+00
-1.3340327121373241e+00
-1.2616915706848029e+00
-1.1949383944079046e+00
-1.1292017512146906e+00
-1.0634045569402375e+00
-9.9020597360932849e-01
-9.1907542804964582e-01
-8.5053430781346651e-01
-7.8110677222220759e-01
-7.0958485092628043e-01
-6.3270193827255172e-01
-5.6496523999439330e-01
-4.9963219595614189e-01
-4.3778409023870790e-01
-3.7241371278449120e-01
-3.1917481402373726e-01
-2.7277457066864530e-01
-2.3216315074674423e-01
-1.9382300807630010e-01
-1.6478890593136186e-01
-1.4279339896050894e-01
-1.2552431304088985e-01
-1.1169022961523865e-01
-1.0318966351392823e-01
-9.8165184172546244e-02
-9.5610668979237770e-02
-9.5363707128697323e-02
-9.6691906060736771e-02
-9.8962788460828732e-02
-1.0205068184301881e-01
-1.0615582991931230e-01
-1.0977985638400889e-01
-1.1355168291564194e-01
-1.1743213637257643e-01
-1.2122139216247753e-01
-1.2444032077700828e-01
-1.2739474260490621e-01
-1.3032198869407544e-01
-1.3275378682400191e-01
-1.3483147577757279e-01
-1.3663564145059101e-01
-1.3835485779319778e-01
-1.3963251010787017e-01
-1.4061451234178776e-01
-1.4158733410362473e-01
-1.4229393767338891e-01
-1.4274754513538601e-01
-1.4313164924795238e-01
-1.4340874806027309e-01
-1.4347682733796271e-01
-1.4345940839589486e-01
-1.4344410726220092e-01
-1.4326458683148457e-01
-1.4301591026601473e-01
-1.4275688256698352e-01
-1.4240761928749318e-01
-1.4199622846346233e-01
-1.4161251807859257e-01
-1.4114974173615985e-01
-1.4066212993928962e-01
-1.4016621575645394e-01
-1.3962365557946999e-01
-1.3908223217659102e-01
-1.3853316924072975e-01
-1.3796260370646427e-01
-1.3740529016508343e-01
-1.3677313458435197e-01
-1.3620192307671780e-01
-1.3560701527071253e-01
-1.3498551979161053e-01
-1.3440677891420993e-01
-1.3379089154905102e-01
-1.3316020916398774e-01
-1.3256981725834638e-01
-1.3193125463485936e-01
-1.3133265369605887e-01
-1.3075410196150916e-01
-1.3008310116546268e-01
-1.2951923282374028e-01
-1.2891916562655659e-01
-1.2824095998304746e-01
-1.2772541735560999e-01
-1.2709166268730474e-01
-1.2648230158526841e-01
-1.2596817699446863e-01
-1.2529138855709632e-01
-1.2476926461031763e-01
-1.2422923150950783e-01
-1.2360309391191755e-01
-1.2311958380255429e-01
-1.2254238368629446e-01
-1.2200038391422102e-01
-1.2153081402894109e-01
-1.2096985053060028e-01
-1.2052067176457068e-01
-1.2003049490364827e-01
-1.1957487716870500e-01
-1.1914295248969074e-01
-1.1871102423962503e-01
-1.1836187014270852e-01
-1.1794424744411830e-01
-1.1767938904983115e-01
-1.1735428904172436e-01
-1.1708989382215916e-01
-1.1695076325418356e-01
-1.1669241930580347e-01
-1.1667470518381466e-01
-1.1657767150830572e-01
-1.1661232899746278e-01
-1.1672216193762210e-01
-1.1686654944906047e-01
-1.1713192551992367e-01
-1.1746405528151094e-01
-1.1793161849004614e-01
-1.1842724796730275e-01
-1.1913906636222688e-01
-1.1984994776916467e-01
-1.2077304380322049e-01
-1.2176750817195751e-01
-1.2290994458604329e-01
-1.2419279293054458e-01
-1.2560335331533751e-01
-1.2715418491895120e-01
-1.2884877296332381e-01
-1.3068492177639096e-01
-1.3263063601862604e-01
-1.3479432544858333e-01
-1.3698359569822702e-01
-1.3943748271119974e-01
-1.4191246346217323e-01
-1.4460793124891733e-01
-1.4737043254649732e-01
-1.5031423920541101e-01
-1.5331507765851823e-01
-1.5652332121153434e-01
-1.5975290892346855e-01
-1.6319260583916173e-01
-1.6665637269779401e-01
-1.7030044777223616e-01
-1.7398012531463572e-01
-1.7782131234190815e-01
-1.8168782536933489e-01
-1.8573021458013317e-01
-1.8976633888846439e-01
-1.9396816239428999e-01
-1.9820175696863312e-01
-2.0253253975245261e-01
-2.0695317995601153e-01
-2.1142788603730309e-01
-2.1601197546229120e-01
-2.2067200353996874e-01
-2.2545160521461741e-01
-2.3032833285269902e-01
-2.3537352153944247e-01
-2.4052810015161613e-01
-2.4592408282032402e-01
-2.5148149671155279e-01
-2.5733701870322340e-01
-2.6346685429670064e-01
-2.6994417111511004e-01
-2.7686240215002550e-01
-2.8421675439764649e-01
-2.9220301364591417e-01
-3.0081053854361955e-01
-3.1026869746058922e-01
-3.2069060502489621e-01
-3.3227370894220076e-01
-3.4531418384230200e-01
-3.6009516389175761e-01
-3.7712984475436284e-01
-3.9692783903153545e-01
-4.2040579969774045e-01
-4.4868425031760256e-01
-4.8350458625579973e-01
-5.2758338608188426e-01
-5.8522727121853069e-01
-6.6422532209049601e-01
-7.7952095084871442e-01
-9.6497465701131280e-01
-1.3173378410845291e+00
-2.2718039159276873e+00
0.0000000000000000e+00
6.6656118547950616e-01
0.0000000000000000e+00
0.0000000000000000e+00
];
