%Vec Object:sol 1 MPI processes
%  type: mpi
sol = [
0.0000000000000000e+00
-1.8550695962655305e-02
-7.7067311315634681e-03
-4.8284328448338007e-03
-3.4463296100280391e-03
-2.5864347804735129e-03
-2.0543695286564883e-03
-1.6937068044012217e-03
-1.4232736972601882e-03
-1.2223856144819945e-03
-1.0683300370512845e-03
-9.4297525876281530e-04
-8.4141549948494828e-04
-7.5813338562960694e-04
-3.4018328427906984e-03
-1.8136794606233513e+00
-1.7752876379567792e+00
-1.6893289650048253e+00
-1.6057696009156521e+00
-1.5192095404225139e+00
-1.4395693288416940e+00
-1.3614973078037409e+00
-1.2836553864527194e+00
-1.1972119819139018e+00
-1.1136568058852307e+00
-1.0334661149383251e+00
-9.5242718924988679e-01
-8.6920708346182585e-01
-7.8015498461886434e-01
-7.0176972430045503e-01
-6.2637507356838451e-01
-5.5515754686168506e-01
-4.8001153106005601e-01
-4.1887156453202340e-01
-3.6564104803902797e-01
-3.1907342180141957e-01
-2.7509826633938106e-01
-2.4179228087163016e-01
-2.1653826678185151e-01
-1.9662704821443758e-01
-1.8060043678463175e-01
-1.7064752490024732e-01
-1.6462341036612349e-01
-1.6138667769300907e-01
-1.6072644532468136e-01
-1.6185049380505478e-01
-1.6403223549347221e-01
-1.6712764550584891e-01
-1.7128600387104911e-01
-1.7494832022380413e-01
-1.7877993252984958e-01
-1.8269180492512349e-01
-1.8647139837274437e-01
-1.8964983209588848e-01
-1.9251442854171805e-01
-1.9528849694276115e-01
-1.9754441389203498e-01
-1.9941710805174279e-01
-2.0096165220082324e-01
-2.0237640596754275e-01
-2.0334429295908829e-01
-2.0398176601826334e-01
-2.0454072625136585e-01
-2.0486822204741656e-01
-2.0491929437482387e-01
-2.0485698733434163e-01
-2.0467373366008210e-01
-2.0429527146752824e-01
-2.0380595946626498e-01
-2.0328778139109979e-01
-2.0264363501390009e-01
-2.0192824971081291e-01
-2.0111606093358395e-01
-2.0028986832566145e-01
-1.9940437619950602e-01
-1.9845869649799508e-01
-1.9752125086792890e-01
-1.9656068493862763e-01
-1.9548877053813787e-01
-1.9446991991242457e-01
-1.9344687854761058e-01
-1.9233776800762806e-01
-1.9129319166720360e-01
-1.9025831712951990e-01
-1.8906053009580728e-01
-1.8801674810385732e-01
-1.8693768472301228e-01
-1.8577334880127730e-01
-1.8472923887234927e-01
-1.8362093423181905e-01
-1.8245947748342106e-01
-1.8140690652866601e-01
-1.8026135295631029e-01
-1.7916360220773397e-01
-1.7812975087105687e-01
-1.7693429260050492e-01
-1.7588992846176829e-01
-1.7483212521544358e-01
-1.7361836699650057e-01
-1.7265059929272494e-01
-1.7153787729232844e-01
-1.7041524693931176e-01
-1.6944413610392542e-01
-1.6823853508643744e-01
-1.6723735538123358e-01
-1.6621940800605595e-01
-1.6506115318186565e-01
-1.6410764823335447e-01
-1.6299508143440050e-01
-1.6193895841180800e-01
-1.6097455828542753e-01
-1.5983633059763805e-01
-1.5888677714630603e-01
-1.5781640083328632e-01
-1.5680138602162241e-01
-1.5579650327295760e-01
-1.5473546114142858e-01
-1.5379782716126691e-01
-1.5269384891201632e-01
-1.5177820039360426e-01
-1.5074124769978012e-01
-1.4972286148113004e-01
-1.4882592002678863e-01
-1.4769951482702903e-01
-1.4684652170896384e-01
-1.4577786595877490e-01
-1.4485170966456007e-01
-1.4388081852161577e-01
-1.4289438856349146e-01
-1.4195611440032740e-01
-1.4096645163194199e-01
-1.4007764836902223e-01
-1.3903201298562864e-01
-1.3819635590638610e-01
-1.3715123373945365e-01
-1.3628062950239508e-01
-1.3530863643828667e-01
-1.3438362244391802e-01
-1.3346523892670895e-01
-1.3253183682572733e-01
-1.3162481207819673e-01
-1.3069070621727169e-01
-1.2980372858020733e-01
-1.2883211450882301e-01
-1.2801455994022048e-01
-1.2699826198860814e-01
-1.2621111649271513e-01
-1.2521116865477722e-01
-1.2440685835733707e-01
-1.2343003514541984e-01
-1.2262603902016032e-01
-1.2163538231548900e-01
-1.2086747745243118e-01
-1.1986436728629175e-01
-1.1910194604620905e-01
-1.1812259142999441e-01
-1.1734250283154264e-01
-1.1638146045007444e-01
-1.1559510060143596e-01
-1.1463370741162854e-01
-1.1387041200601696e-01
-1.1290408206308733e-01
-1.1212646693375064e-01
-1.1121445887598970e-01
-1.1038580122682932e-01
-1.0952913078294330e-01
-1.0866668808430131e-01
-1.0782381896342931e-01
-1.0696096463384901e-01
-1.0613141379316159e-01
-1.0525263522062478e-01
-1.0446437783861487e-01
-1.0354001083612117e-01
-1.0278168458819746e-01
-1.0185754487099878e-01
-1.0107700431996945e-01
-1.0020458632371736e-01
-9.9363547771176064e-02
-9.8560686611630657e-02
-9.7659274912666294e-02
-9.6903487796329679e-02
-9.5975917474361447e-02
-9.5196234847429811e-02
-9.4339188956232098e-02
-9.3505324656455516e-02
-9.2692067409668663e-02
-9.1817880585888759e-02
-9.1046883119174152e-02
-9.0132125165129542e-02
-8.9346977814178191e-02
-8.8491702206898865e-02
-8.7649137519524051e-02
-8.6855922868631003e-02
-8.5951293146554947e-02
-8.5163657258373132e-02
-8.4326585984513008e-02
-8.3504672074007025e-02
-8.2790870462792002e-02
-8.2364537316949871e-02
0.0000000000000000e+00
7.4399020856118170e-01
0.0000000000000000e+00
0.0000000000000000e+00
];
