%Vec Object:sol 1 MPI processes
%  type: mpi
sol = [
0.0000000000000000e+00
-2.4959250536537352e-02
-9.9301274688335852e-03
-5.8345929862443965e-03
-4.0205823019245435e-03
-3.0216099217487890e-03
-2.4071491252820381e-03
-1.9909156083265322e-03
-1.6696718977528466e-03
-1.4314131568991873e-03
-1.2490453698921458e-03
-1.0997986106024025e-03
-9.7884736794937358e-04
-8.7975365701746240e-04
-7.9615414803568525e-04
-7.2467463581571173e-04
-6.6371380591311198e-04
-6.1102194625117063e-04
-5.6451539641997272e-04
-5.2378400575488649e-04
-4.8787179722719579e-04
-4.5558738652430906e-04
-4.2673066062838116e-04
-4.0084638226385084e-04
-3.7735957692042296e-04
-3.5600345782129788e-04
-3.3659557452523947e-04
-3.1884054355595337e-04
-3.0249234006361346e-04
-2.8748260419293373e-04
-2.7365297433575920e-04
-2.6079672400541057e-04
-2.4889519235302181e-04
-2.3785183425593660e-04
-2.2752617068725386e-04
-2.1789345456658401e-04
-2.0889772848159884e-04
-2.0045260879785991e-04
-1.9252095004999503e-04
-1.8507359316399327e-04
-1.7805602557163905e-04
-1.7142879946069274e-04
-1.6517736586473832e-04
-1.5926659070644277e-04
-1.5365904815634713e-04
-1.4834824999123187e-04
-1.4331112265187756e-04
-1.3851399040818552e-04
-1.3395477791283361e-04
-1.2961717243496846e-04
-1.2547453851398334e-04
-1.2152464605435945e-04
-1.1775682729147517e-04
-1.1415525957343822e-04
-1.1072736006350046e-04
-1.0750894986423025e-04
-1.0464089719114123e-04
-1.0267017895895079e-04
-1.0357063972589659e-04
-1.1467529613693795e-04
-1.6546838839151881e-04
-3.7506464185679334e-04
-1.1490426634411296e-03
-3.7598900674671218e-03
-1.1973183048199403e-02
-3.4700344101405864e-02
-8.2591150326110516e-02
-1.4822324115120067e-01
-2.0609560499485810e-01
-2.4394088774588452e-01
-2.6578349445653959e-01
-2.7757891580821370e-01
-2.8340873729151578e-01
-2.8608912527397523e-01
-2.8687713719372304e-01
-2.8643349767435000e-01
-2.8554596947610439e-01
-2.8430058459217256e-01
-2.8258854117471727e-01
-2.8097540677109889e-01
-2.7928476420922371e-01
-2.7734655724878771e-01
-2.7558687233000106e-01
-2.7381834294718693e-01
-2.7174016321411171e-01
-2.6995874905004541e-01
-2.6812123900319773e-01
-2.6610432227605663e-01
-2.6432946308368893e-01
-2.6244740603081462e-01
-2.6045158955646586e-01
-2.5867333822002808e-01
-2.5673160151012281e-01
-2.5485049644150548e-01
-2.5310313611724372e-01
-2.5108543037387532e-01
-2.4928891880764481e-01
-2.4751566459772073e-01
-2.4546420084544324e-01
-2.4379117617672666e-01
-2.4193644542262568e-01
-2.4002509285951673e-01
-2.3835829676834636e-01
-2.3634852108844612e-01
-2.3462728188943280e-01
-2.3289767776440529e-01
-2.3094997909780041e-01
-2.2931375529370746e-01
-2.2742569518840056e-01
-2.2563959040703632e-01
-2.2398900247272382e-01
-2.2205070869447016e-01
-2.2044029895474984e-01
-2.1860395381117412e-01
-2.1687978585654927e-01
-2.1517133310617020e-01
-2.1334933245877619e-01
-2.1174954253181563e-01
-2.0987018837436305e-01
-2.0827852068021707e-01
-2.0652190343447627e-01
-2.0477418678411968e-01
-2.0320326632025990e-01
-2.0130646130584612e-01
-1.9980695566614354e-01
-1.9797069624471939e-01
-1.9638876529009008e-01
-1.9467734426941402e-01
-1.9299208903320958e-01
-1.9136272940306653e-01
-1.8963470160280332e-01
-1.8809621759949216e-01
-1.8627415819542922e-01
-1.8480650786848404e-01
-1.8299145941370307e-01
-1.8146285530146955e-01
-1.7976058818596088e-01
-1.7814501769329774e-01
-1.7652434516205159e-01
-1.7487951933567480e-01
-1.7329150286094125e-01
-1.7162174057834462e-01
-1.7006690118294979e-01
-1.6834702734730556e-01
-1.6686993868529901e-01
-1.6509780859431272e-01
-1.6365744376116478e-01
-1.6189358036780166e-01
-1.6045271182660373e-01
-1.5868514299897263e-01
-1.5725018226231507e-01
-1.5546504778052145e-01
-1.5406876726190391e-01
-1.5226610194499002e-01
-1.5087072170172230e-01
-1.4909970389606522e-01
-1.4767916924744920e-01
-1.4592674169429692e-01
-1.4448475529135230e-01
-1.4273941691393358e-01
-1.4130600878556301e-01
-1.3956552738107522e-01
-1.3810581021526866e-01
-1.3642216959886733e-01
-1.3489826877991870e-01
-1.3328100255972497e-01
-1.3169817026924199e-01
-1.3010996461736563e-01
-1.2849908474632249e-01
-1.2694306933366520e-01
-1.2528669906588794e-01
-1.2379597032123633e-01
-1.2205444449721217e-01
-1.2060817214485622e-01
-1.1886508749889323e-01
-1.1737207128163624e-01
-1.1570489804062431e-01
-1.1410823111076594e-01
-1.1254138021515495e-01
-1.1083887508458681e-01
-1.0935582129974121e-01
-1.0757447850122369e-01
-1.0606925296883535e-01
-1.0437948115251326e-01
-1.0277313775557891e-01
-1.0117090387783248e-01
-9.9463390448164893e-02
-9.7940609199698936e-02
-9.6141237066953572e-02
-9.4587774502338434e-02
-9.2898776482186030e-02
-9.1222767595092347e-02
-8.9645044848392946e-02
-8.7834366975719391e-02
-8.6258092836794448e-02
-8.4569594871450493e-02
-8.2886258064973531e-02
-8.1402535694670555e-02
-8.0190631751098237e-02
0.0000000000000000e+00
8.9486549980484142e-01
0.0000000000000000e+00
0.0000000000000000e+00
];
